75;3.71724e+07;1.7647;0.8787;0.1176;0.0037
76;3.71724e+07;3.15493;0.932525;0.220935;0.00695119
77;3.71724e+07;4.51377;1.10619;0.3306;0.0104015
78;3.71724e+07;6.05557;1.38231;0.460688;0.0144944
79;3.71724e+07;7.94449;1.76509;0.623248;0.019609
80;3.71724e+07;10.3372;2.27314;0.830823;0.0261398
81;3.71724e+07;13.4089;2.93706;1.09814;0.0345505
82;3.71724e+07;17.3731;3.79967;1.44354;0.0454176
83;3.71724e+07;22.4991;4.91798;1.89038;0.0594763
84;3.71723e+07;29.1327;6.3666;2.46874;0.0776729
85;3.71723e+07;37.7197;8.2425;3.21745;0.101229
86;3.71723e+07;48.8365;10.6714;4.18677;0.131727
87;3.71723e+07;63.229;13.8162;5.44172;0.171211
88;3.71723e+07;81.8629;17.8878;7.06651;0.222331
89;3.71722e+07;105.988;23.1594;9.17012;0.288516
90;3.71722e+07;137.223;29.9844;11.8937;0.374205
91;3.71722e+07;177.663;38.8209;15.4198;0.485148
92;3.71721e+07;230.02;50.2615;19.9852;0.628785
93;3.7172e+07;297.807;65.0736;25.8959;0.814752
94;3.71719e+07;385.57;84.2508;33.5486;1.05552
95;3.71717e+07;499.197;109.08;43.4565;1.36725
96;3.71715e+07;646.31;141.225;56.2842;1.77085
97;3.71713e+07;836.774;182.844;72.8923;2.29338
98;3.7171e+07;1083.37;236.728;94.3948;2.9699
99;3.71706e+07;1402.63;306.491;122.234;3.8458
100;3.717e+07;1815.97;396.812;158.277;4.97981
101;3.71693e+07;2351.1;513.75;204.942;6.44802
102;3.71684e+07;3043.93;665.148;265.359;8.34889
103;3.71672e+07;3940.9;861.159;343.581;10.8099
104;3.71657e+07;5102.15;1114.93;444.853;13.9962
105;3.71637e+07;6605.52;1443.47;575.969;18.1215
106;3.71612e+07;8551.78;1868.82;745.721;23.4623
107;3.71579e+07;11071.3;2419.49;965.494;30.3769
108;3.71536e+07;14333;3132.39;1250.03;39.3291
109;3.71481e+07;18555;4055.3;1618.4;50.9189
110;3.7141e+07;24020.1;5250.04;2095.3;65.9235
111;3.71317e+07;31093.6;6796.64;2712.7;85.3487
112;3.71197e+07;40248.1;8798.62;3511.99;110.496
113;3.71042e+07;52094.6;11389.9;4546.71;143.051
114;3.70841e+07;67422.1;14743.7;5886.16;185.194
115;3.70582e+07;87250;19084;7620.02;239.745
116;3.70246e+07;112893;24700.1;9864.29;310.356
117;3.69812e+07;146047;31966;12769;401.747
118;3.69251e+07;188892;41364.1;16528.2;520.021
119;3.68526e+07;244232;53516.9;21392.6;673.068
120;3.67589e+07;315662;69226;27686.2;871.081
121;3.66381e+07;407775;89522.6;35827.2;1127.22
122;3.64824e+07;526423;115730;46355.1;1458.45
123;3.6282e+07;679018;149544;59965;1886.65
124;3.60244e+07;874887;193127;77551.3;2439.97
125;3.56941e+07;1.12567e+06;249228;100263;3154.54
126;3.52717e+07;1.4457e+06;321320;129572;4076.68
127;3.47336e+07;1.85239e+06;413758;167360;5265.56
128;3.40513e+07;2.36636e+06;531951;216017;6796.47
129;3.31912e+07;3.01133e+06;682527;278575;8764.69
130;3.21155e+07;3.81331e+06;873466;358840;11290
131;3.07834e+07;4.7988e+06;1.11414e+06;461560;14521.9
132;2.91545e+07;5.99142e+06;1.41521e+06;592583;18644.2
133;2.71948e+07;7.40652e+06;1.78816e+06;759012;23880.5
134;2.48848e+07;9.04333e+06;2.24451e+06;969300;30496.7
135;2.2231e+07;1.08751e+07;2.79429e+06;1.23325e+06;38801.4
136;1.92789e+07;1.28386e+07;3.44389e+06;1.56186e+06;49140.2
137;1.61227e+07;1.48277e+07;4.19317e+06;1.96686e+06;61882.6
138;1.29079e+07;1.66947e+07;5.03238e+06;2.45998e+06;77397.4
139;9.81773e+06;1.82673e+07;5.9395e+06;3.05179e+06;96017.2
140;7.04227e+06;1.93823e+07;6.87954e+06;3.75027e+06;117993
141;4.73498e+06;1.99277e+07;7.80691e+06;4.55931e+06;143448
142;2.9733e+06;1.9878e+07;8.67136e+06;5.4774e+06;172333
143;1.74361e+06;1.93008e+07;9.42643e+06;6.49715e+06;204417
144;959025;1.83309e+07;1.00374e+07;7.6057e+06;239295
145;499077;1.71246e+07;1.04862e+07;8.7861e+06;276434
146;248768;1.58183e+07;1.07708e+07;1.00193e+07;315232
147;120478;1.45087e+07;1.09022e+07;1.12859e+07;355085
148;57521.4;1.32528e+07;1.08986e+07;1.2568e+07;395423
149;27440.2;1.20782e+07;1.07813e+07;1.38497e+07;435748
150;13229;1.09945e+07;1.05714e+07;1.51176e+07;475638
151;6503.85;1.00018e+07;1.02885e+07;1.63608e+07;514753
152;3282.56;9.09588e+06;9.94968e+06;1.75707e+07;552820
153;1708.65;8.27064e+06;9.5696e+06;1.87408e+07;589634
154;919.899;7.51963e+06;9.16061e+06;1.98662e+07;625042
155;513.007;6.8365e+06;8.73296e+06;2.09435e+07;658936
156;296.485;6.21528e+06;8.29509e+06;2.19705e+07;691248
157;177.518;5.65043e+06;7.85387e+06;2.2946e+07;721940
158;110.019;5.13687e+06;7.41482e+06;2.38696e+07;750999
159;70.4934;4.66997e+06;6.98234e+06;2.47416e+07;778434
160;46.6268;4.24549e+06;6.55988e+06;2.55627e+07;804268
161;31.7852;3.85959e+06;6.15008e+06;2.63341e+07;828540
162;22.2934;3.50877e+06;5.75492e+06;2.70574e+07;851295
163;16.06;3.18983e+06;5.37579e+06;2.77342e+07;872588
164;11.8629;2.89987e+06;5.01366e+06;2.83664e+07;892479
165;8.96985;2.63628e+06;4.6691e+06;2.8956e+07;911029
166;6.93166;2.39664e+06;4.34238e+06;2.9505e+07;928305
167;5.46612;2.17879e+06;4.0335e+06;3.00157e+07;944372
168;4.39216;1.98074e+06;3.74229e+06;3.04901e+07;959296
169;3.59118;1.80069e+06;3.4684e+06;3.09301e+07;973142
170;2.98397;1.63701e+06;3.21137e+06;3.1338e+07;985975
171;2.51666;1.4882e+06;2.97063e+06;3.17157e+07;997857
172;2.15195;1.35293e+06;2.74557e+06;3.2065e+07;1.00885e+06
173;1.86364;1.22995e+06;2.53552e+06;3.23879e+07;1.01901e+06
174;1.63299;1.11814e+06;2.33976e+06;3.26861e+07;1.02839e+06
175;1.44644;1.01651e+06;2.15759e+06;3.29612e+07;1.03705e+06
176;1.29404;924105;1.98827e+06;3.3215e+07;1.04503e+06
177;1.16836;840104;1.83109e+06;3.34488e+07;1.05239e+06
178;1.06384;763739;1.68535e+06;3.36641e+07;1.05916e+06
179;0.976224;694315;1.55034e+06;3.38623e+07;1.0654e+06
180;0.902254;631202;1.4254e+06;3.40447e+07;1.07113e+06
181;0.839388;573826;1.30987e+06;3.42123e+07;1.07641e+06
182;0.785635;521665;1.20315e+06;3.43663e+07;1.08125e+06
183;0.739417;474246;1.10462e+06;3.45078e+07;1.0857e+06
184;0.699476;431137;1.01374e+06;3.46377e+07;1.08979e+06
185;0.664796;391946;929965;3.47569e+07;1.09354e+06
186;0.634557;356319;852788;3.48663e+07;1.09698e+06
187;0.608086;323929;781734;3.49666e+07;1.10014e+06
188;0.58483;294484;716355;3.50585e+07;1.10303e+06
189;0.564333;267716;656230;3.51428e+07;1.10568e+06
190;0.546214;243380;600964;3.52199e+07;1.10811e+06
191;0.530151;221257;550191;3.52906e+07;1.11033e+06
192;0.515878;201145;503565;3.53553e+07;1.11237e+06
193;0.503165;182861;460767;3.54145e+07;1.11423e+06
194;0.491818;166239;421498;3.54687e+07;1.11594e+06
195;0.481673;151128;385481;3.55183e+07;1.1175e+06
196;0.472585;137390;352460;3.55636e+07;1.11892e+06
197;0.464432;124901;322195;3.56051e+07;1.12023e+06
198;0.457107;113548;294466;3.56429e+07;1.12142e+06
199;0.450519;103226;269069;3.56776e+07;1.12251e+06
200;0.444585;93843;245814;3.57092e+07;1.1235e+06
201;0.439235;85312.7;224527;3.57381e+07;1.12441e+06
202;0.434407;77557.8;205047;3.57645e+07;1.12524e+06
203;0.430046;70507.8;187225;3.57886e+07;1.126e+06
204;0.426105;64098.6;170924;3.58107e+07;1.1267e+06
205;0.422539;58272.1;156017;3.58308e+07;1.12733e+06
206;0.419311;52975.2;142389;3.58491e+07;1.12791e+06
207;0.416388;48159.7;129933;3.58659e+07;1.12843e+06
208;0.413739;43782;118550;3.58811e+07;1.12891e+06
209;0.411338;39802.2;108149;3.58951e+07;1.12935e+06
210;0.40916;36184.2;98648.9;3.59078e+07;1.12975e+06
211;0.407184;32895.1;89971.9;3.59194e+07;1.13012e+06
212;0.40539;29904.9;82048.5;3.593e+07;1.13045e+06
213;0.403761;27186.5;74814.4;3.59396e+07;1.13075e+06
214;0.402282;24715.3;68210.7;3.59484e+07;1.13103e+06
215;0.400939;22468.7;62183.3;3.59564e+07;1.13128e+06
216;0.399718;20426.3;56682.9;3.59638e+07;1.13151e+06
217;0.398609;18569.5;51664;3.59704e+07;1.13172e+06
218;0.3976;16881.6;47085.1;3.59765e+07;1.13191e+06
219;0.396684;15347;42908.2;3.5982e+07;1.13209e+06
220;0.39585;13952;39098.5;3.59871e+07;1.13225e+06
221;0.395092;12683.7;35624.1;3.59917e+07;1.13239e+06
222;0.394403;11530.8;32455.8;3.59959e+07;1.13252e+06
223;0.393777;10482.6;29567.1;3.59997e+07;1.13264e+06
224;0.393206;9529.77;26933.5;3.60032e+07;1.13275e+06
225;0.392688;8663.52;24532.7;3.60063e+07;1.13285e+06
226;0.392216;7876;22344.4;3.60092e+07;1.13294e+06
227;0.391787;7160.07;20350;3.60118e+07;1.13303e+06
228;0.391397;6509.22;18532.4;3.60142e+07;1.1331e+06
229;0.391041;5917.54;16876.1;3.60164e+07;1.13317e+06
230;0.390718;5379.63;15366.9;3.60184e+07;1.13323e+06
231;0.390424;4890.62;13991.9;3.60202e+07;1.13329e+06
232;0.390157;4446.07;12739.2;3.60219e+07;1.13334e+06
233;0.389913;4041.92;11598.1;3.60234e+07;1.13339e+06
234;0.389692;3674.51;10558.7;3.60247e+07;1.13343e+06
235;0.389491;3340.5;9611.93;3.6026e+07;1.13347e+06
236;0.389307;3036.85;8749.65;3.60271e+07;1.13351e+06
237;0.38914;2760.8;7964.37;3.60281e+07;1.13354e+06
238;0.388989;2509.84;7249.25;3.60291e+07;1.13357e+06
239;0.388851;2281.7;6598.06;3.60299e+07;1.13359e+06
240;0.388725;2074.29;6005.12;3.60307e+07;1.13362e+06
241;0.388611;1885.74;5465.25;3.60314e+07;1.13364e+06
242;0.388507;1714.32;4973.73;3.6032e+07;1.13366e+06
243;0.388412;1558.49;4526.25;3.60326e+07;1.13368e+06
244;0.388326;1416.82;4118.88;3.60332e+07;1.1337e+06
245;0.388248;1288.04;3748.05;3.60336e+07;1.13371e+06
246;0.388176;1170.95;3410.49;3.60341e+07;1.13373e+06
247;0.388112;1064.51;3103.24;3.60345e+07;1.13374e+06
248;0.388053;967.749;2823.58;3.60348e+07;1.13375e+06
249;0.387999;879.781;2569.05;3.60352e+07;1.13376e+06
250;0.38795;799.809;2337.4;3.60355e+07;1.13377e+06
251;0.387906;727.106;2126.57;3.60358e+07;1.13378e+06
252;0.387865;661.012;1934.71;3.6036e+07;1.13379e+06
253;0.387829;600.926;1760.12;3.60362e+07;1.13379e+06
254;0.387795;546.302;1601.24;3.60364e+07;1.1338e+06
255;0.387765;496.643;1456.67;3.60366e+07;1.13381e+06
256;0.387737;451.499;1325.12;3.60368e+07;1.13381e+06
257;0.387712;410.457;1205.42;3.6037e+07;1.13382e+06
258;0.387689;373.147;1096.52;3.60371e+07;1.13382e+06
259;0.387668;339.228;997.428;3.60372e+07;1.13382e+06
260;0.387649;308.392;907.276;3.60373e+07;1.13383e+06
261;0.387632;280.359;825.256;3.60374e+07;1.13383e+06
262;0.387616;254.875;750.637;3.60375e+07;1.13383e+06
263;0.387602;231.706;682.753;3.60376e+07;1.13384e+06
264;0.387589;210.644;620.997;3.60377e+07;1.13384e+06
265;0.387577;191.497;564.818;3.60378e+07;1.13384e+06
266;0.387567;174.09;513.713;3.60379e+07;1.13384e+06
267;0.387557;158.265;467.224;3.60379e+07;1.13385e+06
268;0.387548;143.879;424.936;3.6038e+07;1.13385e+06
269;0.38754;130.8;386.47;3.6038e+07;1.13385e+06
270;0.387533;118.91;351.481;3.60381e+07;1.13385e+06
271;0.387526;108.101;319.655;3.60381e+07;1.13385e+06
272;0.38752;98.2751;290.707;3.60381e+07;1.13385e+06
273;0.387514;89.3419;264.378;3.60382e+07;1.13385e+06
274;0.387509;81.2207;240.43;3.60382e+07;1.13386e+06
275;0.387505;73.8377;218.649;3.60382e+07;1.13386e+06
276;0.387501;67.1259;198.839;3.60383e+07;1.13386e+06
277;0.387497;61.0242;180.821;3.60383e+07;1.13386e+06
278;0.387493;55.4771;164.435;3.60383e+07;1.13386e+06
279;0.38749;50.4342;149.532;3.60383e+07;1.13386e+06
280;0.387488;45.8497;135.978;3.60383e+07;1.13386e+06
281;0.387485;41.682;123.651;3.60384e+07;1.13386e+06
282;0.387483;37.8931;112.441;3.60384e+07;1.13386e+06
283;0.38748;34.4486;102.247;3.60384e+07;1.13386e+06
284;0.387479;31.3172;92.9756;3.60384e+07;1.13386e+06
285;0.387477;28.4705;84.5444;3.60384e+07;1.13386e+06
286;0.387475;25.8825;76.8772;3.60384e+07;1.13386e+06
287;0.387474;23.5298;69.9047;3.60384e+07;1.13386e+06
288;0.387472;21.391;63.5641;3.60384e+07;1.13386e+06
289;0.387471;19.4465;57.7982;3.60384e+07;1.13386e+06
290;0.38747;17.6788;52.555;3.60384e+07;1.13386e+06
291;0.387469;16.0718;47.7871;3.60385e+07;1.13386e+06
292;0.387468;14.6109;43.4514;3.60385e+07;1.13386e+06
293;0.387467;13.2828;39.5089;3.60385e+07;1.13386e+06
294;0.387467;12.0754;35.9239;3.60385e+07;1.13386e+06
295;0.387466;10.9777;32.664;3.60385e+07;1.13386e+06
296;0.387465;9.97984;29.6997;3.60385e+07;1.13386e+06
297;0.387465;9.07268;27.0043;3.60385e+07;1.13386e+06
298;0.387464;8.24797;24.5534;3.60385e+07;1.13386e+06
299;0.387464;7.49823;22.3248;3.60385e+07;1.13386e+06
300;0.387463;6.81664;20.2984;3.60385e+07;1.13386e+06
301;0.387463;6.19701;18.4558;3.60385e+07;1.13386e+06
302;0.387463;5.6337;16.7804;3.60385e+07;1.13386e+06
303;0.387462;5.1216;15.2571;3.60385e+07;1.13386e+06
304;0.387462;4.65605;13.8719;3.60385e+07;1.13386e+06
305;0.387462;4.23281;12.6125;3.60385e+07;1.13386e+06
306;0.387461;3.84805;11.4674;3.60385e+07;1.13386e+06
307;0.387461;3.49826;10.4262;3.60385e+07;1.13386e+06
308;0.387461;3.18027;9.47947;3.60385e+07;1.13386e+06
309;0.387461;2.89118;8.6187;3.60385e+07;1.13386e+06
310;0.387461;2.62838;7.83606;3.60385e+07;1.13386e+06
311;0.387461;2.38946;7.12446;3.60385e+07;1.13386e+06
312;0.38746;2.17225;6.47747;3.60385e+07;1.13386e+06
313;0.38746;1.9748;5.88921;3.60385e+07;1.13386e+06
314;0.38746;1.79529;5.35436;3.60385e+07;1.13386e+06
315;0.38746;1.6321;4.86806;3.60385e+07;1.13386e+06
316;0.38746;1.48374;4.42593;3.60385e+07;1.13386e+06
317;0.38746;1.34887;4.02393;3.60385e+07;1.13386e+06
318;0.38746;1.22626;3.65844;3.60385e+07;1.13386e+06
319;0.38746;1.11479;3.32614;3.60385e+07;1.13386e+06
320;0.38746;1.01345;3.02401;3.60385e+07;1.13386e+06
321;0.38746;0.921331;2.74932;3.60385e+07;1.13386e+06
322;0.38746;0.837582;2.49958;3.60385e+07;1.13386e+06
323;0.38746;0.761446;2.27252;3.60385e+07;1.13386e+06
324;0.387459;0.692231;2.06608;3.60385e+07;1.13386e+06
325;0.387459;0.629307;1.87838;3.60385e+07;1.13386e+06
326;0.387459;0.572103;1.70774;3.60385e+07;1.13386e+06
327;0.387459;0.520099;1.5526;3.60385e+07;1.13386e+06
328;0.387459;0.472822;1.41154;3.60385e+07;1.13386e+06
329;0.387459;0.429843;1.2833;3.60385e+07;1.13386e+06
330;0.387459;0.39077;1.16671;3.60385e+07;1.13386e+06
331;0.387459;0.355249;1.06071;3.60385e+07;1.13386e+06
332;0.387459;0.322957;0.964338;3.60385e+07;1.13386e+06
333;0.387459;0.2936;0.87672;3.60385e+07;1.13386e+06
334;0.387459;0.266912;0.797062;3.60385e+07;1.13386e+06
335;0.387459;0.24265;0.724641;3.60385e+07;1.13386e+06
336;0.387459;0.220593;0.658799;3.60385e+07;1.13386e+06
337;0.387459;0.200541;0.598938;3.60385e+07;1.13386e+06
338;0.387459;0.182312;0.544516;3.60385e+07;1.13386e+06
339;0.387459;0.16574;0.495039;3.60385e+07;1.13386e+06
