129;2.86637e+06;1.7647;0.8787;0.1176;0.0037
130;2.86637e+06;3.15493;0.932525;0.220935;0.00695119
131;2.86637e+06;4.51377;1.10619;0.3306;0.0104015
132;2.86637e+06;6.05556;1.38231;0.460688;0.0144944
133;2.86637e+06;7.94448;1.76509;0.623248;0.019609
134;2.86636e+06;10.3372;2.27314;0.830823;0.0261398
135;2.86636e+06;13.4089;2.93705;1.09814;0.0345504
136;2.86635e+06;17.373;3.79966;1.44354;0.0454175
137;2.86635e+06;22.499;4.91797;1.89038;0.0594763
138;2.86634e+06;29.1325;6.36658;2.46873;0.0776728
139;2.86633e+06;37.7193;8.24246;3.21744;0.101229
140;2.86631e+06;48.8359;10.6713;4.18676;0.131726
141;2.86629e+06;63.228;13.8161;5.44171;0.17121
142;2.86627e+06;81.8611;17.8876;7.06648;0.22233
143;2.86624e+06;105.985;23.159;9.17006;0.288514
144;2.8662e+06;137.218;29.9839;11.8936;0.374202
145;2.86614e+06;177.654;38.8199;15.4197;0.485143
146;2.86608e+06;230.005;50.2598;19.9849;0.628776
147;2.86599e+06;297.782;65.0708;25.8954;0.814738
148;2.86587e+06;385.528;84.2461;33.5478;1.0555
149;2.86572e+06;499.127;109.072;43.4551;1.36721
150;2.86553e+06;646.191;141.212;56.2819;1.77077
151;2.86528e+06;836.575;182.822;72.8884;2.29326
152;2.86496e+06;1083.03;236.69;94.3882;2.9697
153;2.86454e+06;1402.07;306.427;122.223;3.84545
154;2.864e+06;1815.02;396.705;158.259;4.97923
155;2.8633e+06;2349.52;513.571;204.911;6.44704
156;2.8624e+06;3041.28;664.846;265.307;8.34725
157;2.86123e+06;3936.45;860.653;343.493;10.8072
158;2.85971e+06;5094.7;1114.08;444.706;13.9916
159;2.85775e+06;6593.04;1442.05;575.722;18.1137
160;2.85521e+06;8530.87;1866.44;745.307;23.4493
161;2.85193e+06;11036.3;2415.49;964.799;30.3551
162;2.84769e+06;14274.3;3125.69;1248.86;39.2924
163;2.84221e+06;18456.7;4044.08;1616.44;50.8575
164;2.83513e+06;23855.5;5231.25;2092.03;65.8206
165;2.826e+06;30818.2;6765.17;2707.22;85.1762
166;2.81423e+06;39787.5;8745.93;3502.81;110.207
167;2.79908e+06;51324.5;11301.7;4531.33;142.567
168;2.7796e+06;66135.9;14596.2;5860.41;184.384
169;2.75462e+06;85103.8;18837.5;7576.93;238.39
170;2.72267e+06;109317;24288.4;9792.21;308.088
171;2.68195e+06;140097;31279.1;12648.5;397.955
172;2.6303e+06;179016;40219.8;16327;513.688
173;2.56516e+06;227885;51613.7;21056.8;662.501
174;2.48363e+06;288700;66067.7;27126.6;853.472
175;2.38258e+06;363506;84295.6;34896;1097.92
176;2.25888e+06;454159;107113;44809.2;1409.81
177;2.10985e+06;561911;135404;57405.7;1806.13
178;1.93386e+06;686824;170057;73329.2;2307.12
179;1.73123e+06;827021;211861;93327.8;2936.33
180;1.50519e+06;977886;261339;118243;3720.22
181;1.2627e+06;1.13149e+06;318528;148976;4687.17
182;1.01468e+06;1.27666e+06;382743;186435;5865.73
183;775091;1.40019e+06;452364;231446;7281.88
184;558680;1.48933e+06;524770;284644;8955.62
185;377619;1.53501e+06;596495;346357;10897.3
186;238416;1.53468e+06;663673;416504;13104.3
187;140554;1.49304e+06;722671;494552;15559.9
188;77678.4;1.4202e+06;770728;579538;18233.8
189;40584.1;1.3282e+06;806334;670176;21085.5
190;20288.1;1.22776e+06;829258;765001;24068.9
191;9842.65;1.1266e+06;840272;862521;27137.2
192;4702.24;1.02933e+06;840755;961337;30246.2
193;2242.35;938226;832338;1.06021e+06;33357
194;1079.78;854104;816660;1.15809e+06;36436.6
195;529.901;777016;795237;1.25413e+06;39458.2
196;266.847;706648;769406;1.34765e+06;42400.6
197;138.548;642542;740311;1.43813e+06;45247.4
198;74.3888;584199;708919;1.5252e+06;47986.6
199;41.3694;531129;676031;1.60856e+06;50609.6
200;23.8421;482867;642308;1.68807e+06;53110.9
201;14.2361;438984;608288;1.7636e+06;55487.4
202;8.79954;399085;574407;1.83514e+06;57738.1
203;5.62377;362812;541008;1.90269e+06;59863.4
204;3.7107;329834;508363;1.96631e+06;61865.1
205;2.52373;299853;476681;2.02609e+06;63746.1
206;1.76625;272597;446116;2.08215e+06;65509.8
207;1.26981;247819;416781;2.13461e+06;67160.4
208;0.936168;225292;388752;2.18363e+06;68702.5
209;0.706609;204814;362076;2.22934e+06;70140.9
210;0.545147;186196;336774;2.27192e+06;71480.6
211;0.429229;169271;312848;2.31153e+06;72726.6
212;0.344405;153884;290286;2.34832e+06;73884.2
213;0.281227;139896;269063;2.38246e+06;74958.2
214;0.233391;127180;249142;2.4141e+06;75953.8
215;0.196618;115619;230482;2.4434e+06;76875.6
216;0.16795;105109;213034;2.4705e+06;77728.4
217;0.145309;95555.1;196748;2.49555e+06;78516.6
218;0.127212;86869.1;181568;2.51869e+06;79244.6
219;0.112588;78972.7;167440;2.54004e+06;79916.4
220;0.100649;71794.1;154308;2.55974e+06;80535.9
221;0.0908111;65268;142117;2.57788e+06;81106.8
222;0.0826344;59335.2;130811;2.5946e+06;81632.7
223;0.0757845;53941.6;120337;2.60998e+06;82116.7
224;0.0700044;49038.3;110644;2.62413e+06;82561.9
225;0.0650945;44580.8;101680;2.63714e+06;82971.3
226;0.0608982;40528.4;93398.6;2.6491e+06;83347.5
227;0.0572916;36844.3;85753.4;2.66008e+06;83693.1
228;0.054176;33495.2;78700.7;2.67017e+06;84010.4
229;0.0514718;30450.5;72199;2.67942e+06;84301.6
230;0.0491146;27682.5;66209.2;2.68791e+06;84568.7
231;0.0470518;25166.2;60694.4;2.6957e+06;84813.7
232;0.04524;22878.6;55619.8;2.70284e+06;85038.3
233;0.0436436;20798.9;50952.7;2.70938e+06;85244
234;0.0422325;18908.3;46662.8;2.71537e+06;85432.6
235;0.040982;17189.5;42721.4;2.72086e+06;85605.2
236;0.039871;15627;39101.8;2.72588e+06;85763.3
237;0.0388816;14206.5;35779.2;2.73048e+06;85908
238;0.0379986;12915.1;32730.6;2.73469e+06;86040.3
239;0.0372093;11741.2;29934.4;2.73854e+06;86161.5
240;0.0365023;10673.9;27370.6;2.74206e+06;86272.2
241;0.0358681;9703.64;25020.8;2.74528e+06;86373.5
242;0.0352984;8821.58;22867.8;2.74822e+06;86466.1
243;0.034786;8019.7;20895.8;2.75091e+06;86550.7
244;0.0343246;7290.71;19090.2;2.75337e+06;86628
245;0.0339086;6627.98;17437.3;2.75561e+06;86698.6
246;0.0335333;6025.5;15924.6;2.75766e+06;86763.1
247;0.0331942;5477.78;14540.7;2.75953e+06;86822.1
248;0.0328878;4979.85;13274.8;2.76124e+06;86875.9
249;0.0326106;4527.18;12117.2;2.7628e+06;86925
250;0.0323597;4115.66;11058.9;2.76423e+06;86969.8
251;0.0321325;3741.55;10091.6;2.76553e+06;87010.7
252;0.0319267;3401.44;9207.6;2.76672e+06;87048.1
253;0.03174;3092.25;8399.91;2.7678e+06;87082.1
254;0.0315707;2811.17;7662.09;2.76879e+06;87113.2
255;0.0314171;2555.63;6988.21;2.76969e+06;87141.6
256;0.0312777;2323.32;6372.85;2.77051e+06;87167.4
257;0.0311512;2112.13;5811.01;2.77126e+06;87191
258;0.0310362;1920.14;5298.13;2.77194e+06;87212.5
259;0.0309318;1745.6;4830.01;2.77257e+06;87232.1
260;0.030837;1586.93;4402.8;2.77313e+06;87250
261;0.0307507;1442.67;4012.99;2.77365e+06;87266.3
262;0.0306724;1311.53;3657.36;2.77412e+06;87281.1
263;0.0306012;1192.32;3332.94;2.77455e+06;87294.6
264;0.0305364;1083.94;3037.03;2.77495e+06;87307
265;0.0304775;985.405;2767.17;2.7753e+06;87318.2
266;0.0304239;895.832;2521.09;2.77563e+06;87328.5
267;0.0303752;814.401;2296.71;2.77593e+06;87337.8
268;0.0303309;740.372;2092.15;2.7762e+06;87346.3
269;0.0302907;673.072;1905.67;2.77644e+06;87354
270;0.030254;611.89;1735.7;2.77667e+06;87361.1
271;0.0302207;556.269;1580.78;2.77687e+06;87367.5
272;0.0301903;505.704;1439.59;2.77706e+06;87373.3
273;0.0301627;459.736;1310.94;2.77722e+06;87378.7
274;0.0301376;417.946;1193.71;2.77738e+06;87383.5
275;0.0301148;379.955;1086.91;2.77752e+06;87387.9
276;0.030094;345.417;989.602;2.77765e+06;87392
277;0.0300751;314.018;900.962;2.77776e+06;87395.6
278;0.0300579;285.474;820.219;2.77787e+06;87398.9
279;0.0300422;259.525;746.676;2.77797e+06;87402
280;0.030028;235.934;679.695;2.77805e+06;87404.7
281;0.030015;214.487;618.695;2.77813e+06;87407.3
282;0.0300032;194.991;563.144;2.77821e+06;87409.6
283;0.0299925;177.266;512.559;2.77827e+06;87411.6
284;0.0299827;161.152;466.499;2.77833e+06;87413.5
285;0.0299738;146.504;424.562;2.77839e+06;87415.3
286;0.0299658;133.187;386.379;2.77844e+06;87416.8
287;0.0299584;121.08;351.618;2.77848e+06;87418.3
288;0.0299517;110.074;319.973;2.77852e+06;87419.6
289;0.0299456;100.068;291.166;2.77856e+06;87420.7
290;0.0299401;90.9719;264.944;2.7786e+06;87421.8
291;0.0299351;82.7025;241.076;2.77863e+06;87422.8
292;0.0299305;75.1849;219.351;2.77866e+06;87423.7
293;0.0299263;68.3506;199.578;2.77868e+06;87424.5
294;0.0299225;62.1375;181.582;2.77871e+06;87425.2
295;0.0299191;56.4892;165.204;2.77873e+06;87425.9
296;0.0299159;51.3543;150.3;2.77875e+06;87426.5
297;0.0299131;46.6862;136.737;2.77876e+06;87427.1
298;0.0299105;42.4425;124.394;2.77878e+06;87427.6
299;0.0299081;38.5844;113.163;2.77879e+06;87428
300;0.029906;35.0771;102.944;2.77881e+06;87428.5
301;0.029904;31.8886;93.6454;2.77882e+06;87428.8
302;0.0299022;28.9899;85.1848;2.77883e+06;87429.2
303;0.0299006;26.3548;77.4871;2.77884e+06;87429.5
304;0.0298991;23.9591;70.4836;2.77885e+06;87429.8
305;0.0298978;21.7812;64.1118;2.77886e+06;87430.1
306;0.0298966;19.8013;58.315;2.77887e+06;87430.3
307;0.0298955;18.0014;53.0413;2.77887e+06;87430.5
308;0.0298945;16.3651;48.2437;2.77888e+06;87430.7
309;0.0298936;14.8775;43.8793;2.77888e+06;87430.9
310;0.0298927;13.5251;39.9091;2.77889e+06;87431
311;0.029892;12.2957;36.2976;2.77889e+06;87431.2
312;0.0298913;11.178;33.0124;2.7789e+06;87431.3
313;0.0298906;10.1619;30.024;2.7789e+06;87431.5
314;0.0298901;9.2382;27.3058;2.77891e+06;87431.6
315;0.0298896;8.39845;24.8334;2.77891e+06;87431.7
316;0.0298891;7.63503;22.5845;2.77891e+06;87431.8
317;0.0298887;6.94101;20.539;2.77891e+06;87431.8
318;0.0298883;6.31007;18.6786;2.77892e+06;87431.9
319;0.0298879;5.73649;16.9865;2.77892e+06;87432
320;0.0298876;5.21504;15.4475;2.77892e+06;87432
321;0.0298873;4.74099;14.0477;2.77892e+06;87432.1
322;0.029887;4.31004;12.7747;2.77892e+06;87432.2
323;0.0298868;3.91825;11.6169;2.77893e+06;87432.2
324;0.0298866;3.56209;10.5639;2.77893e+06;87432.2
325;0.0298864;3.23829;9.60633;2.77893e+06;87432.3
326;0.0298862;2.94393;8.73544;2.77893e+06;87432.3
327;0.029886;2.67633;7.94344;2.77893e+06;87432.4
328;0.0298859;2.43305;7.22318;2.77893e+06;87432.4
329;0.0298857;2.21189;6.56817;2.77893e+06;87432.4
330;0.0298856;2.01083;5.97251;2.77893e+06;87432.4
331;0.0298855;1.82804;5.43083;2.77893e+06;87432.5
332;0.0298854;1.66187;4.93824;2.77893e+06;87432.5
333;0.0298853;1.51081;4.4903;2.77894e+06;87432.5
334;0.0298852;1.37348;4.08295;2.77894e+06;87432.5
335;0.0298851;1.24863;3.71254;2.77894e+06;87432.5
336;0.0298851;1.13513;3.37571;2.77894e+06;87432.5
337;0.029885;1.03194;3.06942;2.77894e+06;87432.6
338;0.0298849;0.938141;2.7909;2.77894e+06;87432.6
339;0.0298849;0.852864;2.53764;2.77894e+06;87432.6
340;0.0298848;0.775338;2.30735;2.77894e+06;87432.6
341;0.0298848;0.70486;2.09795;2.77894e+06;87432.6
342;0.0298848;0.640788;1.90754;2.77894e+06;87432.6
343;0.0298847;0.582541;1.7344;2.77894e+06;87432.6
344;0.0298847;0.529588;1.57697;2.77894e+06;87432.6
345;0.0298847;0.481448;1.43383;2.77894e+06;87432.6
346;0.0298846;0.437685;1.30367;2.77894e+06;87432.6
347;0.0298846;0.397899;1.18532;2.77894e+06;87432.6
348;0.0298846;0.36173;1.07771;2.77894e+06;87432.6
349;0.0298846;0.328849;0.979862;2.77894e+06;87432.6
350;0.0298845;0.298957;0.890897;2.77894e+06;87432.6
351;0.0298845;0.271781;0.810007;2.77894e+06;87432.6
352;0.0298845;0.247077;0.736458;2.77894e+06;87432.6
353;0.0298845;0.224617;0.669585;2.77894e+06;87432.6
354;0.0298845;0.2042;0.608782;2.77894e+06;87432.7
355;0.0298845;0.185638;0.553498;2.77894e+06;87432.7
356;0.0298845;0.168763;0.503233;2.77894e+06;87432.7
357;0.0298845;0.153423;0.457532;2.77894e+06;87432.7
