199;4.22284e+07;1.7647;0.8787;0.1176;0.0037
200;4.22284e+07;3.15493;0.932525;0.220935;0.00695119
201;4.22284e+07;4.51377;1.10619;0.3306;0.0104015
202;4.22284e+07;6.05557;1.38231;0.460688;0.0144944
203;4.22284e+07;7.94449;1.76509;0.623248;0.019609
204;4.22284e+07;10.3372;2.27314;0.830823;0.0261398
205;4.22284e+07;13.4089;2.93706;1.09814;0.0345505
206;4.22284e+07;17.3731;3.79967;1.44354;0.0454176
207;4.22284e+07;22.4991;4.91798;1.89038;0.0594763
208;4.22284e+07;29.1327;6.3666;2.46874;0.0776729
209;4.22284e+07;37.7197;8.2425;3.21745;0.101229
210;4.22284e+07;48.8365;10.6714;4.18677;0.131727
211;4.22283e+07;63.2291;13.8162;5.44172;0.171211
212;4.22283e+07;81.8629;17.8878;7.06651;0.222331
213;4.22283e+07;105.988;23.1594;9.17012;0.288516
214;4.22283e+07;137.223;29.9845;11.8937;0.374205
215;4.22282e+07;177.663;38.8209;15.4198;0.485148
216;4.22281e+07;230.02;50.2615;19.9852;0.628785
217;4.2228e+07;297.807;65.0736;25.8959;0.814753
218;4.22279e+07;385.571;84.2508;33.5486;1.05552
219;4.22278e+07;499.198;109.08;43.4565;1.36725
220;4.22276e+07;646.311;141.225;56.2842;1.77085
221;4.22273e+07;836.776;182.844;72.8923;2.29338
222;4.2227e+07;1083.37;236.728;94.3948;2.96991
223;4.22266e+07;1402.63;306.492;122.234;3.8458
224;4.22261e+07;1815.98;396.813;158.277;4.97982
225;4.22254e+07;2351.12;513.752;204.943;6.44803
226;4.22244e+07;3043.96;665.151;265.36;8.34891
227;4.22233e+07;3940.94;861.164;343.582;10.81
228;4.22218e+07;5102.22;1114.94;444.855;13.9963
229;4.22198e+07;6605.65;1443.49;575.971;18.1215
230;4.22172e+07;8551.99;1868.84;745.725;23.4624
231;4.22139e+07;11071.7;2419.53;965.501;30.3772
232;4.22097e+07;14333.6;3132.46;1250.04;39.3294
233;4.22041e+07;18556;4055.41;1618.41;50.9195
234;4.2197e+07;24021.8;5250.23;2095.33;65.9245
235;4.21877e+07;31096.4;6796.96;2712.76;85.3504
236;4.21758e+07;40252.8;8799.15;3512.08;110.499
237;4.21602e+07;52102.3;11390.8;4546.86;143.056
238;4.21402e+07;67435.2;14745.2;5886.42;185.202
239;4.21142e+07;87271.9;19086.5;7620.45;239.759
240;4.20806e+07;112930;24704.3;9865.02;310.379
241;4.20372e+07;146108;31973;12770.2;401.785
242;4.1981e+07;188994;41375.9;16530.3;520.085
243;4.19084e+07;244404;53536.5;21396.1;673.176
244;4.18147e+07;315949;69258.9;27692;871.261
245;4.16936e+07;408255;89577.5;35836.8;1127.52
246;4.15376e+07;527224;115822;46371.1;1458.96
247;4.13365e+07;680354;149698;59991.8;1887.5
248;4.10779e+07;877113;193384;77596.3;2441.38
249;4.07459e+07;1.12937e+06;249656;100338;3156.9
250;4.03208e+07;1.45184e+06;322032;129698;4080.62
251;3.97781e+07;1.86254e+06;414942;167569;5272.14
252;3.90883e+07;2.38308e+06;533914;216366;6807.43
253;3.8216e+07;3.03873e+06;685772;279154;8782.91
254;3.71206e+07;3.85793e+06;878809;359801;11320.3
255;3.5757e+07;4.87086e+06;1.1229e+06;463149;14571.9
256;3.40785e+07;6.10658e+06;1.42945e+06;595201;18726.6
257;3.20419e+07;7.5881e+06;1.81114e+06;763305;24015.5
258;2.96153e+07;9.32486e+06;2.28121e+06;976295;30716.8
259;2.67901e+07;1.13025e+07;2.85213e+06;1.24457e+06;39157.3
260;2.3594e+07;1.34712e+07;3.53357e+06;1.57998e+06;49710.1
261;2.01059e+07;1.57348e+07;4.32947e+06;1.99552e+06;62784.3
262;1.64628e+07;1.79476e+07;5.2346e+06;2.50467e+06;78803.4
263;1.28548e+07;1.99241e+07;6.23107e+06;3.12026e+06;98171.4
264;9.49972e+06;2.14681e+07;7.28635e+06;3.85303e+06;121226
265;6.59881e+06;2.24176e+07;8.35396e+06;4.70991e+06;148186
266;4.28701e+06;2.26916e+07;9.37838e+06;5.69233e+06;179096
267;2.5997e+06;2.23162e+07;1.03035e+07;6.79523e+06;213796
268;1.47464e+06;2.14128e+07;1.10822e+07;8.00692e+06;251918
269;787609;2.01534e+07;1.16843e+07;9.31018e+06;292922
270;400348;1.87087e+07;1.2099e+07;1.06843e+07;336154
271;196305;1.72121e+07;1.2332e+07;1.21071e+07;380921
272;94218.9;1.57496e+07;1.24007e+07;1.35573e+07;426549
273;44894.8;1.43673e+07;1.23281e+07;1.50157e+07;472432
274;21504;1.30847e+07;1.21387e+07;1.64655e+07;518046
275;10460.2;1.19064e+07;1.18557e+07;1.7893e+07;562959
276;5207.76;1.08293e+07;1.14999e+07;1.92872e+07;606825
277;2668.56;9.84747e+06;1.10893e+07;2.06396e+07;649375
278;1412.59;8.95359e+06;1.06393e+07;2.19437e+07;690405
279;774.101;8.14035e+06;1.01627e+07;2.31949e+07;729771
280;439.566;7.40073e+06;9.66989e+06;2.439e+07;767373
281;258.65;6.72818e+06;9.16966e+06;2.55272e+07;803151
282;157.615;6.11669e+06;8.66897e+06;2.66055e+07;837079
283;99.3612;5.56074e+06;8.17343e+06;2.7625e+07;869154
284;64.71;5.0553e+06;7.68747e+06;2.85862e+07;899396
285;43.4692;4.5958e+06;7.2145e+06;2.94902e+07;927839
286;30.0693;4.17805e+06;6.75714e+06;3.03387e+07;954533
287;21.3821;3.79828e+06;6.31729e+06;3.11333e+07;979534
288;15.6033;3.45302e+06;5.89626e+06;3.18762e+07;1.00291e+06
289;11.6651;3.13914e+06;5.49492e+06;3.25696e+07;1.02472e+06
290;8.91981;2.8538e+06;5.11374e+06;3.32158e+07;1.04506e+06
291;6.96528;2.59439e+06;4.75285e+06;3.38172e+07;1.06398e+06
292;5.54609;2.35856e+06;4.41216e+06;3.43761e+07;1.08156e+06
293;4.49661;2.14417e+06;4.09136e+06;3.4895e+07;1.09789e+06
294;3.70728;1.94927e+06;3.78998e+06;3.53762e+07;1.11303e+06
295;3.10422;1.77208e+06;3.50745e+06;3.58219e+07;1.12705e+06
296;2.63675;1.611e+06;3.24307e+06;3.62343e+07;1.14003e+06
297;2.26949;1.46456e+06;2.99613e+06;3.66157e+07;1.15203e+06
298;1.97736;1.33143e+06;2.76583e+06;3.69681e+07;1.16311e+06
299;1.74234;1.2104e+06;2.55136e+06;3.72933e+07;1.17334e+06
300;1.55126;1.10038e+06;2.3519e+06;3.75934e+07;1.18278e+06
301;1.39441;1.00035e+06;2.16664e+06;3.78699e+07;1.19149e+06
302;1.26449;909421;1.99476e+06;3.81247e+07;1.1995e+06
303;1.156;826755;1.83546e+06;3.83593e+07;1.20688e+06
304;1.06472;751603;1.68797e+06;3.85752e+07;1.21367e+06
305;0.987394;683282;1.55154e+06;3.87737e+07;1.21992e+06
306;0.921469;621172;1.42545e+06;3.89561e+07;1.22566e+06
307;0.864938;564707;1.30901e+06;3.91238e+07;1.23094e+06
308;0.816203;513376;1.20156e+06;3.92777e+07;1.23578e+06
309;0.773984;466710;1.10247e+06;3.9419e+07;1.24022e+06
310;0.737246;424286;1.01117e+06;3.95487e+07;1.2443e+06
311;0.705147;385718;927081;3.96676e+07;1.24804e+06
312;0.676996;350657;849688;3.97766e+07;1.25147e+06
313;0.652223;318782;778496;3.98765e+07;1.25462e+06
314;0.630355;289805;713041;3.99681e+07;1.2575e+06
315;0.610995;263461;652893;4.00519e+07;1.26014e+06
316;0.593812;239513;597645;4.01287e+07;1.26255e+06
317;0.578525;217741;546923;4.0199e+07;1.26476e+06
318;0.564894;197948;500374;4.02633e+07;1.26679e+06
319;0.552716;179955;457672;4.03222e+07;1.26864e+06
320;0.541818;163597;418514;4.0376e+07;1.27033e+06
321;0.532048;148726;382619;4.04252e+07;1.27188e+06
322;0.523277;135207;349727;4.04702e+07;1.2733e+06
323;0.515391;122917;319595;4.05113e+07;1.27459e+06
324;0.508294;111743;292001;4.05489e+07;1.27577e+06
325;0.501898;101586;266739;4.05833e+07;1.27685e+06
326;0.496129;92351.8;243618;4.06146e+07;1.27784e+06
327;0.49092;83957.1;222462;4.06433e+07;1.27874e+06
328;0.486214;76325.4;203109;4.06694e+07;1.27957e+06
329;0.481958;69387.4;185410;4.06933e+07;1.28032e+06
330;0.478107;63080.1;169227;4.07151e+07;1.281e+06
331;0.47462;57346.1;154434;4.0735e+07;1.28163e+06
332;0.471461;52133.4;140914;4.07532e+07;1.2822e+06
333;0.468598;47394.4;128560;4.07698e+07;1.28272e+06
334;0.466002;43086.3;117274;4.07849e+07;1.2832e+06
335;0.463646;39169.7;106965;4.07987e+07;1.28363e+06
336;0.461509;35609.2;97550.5;4.08112e+07;1.28403e+06
337;0.459569;32372.3;88954.5;4.08227e+07;1.28439e+06
338;0.457807;29429.7;81107;4.08332e+07;1.28472e+06
339;0.456206;26754.5;73943.9;4.08427e+07;1.28502e+06
340;0.454752;24322.6;67406.5;4.08514e+07;1.28529e+06
341;0.453431;22111.6;61441;4.08593e+07;1.28554e+06
342;0.45223;20101.7;55998.1;4.08666e+07;1.28577e+06
343;0.451139;18274.4;51032.8;4.08731e+07;1.28597e+06
344;0.450146;16613.3;46503.7;4.08791e+07;1.28616e+06
345;0.449244;15103.2;42372.9;4.08846e+07;1.28634e+06
346;0.448424;13730.3;38606;4.08896e+07;1.28649e+06
347;0.447677;12482.2;35171.1;4.08941e+07;1.28664e+06
348;0.446999;11347.6;32039.5;4.08983e+07;1.28677e+06
349;0.446382;10316.1;29184.6;4.0902e+07;1.28688e+06
350;0.44582;9378.34;26582.3;4.09055e+07;1.28699e+06
351;0.445309;8525.85;24210.3;4.09086e+07;1.28709e+06
352;0.444844;7750.85;22048.6;4.09115e+07;1.28718e+06
353;0.444422;7046.3;20078.7;4.0914e+07;1.28726e+06
354;0.444037;6405.79;18283.6;4.09164e+07;1.28734e+06
355;0.443687;5823.5;16648.1;4.09186e+07;1.2874e+06
356;0.443369;5294.15;15158.1;4.09205e+07;1.28747e+06
357;0.443079;4812.91;13800.6;4.09223e+07;1.28752e+06
358;0.442816;4375.42;12564.1;4.09239e+07;1.28757e+06
359;0.442576;3977.69;11437.8;4.09254e+07;1.28762e+06
360;0.442358;3616.12;10412;4.09267e+07;1.28766e+06
361;0.442159;3287.41;9477.7;4.0928e+07;1.2877e+06
362;0.441978;2988.59;8626.88;4.09291e+07;1.28773e+06
363;0.441814;2716.93;7852.1;4.09301e+07;1.28777e+06
364;0.441664;2469.96;7146.61;4.0931e+07;1.2878e+06
365;0.441528;2245.44;6504.25;4.09319e+07;1.28782e+06
366;0.441405;2041.33;5919.39;4.09326e+07;1.28785e+06
367;0.441292;1855.77;5386.93;4.09333e+07;1.28787e+06
368;0.44119;1687.08;4902.18;4.0934e+07;1.28789e+06
369;0.441096;1533.73;4460.9;4.09345e+07;1.28791e+06
370;0.441012;1394.31;4059.21;4.09351e+07;1.28792e+06
371;0.440934;1267.57;3693.57;4.09355e+07;1.28794e+06
372;0.440864;1152.35;3360.76;4.0936e+07;1.28795e+06
373;0.4408;1047.6;3057.85;4.09364e+07;1.28796e+06
374;0.440742;952.372;2782.16;4.09367e+07;1.28798e+06
375;0.440689;865.801;2531.25;4.0937e+07;1.28799e+06
376;0.440641;787.1;2302.92;4.09373e+07;1.28799e+06
377;0.440598;715.552;2095.12;4.09376e+07;1.288e+06
378;0.440558;650.509;1906.02;4.09379e+07;1.28801e+06
379;0.440522;591.378;1733.96;4.09381e+07;1.28802e+06
380;0.440489;537.621;1577.38;4.09383e+07;1.28802e+06
381;0.440459;488.752;1434.92;4.09385e+07;1.28803e+06
382;0.440431;444.324;1305.29;4.09386e+07;1.28804e+06
383;0.440407;403.935;1187.35;4.09388e+07;1.28804e+06
384;0.440384;367.217;1080.04;4.09389e+07;1.28804e+06
385;0.440364;333.837;982.41;4.09391e+07;1.28805e+06
386;0.440345;303.492;893.589;4.09392e+07;1.28805e+06
387;0.440328;275.904;812.784;4.09393e+07;1.28806e+06
388;0.440313;250.825;739.273;4.09394e+07;1.28806e+06
389;0.440299;228.025;672.399;4.09395e+07;1.28806e+06
390;0.440286;207.297;611.565;4.09395e+07;1.28806e+06
391;0.440274;188.454;556.225;4.09396e+07;1.28807e+06
392;0.440264;171.323;505.886;4.09397e+07;1.28807e+06
393;0.440254;155.75;460.095;4.09397e+07;1.28807e+06
394;0.440245;141.592;418.443;4.09398e+07;1.28807e+06
395;0.440237;128.722;380.557;4.09398e+07;1.28807e+06
396;0.44023;117.021;346.096;4.09399e+07;1.28807e+06
397;0.440224;106.384;314.752;4.09399e+07;1.28808e+06
398;0.440218;96.7134;286.243;4.094e+07;1.28808e+06
399;0.440212;87.9222;260.313;4.094e+07;1.28808e+06
400;0.440207;79.9301;236.729;4.094e+07;1.28808e+06
401;0.440203;72.6644;215.279;4.09401e+07;1.28808e+06
402;0.440199;66.0592;195.771;4.09401e+07;1.28808e+06
403;0.440195;60.0545;178.029;4.09401e+07;1.28808e+06
404;0.440192;54.5955;161.893;4.09401e+07;1.28808e+06
405;0.440188;49.6328;147.218;4.09401e+07;1.28808e+06
406;0.440186;45.1212;133.872;4.09402e+07;1.28808e+06
407;0.440183;41.0197;121.735;4.09402e+07;1.28808e+06
408;0.440181;37.291;110.697;4.09402e+07;1.28808e+06
409;0.440179;33.9012;100.659;4.09402e+07;1.28808e+06
410;0.440177;30.8196;91.531;4.09402e+07;1.28809e+06
411;0.440175;28.0181;83.2298;4.09402e+07;1.28809e+06
412;0.440173;25.4713;75.6809;4.09402e+07;1.28809e+06
413;0.440172;23.1559;68.8161;4.09403e+07;1.28809e+06
414;0.440171;21.0511;62.5736;4.09403e+07;1.28809e+06
415;0.44017;19.1375;56.897;4.09403e+07;1.28809e+06
416;0.440168;17.3979;51.735;4.09403e+07;1.28809e+06
417;0.440167;15.8164;47.041;4.09403e+07;1.28809e+06
418;0.440167;14.3787;42.7726;4.09403e+07;1.28809e+06
419;0.440166;13.0717;38.8913;4.09403e+07;1.28809e+06
420;0.440165;11.8835;35.362;4.09403e+07;1.28809e+06
421;0.440164;10.8033;32.1528;4.09403e+07;1.28809e+06
422;0.440164;9.82126;29.2347;4.09403e+07;1.28809e+06
423;0.440163;8.92851;26.5813;4.09403e+07;1.28809e+06
424;0.440163;8.11691;24.1686;4.09403e+07;1.28809e+06
425;0.440162;7.37908;21.9748;4.09403e+07;1.28809e+06
426;0.440162;6.70832;19.98;4.09403e+07;1.28809e+06
427;0.440161;6.09854;18.1662;4.09403e+07;1.28809e+06
428;0.440161;5.54418;16.517;4.09403e+07;1.28809e+06
429;0.440161;5.04022;15.0174;4.09403e+07;1.28809e+06
430;0.440161;4.58206;13.654;4.09403e+07;1.28809e+06
431;0.44016;4.16555;12.4143;4.09403e+07;1.28809e+06
432;0.44016;3.7869;11.2871;4.09403e+07;1.28809e+06
433;0.44016;3.44267;10.2622;4.09403e+07;1.28809e+06
434;0.44016;3.12973;9.33031;4.09403e+07;1.28809e+06
435;0.440159;2.84524;8.48304;4.09403e+07;1.28809e+06
436;0.440159;2.58661;7.71268;4.09403e+07;1.28809e+06
437;0.440159;2.35149;7.01225;4.09403e+07;1.28809e+06
438;0.440159;2.13774;6.37542;4.09403e+07;1.28809e+06
439;0.440159;1.94342;5.7964;4.09403e+07;1.28809e+06
440;0.440159;1.76676;5.26995;4.09403e+07;1.28809e+06
441;0.440159;1.60616;4.7913;4.09403e+07;1.28809e+06
442;0.440159;1.46016;4.35612;4.09403e+07;1.28809e+06
443;0.440158;1.32743;3.96045;4.09403e+07;1.28809e+06
444;0.440158;1.20677;3.60071;4.09403e+07;1.28809e+06
445;0.440158;1.09707;3.27364;4.09403e+07;1.28809e+06
446;0.440158;0.99735;2.97627;4.09403e+07;1.28809e+06
447;0.440158;0.906691;2.70591;4.09403e+07;1.28809e+06
448;0.440158;0.824273;2.4601;4.09403e+07;1.28809e+06
449;0.440158;0.749347;2.23662;4.09403e+07;1.28809e+06
450;0.440158;0.681231;2.03343;4.09403e+07;1.28809e+06
451;0.440158;0.619307;1.8487;4.09403e+07;1.28809e+06
452;0.440158;0.563012;1.68075;4.09403e+07;1.28809e+06
453;0.440158;0.511834;1.52805;4.09403e+07;1.28809e+06
454;0.440158;0.465309;1.38922;4.09403e+07;1.28809e+06
455;0.440158;0.423012;1.26301;4.09403e+07;1.28809e+06
456;0.440158;0.38456;1.14826;4.09403e+07;1.28809e+06
457;0.440158;0.349604;1.04393;4.09403e+07;1.28809e+06
458;0.440158;0.317825;0.94908;4.09403e+07;1.28809e+06
459;0.440158;0.288935;0.862847;4.09403e+07;1.28809e+06
460;0.440158;0.262671;0.784448;4.09403e+07;1.28809e+06
461;0.440158;0.238794;0.713171;4.09403e+07;1.28809e+06
462;0.440158;0.217087;0.64837;4.09403e+07;1.28809e+06
463;0.440158;0.197354;0.589456;4.09403e+07;1.28809e+06
464;0.440158;0.179415;0.535894;4.09403e+07;1.28809e+06
465;0.440158;0.163106;0.487199;4.09403e+07;1.28809e+06
