194;3.08098e+07;1.7647;0.8787;0.1176;0.0037
195;3.08098e+07;3.15493;0.932525;0.220935;0.00695119
196;3.08098e+07;4.51377;1.10619;0.3306;0.0104015
197;3.08098e+07;6.05557;1.38231;0.460688;0.0144944
198;3.08098e+07;7.94449;1.76509;0.623248;0.019609
199;3.08097e+07;10.3372;2.27314;0.830823;0.0261398
200;3.08097e+07;13.4089;2.93706;1.09814;0.0345505
201;3.08097e+07;17.3731;3.79967;1.44354;0.0454176
202;3.08097e+07;22.4991;4.91798;1.89038;0.0594763
203;3.08097e+07;29.1327;6.3666;2.46874;0.0776729
204;3.08097e+07;37.7197;8.2425;3.21745;0.101229
205;3.08097e+07;48.8365;10.6714;4.18677;0.131727
206;3.08097e+07;63.229;13.8162;5.44172;0.171211
207;3.08097e+07;81.8629;17.8878;7.06651;0.222331
208;3.08096e+07;105.988;23.1594;9.17012;0.288516
209;3.08096e+07;137.223;29.9844;11.8937;0.374205
210;3.08095e+07;177.663;38.8209;15.4198;0.485148
211;3.08095e+07;230.02;50.2614;19.9852;0.628785
212;3.08094e+07;297.806;65.0735;25.8959;0.814752
213;3.08093e+07;385.57;84.2507;33.5486;1.05552
214;3.08091e+07;499.196;109.079;43.4564;1.36725
215;3.08089e+07;646.307;141.225;56.2842;1.77085
216;3.08087e+07;836.771;182.844;72.8922;2.29338
217;3.08083e+07;1083.36;236.727;94.3947;2.9699
218;3.08079e+07;1402.62;306.49;122.234;3.84579
219;3.08074e+07;1815.95;396.811;158.277;4.9798
220;3.08067e+07;2351.08;513.747;204.942;6.448
221;3.08058e+07;3043.88;665.143;265.359;8.34887
222;3.08046e+07;3940.82;861.15;343.579;10.8099
223;3.08031e+07;5102.02;1114.91;444.851;13.9961
224;3.08011e+07;6605.3;1443.45;575.964;18.1213
225;3.07986e+07;8551.42;1868.78;745.714;23.4621
226;3.07953e+07;11070.7;2419.42;965.482;30.3766
227;3.0791e+07;14332;3132.27;1250.01;39.3284
228;3.07855e+07;18553.3;4055.1;1618.36;50.9178
229;3.07783e+07;24017.3;5249.72;2095.24;65.9217
230;3.07691e+07;31088.8;6796.1;2712.61;85.3457
231;3.07571e+07;40240.1;8797.71;3511.83;110.491
232;3.07416e+07;52081.1;11388.4;4546.44;143.043
233;3.07216e+07;67399.6;14741.1;5885.71;185.18
234;3.06956e+07;87212.4;19079.7;7619.27;239.722
235;3.06621e+07;112830;24692.9;9863.04;310.317
236;3.06187e+07;145941;31953.9;12766.9;401.68
237;3.05627e+07;188715;41343.9;16524.7;519.91
238;3.04903e+07;243937;53483.1;21386.8;672.883
239;3.03969e+07;315168;69169.4;27676.4;870.77
240;3.02764e+07;406950;89427.9;35810.7;1126.7
241;3.01214e+07;525045;115572;46327.4;1457.58
242;2.9922e+07;676721;149280;59918.7;1885.2
243;2.96661e+07;871066;192686;77474;2437.53
244;2.93387e+07;1.11932e+06;248493;100134;3150.47
245;2.8921e+07;1.4352e+06;320097;129357;4069.9
246;2.83907e+07;1.83505e+06;411729;167000;5254.26
247;2.77211e+07;2.33789e+06;528593;215419;6777.65
248;2.68816e+07;2.96486e+06;676989;277582;8733.45
249;2.58389e+07;3.73801e+06;864375;357196;11238.3
250;2.45592e+07;4.67795e+06;1.09931e+06;458846;14436.5
251;2.30121e+07;5.79984e+06;1.39119e+06;588125;18503.9
252;2.11773e+07;7.10742e+06;1.74964e+06;751729;23651.4
253;1.90534e+07;8.58527e+06;2.18348e+06;957488;30125
254;1.66682e+07;1.01901e+07;2.69902e+06;1.21426e+06;38203.9
255;1.40882e+07;1.18438e+07;3.29791e+06;1.53167e+06;48190.3
256;1.14228e+07;1.34325e+07;3.97447e+06;1.9195e+06;60392.5
257;8.81736e+06;1.4817e+07;4.71339e+06;2.3869e+06;75098.1
258;6.43113e+06;1.58564e+07;5.48852e+06;2.9412e+06;92537.6
259;4.4033e+06;1.64429e+07;6.26411e+06;3.58665e+06;112845
260;2.81763e+06;1.65339e+07;6.99893e+06;4.3233e+06;136022
261;1.68309e+06;1.61655e+07;7.65289e+06;5.14638e+06;161918
262;941433;1.54377e+07;8.19404e+06;6.04636e+06;190234
263;496843;1.4479e+07;8.60339e+06;7.00998e+06;220552
264;250244;1.34095e+07;8.87594e+06;8.02173e+06;252385
265;121972;1.23188e+07;9.01821e+06;9.06554e+06;285225
266;58380.2;1.12626e+07;9.04408e+06;1.01261e+07;318593
267;27822.1;1.02694e+07;8.9708e+06;1.11897e+07;352056
268;13361.2;9.35038e+06;8.81613e+06;1.22446e+07;385248
269;6528.85;8.50727e+06;8.59669e+06;1.32814e+07;417868
270;3269.88;7.73721e+06;8.32722e+06;1.42924e+07;449675
271;1687.18;7.03548e+06;8.02044e+06;1.52717e+07;480486
272;899.829;6.39675e+06;7.68709e+06;1.62149e+07;510162
273;496.968;5.81568e+06;7.33611e+06;1.71189e+07;538604
274;284.43;5.28725e+06;6.97488e+06;1.79816e+07;565747
275;168.674;4.80676e+06;6.60944e+06;1.88018e+07;591555
276;103.569;4.36989e+06;6.24465e+06;1.95791e+07;616009
277;65.7692;3.9727e+06;5.8844e+06;2.03135e+07;639115
278;43.1326;3.61161e+06;5.53174e+06;2.10055e+07;660887
279;29.1668;3.28332e+06;5.18903e+06;2.1656e+07;681354
280;20.302;2.98488e+06;4.85806e+06;2.22663e+07;700554
281;14.5214;2.71356e+06;4.5401e+06;2.28376e+07;718529
282;10.655;2.4669e+06;4.23605e+06;2.33715e+07;735327
283;8.00659;2.24266e+06;3.94646e+06;2.38696e+07;751000
284;6.15155;2.03881e+06;3.67161e+06;2.43337e+07;765602
285;4.82491;1.85348e+06;3.41157e+06;2.47655e+07;779187
286;3.85764;1.685e+06;3.16623e+06;2.51667e+07;791810
287;3.13959;1.53183e+06;2.93533e+06;2.55391e+07;803525
288;2.5976;1.39259e+06;2.71852e+06;2.58843e+07;814386
289;2.18215;1.266e+06;2.51535e+06;2.6204e+07;824444
290;1.85912;1.15093e+06;2.32532e+06;2.64998e+07;833751
291;1.60462;1.04631e+06;2.14788e+06;2.67732e+07;842355
292;1.40166;951197;1.98245e+06;2.70258e+07;850302
293;1.23799;864734;1.82844e+06;2.72589e+07;857637
294;1.10462;786129;1.68526e+06;2.7474e+07;864402
295;0.994921;714670;1.55229e+06;2.76722e+07;870638
296;0.903889;649707;1.42896e+06;2.78547e+07;876381
297;0.827742;590649;1.31469e+06;2.80228e+07;881668
298;0.763576;536959;1.20891e+06;2.81774e+07;886533
299;0.709137;488149;1.11108e+06;2.83195e+07;891006
300;0.662664;443777;1.02068e+06;2.84502e+07;895117
301;0.622765;403437;937206;2.85702e+07;898893
302;0.58833;366765;860196;2.86804e+07;902361
303;0.558468;333426;789193;2.87816e+07;905544
304;0.532459;303118;723772;2.88744e+07;908464
305;0.509715;275564;663532;2.89595e+07;911141
306;0.489753;250515;608094;2.90376e+07;913597
307;0.472174;227744;557104;2.91091e+07;915846
308;0.456645;207042;510230;2.91746e+07;917908
309;0.44289;188222;467159;2.92346e+07;919796
310;0.430675;171112;427602;2.92895e+07;921524
311;0.419802;155558;391288;2.93398e+07;923106
312;0.410103;141418;357965;2.93858e+07;924554
313;0.401434;128563;327399;2.94279e+07;925878
314;0.393673;116877;299372;2.94664e+07;927090
315;0.386713;106253;273682;2.95016e+07;928198
316;0.380463;96594.3;250143;2.95338e+07;929210
317;0.374842;87813.9;228581;2.95632e+07;930136
318;0.369782;79831.6;208836;2.95901e+07;930981
319;0.365221;72574.9;190761;2.96147e+07;931754
320;0.361106;65977.8;174219;2.96371e+07;932460
321;0.35739;59980.5;159083;2.96576e+07;933105
322;0.354032;54528.2;145239;2.96763e+07;933693
323;0.350995;49571.6;132578;2.96934e+07;934231
324;0.348246;45065.6;121002;2.9709e+07;934721
325;0.345757;40969.1;110421;2.97232e+07;935169
326;0.343502;37245;100751;2.97362e+07;935577
327;0.341457;33859.5;91915.7;2.9748e+07;935950
328;0.339603;30781.6;83844.1;2.97588e+07;936290
329;0.337921;27983.6;76471.9;2.97687e+07;936600
330;0.336395;25439.9;69739.5;2.97777e+07;936883
331;0.335009;23127.4;63592.6;2.97859e+07;937141
332;0.33375;21025.1;57981.1;2.97934e+07;937377
333;0.332607;19113.9;52859.2;2.98002e+07;937591
334;0.331569;17376.5;48184.8;2.98064e+07;937787
335;0.330625;15797;43919.5;2.98121e+07;937965
336;0.329767;14361;40028;2.98172e+07;938128
337;0.328987;13055.6;36478;2.9822e+07;938276
338;0.328278;11868.8;33240;2.98262e+07;938411
339;0.327634;10790;30286.9;2.98302e+07;938534
340;0.327047;9809.16;27593.9;2.98337e+07;938646
341;0.326514;8917.51;25138.4;2.9837e+07;938748
342;0.326029;8106.91;22899.7;2.98399e+07;938841
343;0.325588;7369.99;20858.9;2.98426e+07;938926
344;0.325187;6700.06;18998.6;2.98451e+07;939003
345;0.324822;6091.02;17303.1;2.98473e+07;939073
346;0.32449;5537.35;15757.9;2.98493e+07;939137
347;0.324188;5034;14349.9;2.98512e+07;939195
348;0.323913;4576.41;13066.8;2.98529e+07;939248
349;0.323663;4160.42;11897.8;2.98544e+07;939297
350;0.323436;3782.24;10832.8;2.98558e+07;939341
351;0.323229;3438.43;9862.57;2.98571e+07;939381
352;0.32304;3125.88;8978.79;2.98582e+07;939417
353;0.322869;2841.74;8173.81;2.98593e+07;939451
354;0.322713;2583.42;7440.64;2.98603e+07;939481
355;0.322571;2348.59;6772.92;2.98611e+07;939508
356;0.322442;2135.1;6164.85;2.98619e+07;939533
357;0.322325;1941.02;5611.14;2.98627e+07;939556
358;0.322218;1764.58;5106.95;2.98633e+07;939577
359;0.322121;1604.18;4647.87;2.98639e+07;939596
360;0.322032;1458.36;4229.91;2.98645e+07;939613
361;0.321952;1325.8;3849.38;2.9865e+07;939629
362;0.321878;1205.28;3502.97;2.98654e+07;939643
363;0.321812;1095.72;3187.62;2.98658e+07;939656
364;0.321751;996.121;2900.56;2.98662e+07;939668
365;0.321696;905.574;2639.27;2.98665e+07;939679
366;0.321646;823.257;2401.44;2.98668e+07;939688
367;0.3216;748.423;2184.98;2.98671e+07;939697
368;0.321559;680.392;1987.98;2.98674e+07;939705
369;0.321521;618.544;1808.68;2.98676e+07;939713
370;0.321487;562.318;1645.51;2.98678e+07;939719
371;0.321455;511.204;1497.03;2.9868e+07;939725
372;0.321427;464.735;1361.91;2.98682e+07;939731
373;0.321401;422.491;1238.95;2.98684e+07;939736
374;0.321378;384.087;1127.07;2.98685e+07;939741
375;0.321356;349.173;1025.27;2.98686e+07;939745
376;0.321337;317.433;932.646;2.98688e+07;939748
377;0.321319;288.579;848.371;2.98689e+07;939752
378;0.321303;262.347;771.695;2.9869e+07;939755
379;0.321288;238.5;701.936;2.98691e+07;939758
380;0.321275;216.82;638.471;2.98691e+07;939761
381;0.321263;197.111;580.733;2.98692e+07;939763
382;0.321252;179.194;528.208;2.98693e+07;939765
383;0.321242;162.905;480.425;2.98694e+07;939767
384;0.321233;148.097;436.957;2.98694e+07;939769
385;0.321224;134.635;397.416;2.98695e+07;939770
386;0.321217;122.397;361.448;2.98695e+07;939772
387;0.32121;111.271;328.73;2.98695e+07;939773
388;0.321204;101.156;298.97;2.98696e+07;939774
389;0.321198;91.9611;271.9;2.98696e+07;939776
390;0.321193;83.6019;247.278;2.98697e+07;939777
391;0.321188;76.0025;224.882;2.98697e+07;939777
392;0.321184;69.0939;204.513;2.98697e+07;939778
393;0.32118;62.8132;185.986;2.98697e+07;939779
394;0.321176;57.1035;169.136;2.98698e+07;939780
395;0.321173;51.9128;153.81;2.98698e+07;939780
396;0.32117;47.1939;139.872;2.98698e+07;939781
397;0.321168;42.904;127.195;2.98698e+07;939781
398;0.321165;39.004;115.666;2.98698e+07;939782
399;0.321163;35.4586;105.182;2.98698e+07;939782
400;0.321161;32.2354;95.6463;2.98699e+07;939783
401;0.321159;29.3052;86.9746;2.98699e+07;939783
402;0.321158;26.6414;79.0884;2.98699e+07;939783
403;0.321156;24.2197;71.9167;2.98699e+07;939784
404;0.321155;22.0181;65.3947;2.98699e+07;939784
405;0.321154;20.0166;59.4638;2.98699e+07;939784
406;0.321152;18.1971;54.0704;2.98699e+07;939784
407;0.321151;16.543;49.1657;2.98699e+07;939785
408;0.32115;15.0393;44.7057;2.98699e+07;939785
409;0.32115;13.6722;40.65;2.98699e+07;939785
410;0.321149;12.4294;36.9619;2.98699e+07;939785
411;0.321148;11.2996;33.6083;2.98699e+07;939785
412;0.321147;10.2724;30.5587;2.98699e+07;939785
413;0.321147;9.33866;27.7857;2.98699e+07;939785
414;0.321146;8.48978;25.2642;2.98699e+07;939786
415;0.321146;7.71806;22.9714;2.98699e+07;939786
416;0.321145;7.01649;20.8865;2.98699e+07;939786
417;0.321145;6.37869;18.9908;2.987e+07;939786
418;0.321145;5.79887;17.267;2.987e+07;939786
419;0.321144;5.27175;15.6996;2.987e+07;939786
420;0.321144;4.79255;14.2745;2.987e+07;939786
421;0.321144;4.35691;12.9786;2.987e+07;939786
422;0.321144;3.96086;11.8004;2.987e+07;939786
423;0.321143;3.60082;10.729;2.987e+07;939786
424;0.321143;3.27351;9.75491;2.987e+07;939786
425;0.321143;2.97595;8.8692;2.987e+07;939786
426;0.321143;2.70543;8.06388;2.987e+07;939786
427;0.321143;2.45951;7.33165;2.987e+07;939786
428;0.321142;2.23594;6.66589;2.987e+07;939786
429;0.321142;2.03269;6.06057;2.987e+07;939786
430;0.321142;1.84792;5.51019;2.987e+07;939786
431;0.321142;1.67995;5.00978;2.987e+07;939786
432;0.321142;1.52724;4.5548;2.987e+07;939786
433;0.321142;1.38841;4.14113;2.987e+07;939786
434;0.321142;1.26221;3.76502;2.987e+07;939786
435;0.321142;1.14747;3.42306;2.987e+07;939786
436;0.321142;1.04317;3.11214;2.987e+07;939787
437;0.321142;0.948343;2.82947;2.987e+07;939787
438;0.321142;0.862138;2.57246;2.987e+07;939787
439;0.321142;0.78377;2.33879;2.987e+07;939787
440;0.321142;0.712525;2.12634;2.987e+07;939787
441;0.321141;0.647757;1.93318;2.987e+07;939787
442;0.321141;0.588876;1.75757;2.987e+07;939787
443;0.321141;0.535347;1.5979;2.987e+07;939787
444;0.321141;0.486684;1.45274;2.987e+07;939787
445;0.321141;0.442444;1.32076;2.987e+07;939787
446;0.321141;0.402226;1.20077;2.987e+07;939787
447;0.321141;0.365664;1.09168;2.987e+07;939787
448;0.321141;0.332425;0.992498;2.987e+07;939787
449;0.321141;0.302208;0.902326;2.987e+07;939787
450;0.321141;0.274737;0.820344;2.987e+07;939787
451;0.321141;0.249763;0.74581;2.987e+07;939787
452;0.321141;0.22706;0.678047;2.987e+07;939787
453;0.321141;0.20642;0.616439;2.987e+07;939787
454;0.321141;0.187657;0.560429;2.987e+07;939787
455;0.321141;0.170599;0.509507;2.987e+07;939787
456;0.321141;0.155091;0.463211;2.987e+07;939787
