238;4.44945e+07;1.7647;0.8787;0.1176;0.0037
239;4.44945e+07;3.15493;0.932525;0.220935;0.00695119
240;4.44945e+07;4.51377;1.10619;0.3306;0.0104015
241;4.44945e+07;6.05557;1.38231;0.460688;0.0144944
242;4.44945e+07;7.94449;1.76509;0.623248;0.019609
243;4.44945e+07;10.3372;2.27314;0.830823;0.0261398
244;4.44945e+07;13.4089;2.93706;1.09814;0.0345505
245;4.44945e+07;17.3731;3.79967;1.44354;0.0454176
246;4.44945e+07;22.4991;4.91798;1.89038;0.0594763
247;4.44945e+07;29.1327;6.3666;2.46874;0.0776729
248;4.44945e+07;37.7197;8.2425;3.21745;0.101229
249;4.44944e+07;48.8365;10.6714;4.18677;0.131727
250;4.44944e+07;63.2291;13.8162;5.44172;0.171211
251;4.44944e+07;81.8629;17.8878;7.06651;0.222331
252;4.44944e+07;105.988;23.1594;9.17012;0.288516
253;4.44943e+07;137.223;29.9845;11.8937;0.374205
254;4.44943e+07;177.663;38.8209;15.4198;0.485148
255;4.44942e+07;230.02;50.2615;19.9852;0.628785
256;4.44941e+07;297.807;65.0736;25.8959;0.814753
257;4.4494e+07;385.571;84.2509;33.5486;1.05552
258;4.44938e+07;499.198;109.08;43.4565;1.36725
259;4.44937e+07;646.311;141.225;56.2842;1.77085
260;4.44934e+07;836.777;182.844;72.8923;2.29338
261;4.44931e+07;1083.37;236.728;94.3949;2.96991
262;4.44927e+07;1402.63;306.492;122.234;3.8458
263;4.44921e+07;1815.98;396.814;158.278;4.97982
264;4.44914e+07;2351.13;513.753;204.943;6.44803
265;4.44905e+07;3043.97;665.152;265.36;8.34892
266;4.44893e+07;3940.96;861.166;343.582;10.81
267;4.44878e+07;5102.25;1114.94;444.855;13.9963
268;4.44859e+07;6605.69;1443.49;575.972;18.1216
269;4.44833e+07;8552.07;1868.85;745.727;23.4625
270;4.448e+07;11071.8;2419.54;965.504;30.3772
271;4.44757e+07;14333.8;3132.48;1250.04;39.3296
272;4.44702e+07;18556.4;4055.45;1618.42;50.9197
273;4.44631e+07;24022.4;5250.3;2095.34;65.9249
274;4.44538e+07;31097.4;6797.08;2712.78;85.351
275;4.44418e+07;40254.5;8799.35;3512.12;110.5
276;4.44263e+07;52105.2;11391.1;4546.92;143.058
277;4.44062e+07;67440.1;14745.7;5886.51;185.205
278;4.43803e+07;87280.1;19087.4;7620.61;239.764
279;4.43467e+07;112944;24705.8;9865.29;310.388
280;4.43032e+07;146131;31975.6;12770.7;401.799
281;4.4247e+07;189033;41380.2;16531;520.109
282;4.41744e+07;244468;53543.9;21397.3;673.216
283;4.40806e+07;316057;69271.2;27694.1;871.328
284;4.39595e+07;408435;89598.1;35840.4;1127.63
285;4.38033e+07;527525;115857;46377.1;1459.14
286;4.3602e+07;680855;149755;60001.9;1887.81
287;4.3343e+07;877949;193480;77613.1;2441.91
288;4.30104e+07;1.13076e+06;249816;100366;3157.78
289;4.25842e+07;1.45415e+06;322299;129745;4082.1
290;4.20398e+07;1.86636e+06;415387;167647;5274.61
291;4.13472e+07;2.38938e+06;534652;216497;6811.54
292;4.04703e+07;3.04908e+06;686994;279372;8789.75
293;3.93674e+07;3.87483e+06;880823;360162;11331.6
294;3.79917e+07;4.89823e+06;1.1262e+06;463747;14590.7
295;3.62942e+07;6.15049e+06;1.43484e+06;596188;18757.6
296;3.42279e+07;7.65769e+06;1.81988e+06;764926;24066.5
297;3.17561e+07;9.43346e+06;2.29521e+06;978943;30800.1
298;2.88633e+07;1.14687e+07;2.8743e+06;1.24886e+06;39292.4
299;2.55701e+07;1.37195e+07;3.56816e+06;1.58688e+06;49927.3
300;2.19474e+07;1.6095e+07;4.38244e+06;2.00649e+06;63129.4
301;1.81273e+07;1.84521e+07;5.31389e+06;2.52187e+06;79344.5
302;1.43e+07;2.06021e+07;6.34661e+06;3.14678e+06;99005.9
303;1.06925e+07;2.23369e+07;7.4495e+06;3.89314e+06;122488
304;7.52462e+06;2.34743e+07;8.5763e+06;4.7692e+06;150051
305;4.9565e+06;2.39086e+07;9.66981e+06;5.77778e+06;181784
306;3.04781e+06;2.3644e+07;1.06702e+07;6.91495e+06;217562
307;1.75167e+06;2.27909e+07;1.15251e+07;8.16976e+06;257042
308;946333;2.15246e+07;1.21988e+07;9.52511e+06;299685
309;485376;2.00289e+07;1.26757e+07;1.09597e+07;344820
310;239457;1.84542e+07;1.29587e+07;1.24503e+07;391720
311;115293;1.69009e+07;1.30643e+07;1.39743e+07;439668
312;54958.2;1.54249e+07;1.30159e+07;1.55107e+07;488006
313;26272.8;1.40515e+07;1.28392e+07;1.70413e+07;536165
314;12731;1.27878e+07;1.25591e+07;1.85512e+07;583670
315;6305.32;1.16318e+07;1.21981e+07;2.00282e+07;630138
316;3211.05;1.05775e+07;1.17758e+07;2.14627e+07;675271
317;1688.25;9.61757e+06;1.13089e+07;2.28475e+07;718842
318;918.598;8.7441e+06;1.08114e+07;2.41774e+07;760685
319;517.861;7.94967e+06;1.02948e+07;2.54489e+07;800687
320;302.543;7.22726e+06;9.76865e+06;2.66595e+07;838777
321;183.075;6.57042e+06;9.24067e+06;2.78083e+07;874921
322;114.633;5.97324e+06;8.71703e+06;2.8895e+07;909112
323;74.1749;5.43031e+06;8.20262e+06;2.99201e+07;941365
324;49.5224;4.93672e+06;7.70126e+06;3.08848e+07;971715
325;34.0586;4.48799e+06;7.21584e+06;3.17904e+07;1.00021e+06
326;24.0873;4.08004e+06;6.74852e+06;3.2639e+07;1.02691e+06
327;17.4879;3.70917e+06;6.3008e+06;3.34326e+07;1.05188e+06
328;13.0119;3.37201e+06;5.87367e+06;3.41736e+07;1.07519e+06
329;9.90567;3.0655e+06;5.46771e+06;3.48644e+07;1.09692e+06
330;7.70328;2.78685e+06;5.08313e+06;3.55074e+07;1.11715e+06
331;6.11028;2.53352e+06;4.71987e+06;3.61051e+07;1.13596e+06
332;4.9365;2.30323e+06;4.37765e+06;3.66602e+07;1.15342e+06
333;4.0566;2.09386e+06;4.05601e+06;3.7175e+07;1.16962e+06
334;3.38642;1.90353e+06;3.75434e+06;3.7652e+07;1.18463e+06
335;2.86839;1.7305e+06;3.47197e+06;3.80935e+07;1.19852e+06
336;2.46247;1.5732e+06;3.20813e+06;3.85018e+07;1.21137e+06
337;2.14038;1.4302e+06;2.96198e+06;3.88791e+07;1.22324e+06
338;1.88183;1.30019e+06;2.7327e+06;3.92274e+07;1.2342e+06
339;1.67206;1.182e+06;2.51941e+06;3.95488e+07;1.24431e+06
340;1.50017;1.07456e+06;2.32125e+06;3.98451e+07;1.25363e+06
341;1.35806;976883;2.13736e+06;4.0118e+07;1.26222e+06
342;1.23957;888085;1.9669e+06;4.03694e+07;1.27013e+06
343;1.14004;807358;1.80904e+06;4.06007e+07;1.2774e+06
344;1.05582;733969;1.66299e+06;4.08134e+07;1.2841e+06
345;0.984115;667251;1.52799e+06;4.1009e+07;1.29025e+06
346;0.922695;606598;1.4033e+06;4.11887e+07;1.2959e+06
347;0.8698;551459;1.28822e+06;4.13537e+07;1.3011e+06
348;0.824022;501331;1.18208e+06;4.15052e+07;1.30586e+06
349;0.784221;455760;1.08427e+06;4.16442e+07;1.31024e+06
350;0.749474;414332;994175;4.17717e+07;1.31425e+06
351;0.719023;376669;911244;4.18887e+07;1.31793e+06
352;0.692244;342430;834949;4.19958e+07;1.3213e+06
353;0.668618;311303;764797;4.2094e+07;1.32439e+06
354;0.647715;283005;700325;4.2184e+07;1.32722e+06
355;0.629171;257280;641100;4.22663e+07;1.32981e+06
356;0.612681;233894;586722;4.23417e+07;1.33218e+06
357;0.597984;212633;536813;4.24107e+07;1.33435e+06
358;0.584859;193304;491026;4.24738e+07;1.33634e+06
359;0.573116;175733;449036;4.25316e+07;1.33815e+06
360;0.562593;159759;410542;4.25844e+07;1.33981e+06
361;0.553148;145237;375265;4.26327e+07;1.34133e+06
362;0.544659;132035;342948;4.26768e+07;1.34272e+06
363;0.537021;120033;313350;4.27171e+07;1.34399e+06
364;0.530139;109122;286252;4.2754e+07;1.34515e+06
365;0.523932;99202.7;261449;4.27876e+07;1.34621e+06
366;0.51833;90185.2;238752;4.28184e+07;1.34718e+06
367;0.513269;81987.3;217990;4.28465e+07;1.34806e+06
368;0.508693;74534.7;199000;4.28721e+07;1.34887e+06
369;0.504552;67759.5;181637;4.28955e+07;1.3496e+06
370;0.500804;61600.2;165763;4.29169e+07;1.35028e+06
371;0.497408;56000.7;151256;4.29364e+07;1.35089e+06
372;0.494331;50910.2;137999;4.29541e+07;1.35145e+06
373;0.491541;46282.5;125887;4.29704e+07;1.35196e+06
374;0.489009;42075.4;114824;4.29852e+07;1.35242e+06
375;0.486713;38250.8;104721;4.29987e+07;1.35285e+06
376;0.484628;34773.8;95495.1;4.3011e+07;1.35324e+06
377;0.482735;31612.8;87072.5;4.30222e+07;1.35359e+06
378;0.481015;28739.2;79384.2;4.30325e+07;1.35391e+06
379;0.479453;26126.8;72367.3;4.30418e+07;1.35421e+06
380;0.478034;23751.9;65964.1;4.30503e+07;1.35447e+06
381;0.476744;21592.9;60121.7;4.30581e+07;1.35472e+06
382;0.475572;19630.1;54791.7;4.30651e+07;1.35494e+06
383;0.474506;17845.7;49929.9;4.30716e+07;1.35514e+06
384;0.473537;16223.5;45495.5;4.30775e+07;1.35533e+06
385;0.472655;14748.8;41451.7;4.30828e+07;1.3555e+06
386;0.471854;13408.1;37764.2;4.30877e+07;1.35565e+06
387;0.471125;12189.3;34402.2;4.30921e+07;1.35579e+06
388;0.470462;11081.3;31337.3;4.30962e+07;1.35592e+06
389;0.469859;10074;28543.3;4.30999e+07;1.35603e+06
390;0.46931;9158.31;25996.8;4.31032e+07;1.35614e+06
391;0.468811;8325.82;23675.8;4.31063e+07;1.35623e+06
392;0.468357;7569.01;21560.8;4.31091e+07;1.35632e+06
393;0.467944;6880.98;19633.5;4.31116e+07;1.3564e+06
394;0.467568;6255.5;17877.4;4.31139e+07;1.35647e+06
395;0.467226;5686.88;16277.5;4.3116e+07;1.35654e+06
396;0.466915;5169.94;14820;4.31179e+07;1.3566e+06
397;0.466632;4699.99;13492.3;4.31197e+07;1.35666e+06
398;0.466374;4272.76;12282.9;4.31212e+07;1.35671e+06
399;0.46614;3884.37;11181.4;4.31227e+07;1.35675e+06
400;0.465927;3531.28;10178.2;4.3124e+07;1.35679e+06
401;0.465733;3210.29;9264.54;4.31252e+07;1.35683e+06
402;0.465556;2918.47;8432.57;4.31263e+07;1.35686e+06
403;0.465396;2653.18;7674.99;4.31273e+07;1.3569e+06
404;0.46525;2412.01;6985.19;4.31282e+07;1.35692e+06
405;0.465117;2192.76;6357.13;4.3129e+07;1.35695e+06
406;0.464996;1993.44;5785.34;4.31298e+07;1.35697e+06
407;0.464886;1812.23;5264.78;4.31304e+07;1.35699e+06
408;0.464785;1647.5;4790.89;4.3131e+07;1.35701e+06
409;0.464694;1497.74;4359.51;4.31316e+07;1.35703e+06
410;0.464611;1361.6;3966.85;4.31321e+07;1.35705e+06
411;0.464536;1237.83;3609.44;4.31326e+07;1.35706e+06
412;0.464467;1125.31;3284.13;4.3133e+07;1.35708e+06
413;0.464405;1023.02;2988.06;4.31334e+07;1.35709e+06
414;0.464348;930.028;2718.6;4.31338e+07;1.3571e+06
415;0.464297;845.488;2473.37;4.31341e+07;1.35711e+06
416;0.46425;768.633;2250.21;4.31344e+07;1.35712e+06
417;0.464207;698.765;2047.13;4.31346e+07;1.35713e+06
418;0.464168;635.247;1862.33;4.31349e+07;1.35713e+06
419;0.464133;577.503;1694.17;4.31351e+07;1.35714e+06
420;0.464101;525.008;1541.16;4.31353e+07;1.35715e+06
421;0.464071;477.285;1401.94;4.31355e+07;1.35715e+06
422;0.464045;433.9;1275.27;4.31356e+07;1.35716e+06
423;0.46402;394.458;1160.02;4.31358e+07;1.35716e+06
424;0.463998;358.602;1055.17;4.31359e+07;1.35717e+06
425;0.463978;326.005;959.774;4.3136e+07;1.35717e+06
426;0.46396;296.371;872.987;4.31362e+07;1.35718e+06
427;0.463944;269.431;794.034;4.31363e+07;1.35718e+06
428;0.463929;244.94;722.209;4.31364e+07;1.35718e+06
429;0.463915;222.675;656.87;4.31364e+07;1.35718e+06
430;0.463902;202.434;597.433;4.31365e+07;1.35719e+06
431;0.463891;184.032;543.366;4.31366e+07;1.35719e+06
432;0.463881;167.304;494.184;4.31367e+07;1.35719e+06
433;0.463871;152.096;449.447;4.31367e+07;1.35719e+06
434;0.463863;138.271;408.755;4.31368e+07;1.35719e+06
435;0.463855;125.702;371.742;4.31368e+07;1.3572e+06
436;0.463848;114.275;338.076;4.31369e+07;1.3572e+06
437;0.463842;103.888;307.455;4.31369e+07;1.3572e+06
438;0.463836;94.4444;279.604;4.31369e+07;1.3572e+06
439;0.46383;85.8594;254.273;4.3137e+07;1.3572e+06
440;0.463826;78.0548;231.234;4.3137e+07;1.3572e+06
441;0.463821;70.9596;210.281;4.3137e+07;1.3572e+06
442;0.463817;64.5094;191.224;4.3137e+07;1.3572e+06
443;0.463814;58.6455;173.892;4.31371e+07;1.3572e+06
444;0.46381;53.3146;158.13;4.31371e+07;1.3572e+06
445;0.463807;48.4683;143.795;4.31371e+07;1.3572e+06
446;0.463805;44.0626;130.759;4.31371e+07;1.35721e+06
447;0.463802;40.0573;118.903;4.31371e+07;1.35721e+06
448;0.4638;36.4161;108.121;4.31372e+07;1.35721e+06
449;0.463798;33.1059;98.3163;4.31372e+07;1.35721e+06
450;0.463796;30.0965;89.3999;4.31372e+07;1.35721e+06
451;0.463794;27.3608;81.2914;4.31372e+07;1.35721e+06
452;0.463793;24.8737;73.9179;4.31372e+07;1.35721e+06
453;0.463791;22.6127;67.2127;4.31372e+07;1.35721e+06
454;0.46379;20.5572;61.1152;4.31372e+07;1.35721e+06
455;0.463789;18.6885;55.5706;4.31372e+07;1.35721e+06
456;0.463788;16.9897;50.5287;4.31372e+07;1.35721e+06
457;0.463787;15.4454;45.9439;4.31372e+07;1.35721e+06
458;0.463786;14.0414;41.7749;4.31372e+07;1.35721e+06
459;0.463785;12.765;37.984;4.31372e+07;1.35721e+06
460;0.463784;11.6047;34.5369;4.31372e+07;1.35721e+06
461;0.463784;10.5498;31.4024;4.31373e+07;1.35721e+06
462;0.463783;9.59084;28.5523;4.31373e+07;1.35721e+06
463;0.463783;8.71903;25.9607;4.31373e+07;1.35721e+06
464;0.463782;7.92648;23.6042;4.31373e+07;1.35721e+06
465;0.463782;7.20596;21.4615;4.31373e+07;1.35721e+06
466;0.463781;6.55094;19.5133;4.31373e+07;1.35721e+06
467;0.463781;5.95546;17.7418;4.31373e+07;1.35721e+06
468;0.463781;5.41411;16.1311;4.31373e+07;1.35721e+06
469;0.46378;4.92197;14.6665;4.31373e+07;1.35721e+06
470;0.46378;4.47456;13.3349;4.31373e+07;1.35721e+06
471;0.46378;4.06782;12.1241;4.31373e+07;1.35721e+06
472;0.46378;3.69806;11.0232;4.31373e+07;1.35721e+06
473;0.463779;3.3619;10.0222;4.31373e+07;1.35721e+06
474;0.463779;3.05631;9.11214;4.31373e+07;1.35721e+06
475;0.463779;2.77849;8.28466;4.31373e+07;1.35721e+06
476;0.463779;2.52592;7.53229;4.31373e+07;1.35721e+06
477;0.463779;2.29632;6.84823;4.31373e+07;1.35721e+06
478;0.463779;2.08758;6.22628;4.31373e+07;1.35721e+06
479;0.463778;1.89782;5.66079;4.31373e+07;1.35721e+06
480;0.463778;1.72531;5.14665;4.31373e+07;1.35721e+06
481;0.463778;1.56848;4.67919;4.31373e+07;1.35721e+06
482;0.463778;1.4259;4.25418;4.31373e+07;1.35721e+06
483;0.463778;1.29629;3.86776;4.31373e+07;1.35721e+06
484;0.463778;1.17846;3.51644;4.31373e+07;1.35721e+06
485;0.463778;1.07134;3.19701;4.31373e+07;1.35721e+06
486;0.463778;0.973951;2.9066;4.31373e+07;1.35721e+06
487;0.463778;0.885419;2.64256;4.31373e+07;1.35721e+06
488;0.463778;0.804934;2.4025;4.31373e+07;1.35721e+06
489;0.463778;0.731766;2.18425;4.31373e+07;1.35721e+06
490;0.463778;0.665249;1.98582;4.31373e+07;1.35721e+06
491;0.463778;0.604777;1.80541;4.31373e+07;1.35721e+06
492;0.463778;0.549803;1.64139;4.31373e+07;1.35721e+06
493;0.463778;0.499826;1.49226;4.31373e+07;1.35721e+06
494;0.463778;0.454392;1.35669;4.31373e+07;1.35721e+06
495;0.463778;0.413088;1.23342;4.31373e+07;1.35721e+06
496;0.463778;0.375538;1.12136;4.31373e+07;1.35721e+06
497;0.463777;0.341402;1.01948;4.31373e+07;1.35721e+06
498;0.463777;0.310368;0.926846;4.31373e+07;1.35721e+06
499;0.463777;0.282156;0.842632;4.31373e+07;1.35721e+06
500;0.463777;0.256508;0.766069;4.31373e+07;1.35721e+06
501;0.463777;0.233191;0.696461;4.31373e+07;1.35721e+06
502;0.463777;0.211994;0.633178;4.31373e+07;1.35721e+06
503;0.463777;0.192724;0.575643;4.31373e+07;1.35721e+06
504;0.463777;0.175205;0.523337;4.31373e+07;1.35721e+06
505;0.463777;0.159279;0.475782;4.31373e+07;1.35721e+06
