192;2.95177e+06;1.7647;0.8787;0.1176;0.0037
193;2.95177e+06;3.15493;0.932525;0.220935;0.00695119
194;2.95177e+06;4.51377;1.10619;0.3306;0.0104015
195;2.95177e+06;6.05556;1.38231;0.460688;0.0144944
196;2.95177e+06;7.94448;1.76509;0.623248;0.019609
197;2.95176e+06;10.3372;2.27314;0.830823;0.0261398
198;2.95176e+06;13.4089;2.93705;1.09814;0.0345504
199;2.95175e+06;17.373;3.79966;1.44354;0.0454175
200;2.95175e+06;22.499;4.91797;1.89038;0.0594763
201;2.95174e+06;29.1325;6.36658;2.46873;0.0776728
202;2.95173e+06;37.7193;8.24246;3.21744;0.101229
203;2.95171e+06;48.8359;10.6713;4.18676;0.131726
204;2.95169e+06;63.228;13.8161;5.44171;0.17121
205;2.95167e+06;81.8612;17.8876;7.06648;0.22233
206;2.95164e+06;105.985;23.159;9.17006;0.288514
207;2.9516e+06;137.218;29.9839;11.8936;0.374202
208;2.95154e+06;177.654;38.82;15.4197;0.485143
209;2.95148e+06;230.006;50.2599;19.9849;0.628777
210;2.95139e+06;297.783;65.0709;25.8955;0.814738
211;2.95127e+06;385.53;84.2462;33.5478;1.0555
212;2.95112e+06;499.129;109.072;43.4551;1.36721
213;2.95093e+06;646.195;141.212;56.282;1.77078
214;2.95068e+06;836.581;182.822;72.8885;2.29326
215;2.95036e+06;1083.04;236.691;94.3884;2.9697
216;2.94994e+06;1402.08;306.429;122.223;3.84546
217;2.9494e+06;1815.05;396.709;158.259;4.97925
218;2.9487e+06;2349.57;513.576;204.912;6.44707
219;2.9478e+06;3041.36;664.856;265.309;8.3473
220;2.94663e+06;3936.59;860.668;343.496;10.8073
221;2.94511e+06;5094.93;1114.11;444.711;13.9917
222;2.94315e+06;6593.43;1442.09;575.729;18.1139
223;2.94061e+06;8531.52;1866.51;745.32;23.4497
224;2.93733e+06;11037.4;2415.62;964.821;30.3558
225;2.93309e+06;14276.1;3125.9;1248.9;39.2936
226;2.92761e+06;18459.8;4044.43;1616.5;50.8594
227;2.92053e+06;23860.7;5231.84;2092.13;65.8238
228;2.91139e+06;30826.8;6766.15;2707.39;85.1816
229;2.89961e+06;39801.8;8747.57;3503.09;110.216
230;2.88445e+06;51348.4;11304.5;4531.81;142.582
231;2.86495e+06;66175.7;14600.8;5861.21;184.409
232;2.83995e+06;85170;18845.1;7578.27;238.432
233;2.80795e+06;109427;24301.1;9794.45;308.159
234;2.76715e+06;140278;31300.3;12652.3;398.073
235;2.71536e+06;179315;40254.9;16333.2;513.884
236;2.65e+06;228374;51671.6;21067.2;662.827
237;2.56812e+06;289496;66163.1;27143.7;854.012
238;2.46651e+06;364792;84452.6;34924.5;1098.82
239;2.34193e+06;456211;107368;44856.2;1411.29
240;2.19153e+06;565139;135814;57482.6;1808.55
241;2.01348e+06;691819;170711;73454.4;2311.06
242;1.80783e+06;834585;212890;93529.9;2942.69
243;1.57751e+06;989040;262930;118566;3730.39
244;1.32923e+06;1.14742e+06;320940;149486;4703.23
245;1.07378e+06;1.29857e+06;386311;187229;5890.71
246;825293;1.42901e+06;457491;232659;7320.06
247;599009;1.5254e+06;531895;286460;9012.77
248;407948;1.5778e+06;606035;349011;10980.8
249;259592;1.58274e+06;675945;420281;13223.1
250;154217;1.54424e+06;737824;499772;15724.1
251;85827.8;1.47226e+06;788697;586540;18454.1
252;45104.2;1.37915e+06;826856;679290;21372.2
253;22645.4;1.27625e+06;851924;776529;24431.6
254;11015.5;1.17187e+06;864596;876715;27583.7
255;5268.02;1.07109e+06;866243;978392;30782.7
256;2511.1;976486;858530;1.08026e+06;33987.8
257;1207.23;889027;843153;1.18122e+06;37164.4
258;590.944;808831;821691;1.28038e+06;40284.1
259;296.633;735603;795543;1.37701e+06;43324.3
260;153.451;668879;765910;1.47057e+06;46267.8
261;82.0684;608150;733806;1.56064e+06;49101.7
262;45.4562;552906;700076;1.64693e+06;51816.8
263;26.0914;502666;665416;1.72926e+06;54407.1
264;15.517;456984;630393;1.80751e+06;56869.1
265;9.55421;415450;595467;1.88165e+06;59201.5
266;6.08337;377689;561001;1.95168e+06;61404.8
267;3.99974;343359;527283;2.01765e+06;63480.5
268;2.71119;312149;494535;2.07966e+06;65431.4
269;1.89145;283776;462923;2.13782e+06;67261.2
270;1.35578;257981;432565;2.19226e+06;68974
271;0.996783;234531;403546;2.24313e+06;70574.5
272;0.750415;213212;375914;2.29058e+06;72067.6
273;0.577549;193831;349697;2.33479e+06;73458.5
274;0.453724;176212;324898;2.37591e+06;74752.4
275;0.363305;160195;301506;2.41412e+06;75954.5
276;0.296089;145633;279495;2.44958e+06;77070.1
277;0.245289;132395;258830;2.48245e+06;78104.2
278;0.206302;120360;239469;2.51289e+06;79061.9
279;0.175954;109420;221362;2.54105e+06;79947.9
280;0.15202;99473.5;204457;2.56708e+06;80767
281;0.132916;90431.3;188698;2.59112e+06;81523.4
282;0.117496;82211.1;174029;2.61331e+06;82221.6
283;0.104921;74738.2;160393;2.63378e+06;82865.5
284;0.0945697;67944.5;147731;2.65264e+06;83459
285;0.0859744;61768.3;135987;2.67002e+06;84005.6
286;0.0787801;56153.6;125107;2.68601e+06;84508.8
287;0.0727143;51049.2;115036;2.70072e+06;84971.6
288;0.0675653;46408.9;105722;2.71425e+06;85397.3
289;0.0631677;42190.3;97116.6;2.72668e+06;85788.5
290;0.0593904;38355.2;89171.5;2.7381e+06;86147.8
291;0.0561291;34868.7;81841.5;2.74859e+06;86477.7
292;0.0532999;31699.2;75083.7;2.75821e+06;86780.5
293;0.050835;28817.7;68857.5;2.76704e+06;87058.3
294;0.0486787;26198.2;63124.6;2.77514e+06;87313.1
295;0.0467857;23816.8;57849;2.78256e+06;87546.7
296;0.0451182;21651.8;52996.9;2.78937e+06;87760.7
297;0.0436449;19683.7;48536.5;2.7956e+06;87956.8
298;0.0423396;17894.4;44438.3;2.80131e+06;88136.4
299;0.0411801;16267.8;40674.5;2.80653e+06;88300.8
300;0.0401479;14789.1;37219.4;2.81132e+06;88451.3
301;0.039227;13444.8;34049;2.81569e+06;88589
302;0.0384038;12222.6;31141;2.8197e+06;88715
303;0.0376666;11111.6;28474.7;2.82336e+06;88830.2
304;0.0370055;10101.6;26030.7;2.82671e+06;88935.6
305;0.0364118;9183.32;23791.4;2.82977e+06;89031.9
306;0.0358778;8348.56;21740.3;2.83257e+06;89119.9
307;0.0353969;7589.67;19862.1;2.83512e+06;89200.4
308;0.0349635;6899.77;18142.7;2.83746e+06;89273.8
309;0.0345725;6272.58;16569.2;2.83959e+06;89341
310;0.0342193;5702.41;15129.5;2.84154e+06;89402.3
311;0.0339002;5184.06;13812.7;2.84332e+06;89458.3
312;0.0336115;4712.83;12608.4;2.84495e+06;89509.4
313;0.0333502;4284.43;11507.4;2.84643e+06;89556
314;0.0331136;3894.98;10501;2.84778e+06;89598.6
315;0.0328992;3540.92;9581.3;2.84902e+06;89637.4
316;0.0327048;3219.05;8740.95;2.85014e+06;89672.9
317;0.0325286;2926.44;7973.29;2.85117e+06;89705.2
318;0.0323687;2660.43;7272.14;2.85211e+06;89734.7
319;0.0322235;2418.6;6631.86;2.85296e+06;89761.6
320;0.0320918;2198.75;6047.27;2.85374e+06;89786.2
321;0.0319721;1998.88;5513.6;2.85446e+06;89808.6
322;0.0318634;1817.18;5026.5;2.8551e+06;89829
323;0.0317647;1652;4581.97;2.8557e+06;89847.6
324;0.0316749;1501.83;4176.34;2.85623e+06;89864.5
325;0.0315934;1365.32;3806.27;2.85673e+06;89880
326;0.0315192;1241.21;3468.68;2.85717e+06;89894
327;0.0314518;1128.38;3160.75;2.85758e+06;89906.9
328;0.0313905;1025.81;2879.92;2.85795e+06;89918.6
329;0.0313347;932.567;2623.83;2.85829e+06;89929.2
330;0.0312841;847.797;2390.33;2.8586e+06;89938.9
331;0.0312379;770.732;2177.45;2.85888e+06;89947.8
332;0.031196;700.673;1983.39;2.85914e+06;89955.8
333;0.0311578;636.982;1806.49;2.85937e+06;89963.2
334;0.0311231;579.08;1645.27;2.85958e+06;89969.9
335;0.0310916;526.442;1498.33;2.85978e+06;89976
336;0.0310628;478.588;1364.44;2.85995e+06;89981.5
337;0.0310367;435.085;1242.44;2.86011e+06;89986.5
338;0.0310129;395.535;1131.28;2.86026e+06;89991.1
339;0.0309913;359.581;1030.01;2.86039e+06;89995.3
340;0.0309716;326.895;937.754;2.86051e+06;89999.1
341;0.0309537;297.181;853.719;2.86062e+06;90002.6
342;0.0309374;270.167;777.177;2.86072e+06;90005.8
343;0.0309226;245.609;707.464;2.86082e+06;90008.6
344;0.0309091;223.283;643.974;2.8609e+06;90011.3
345;0.0308968;202.986;586.156;2.86097e+06;90013.6
346;0.0308856;184.535;533.507;2.86104e+06;90015.8
347;0.0308755;167.761;485.567;2.86111e+06;90017.8
348;0.0308662;152.511;441.917;2.86116e+06;90019.6
349;0.0308578;138.648;402.176;2.86121e+06;90021.2
350;0.0308502;126.045;365.995;2.86126e+06;90022.7
351;0.0308432;114.587;333.057;2.86131e+06;90024.1
352;0.0308369;104.171;303.073;2.86134e+06;90025.3
353;0.0308311;94.7023;275.78;2.86138e+06;90026.4
354;0.0308259;86.0939;250.936;2.86141e+06;90027.4
355;0.0308211;78.2679;228.324;2.86144e+06;90028.4
356;0.0308168;71.1534;207.742;2.86147e+06;90029.2
357;0.0308128;64.6856;189.011;2.86149e+06;90030
358;0.0308092;58.8056;171.964;2.86152e+06;90030.7
359;0.030806;53.4602;156.45;2.86154e+06;90031.3
360;0.030803;48.6007;142.332;2.86155e+06;90031.9
361;0.0308003;44.1829;129.485;2.86157e+06;90032.4
362;0.0307978;40.1667;117.795;2.86159e+06;90032.9
363;0.0307956;36.5155;107.158;2.8616e+06;90033.3
364;0.0307936;33.1963;97.4786;2.86161e+06;90033.7
365;0.0307917;30.1787;88.672;2.86162e+06;90034.1
366;0.03079;27.4355;80.6593;2.86163e+06;90034.4
367;0.0307885;24.9416;73.3692;2.86164e+06;90034.7
368;0.0307871;22.6744;66.7367;2.86165e+06;90035
369;0.0307858;20.6133;60.7027;2.86166e+06;90035.2
370;0.0307847;18.7396;55.2132;2.86167e+06;90035.5
371;0.0307836;17.0361;50.2192;2.86167e+06;90035.7
372;0.0307827;15.4875;45.6762;2.86168e+06;90035.8
373;0.0307818;14.0797;41.5435;2.86169e+06;90036
374;0.030781;12.7999;37.7841;2.86169e+06;90036.2
375;0.0307803;11.6364;34.3644;2.86169e+06;90036.3
376;0.0307796;10.5786;31.2538;2.8617e+06;90036.4
377;0.0307791;9.61703;28.4243;2.8617e+06;90036.6
378;0.0307785;8.74284;25.8506;2.86171e+06;90036.7
379;0.030778;7.94812;23.5097;2.86171e+06;90036.8
380;0.0307776;7.22564;21.3804;2.86171e+06;90036.8
381;0.0307772;6.56883;19.4438;2.86171e+06;90036.9
382;0.0307768;5.97172;17.6824;2.86172e+06;90037
383;0.0307765;5.42889;16.0803;2.86172e+06;90037.1
384;0.0307762;4.9354;14.6233;2.86172e+06;90037.1
385;0.0307759;4.48678;13.2981;2.86172e+06;90037.2
386;0.0307756;4.07893;12.0929;2.86172e+06;90037.2
387;0.0307754;3.70815;10.9968;2.86172e+06;90037.3
388;0.0307752;3.37108;9.99995;2.86173e+06;90037.3
389;0.030775;3.06465;9.09339;2.86173e+06;90037.3
390;0.0307748;2.78608;8.26893;2.86173e+06;90037.4
391;0.0307747;2.53282;7.51917;2.86173e+06;90037.4
392;0.0307745;2.30259;6.83733;2.86173e+06;90037.4
393;0.0307744;2.09328;6.21726;2.86173e+06;90037.5
394;0.0307743;1.903;5.65339;2.86173e+06;90037.5
395;0.0307742;1.73002;5.14062;2.86173e+06;90037.5
396;0.0307741;1.57276;4.67432;2.86173e+06;90037.5
397;0.030774;1.4298;4.25029;2.86173e+06;90037.5
398;0.0307739;1.29983;3.8647;2.86173e+06;90037.6
399;0.0307738;1.18168;3.51406;2.86173e+06;90037.6
400;0.0307738;1.07426;3.19522;2.86174e+06;90037.6
401;0.0307737;0.976611;2.90529;2.86174e+06;90037.6
402;0.0307737;0.887837;2.64165;2.86174e+06;90037.6
403;0.0307736;0.807132;2.40193;2.86174e+06;90037.6
404;0.0307736;0.733764;2.18394;2.86174e+06;90037.6
405;0.0307735;0.667065;1.98573;2.86174e+06;90037.6
406;0.0307735;0.606429;1.80549;2.86174e+06;90037.6
407;0.0307734;0.551305;1.64161;2.86174e+06;90037.6
408;0.0307734;0.501191;1.4926;2.86174e+06;90037.7
409;0.0307734;0.455633;1.3571;2.86174e+06;90037.7
410;0.0307734;0.414216;1.2339;2.86174e+06;90037.7
411;0.0307733;0.376564;1.12188;2.86174e+06;90037.7
412;0.0307733;0.342334;1.02003;2.86174e+06;90037.7
413;0.0307733;0.311216;0.927418;2.86174e+06;90037.7
414;0.0307733;0.282926;0.843212;2.86174e+06;90037.7
415;0.0307733;0.257208;0.766648;2.86174e+06;90037.7
416;0.0307733;0.233828;0.697034;2.86174e+06;90037.7
417;0.0307732;0.212573;0.633739;2.86174e+06;90037.7
418;0.0307732;0.19325;0.576189;2.86174e+06;90037.7
419;0.0307732;0.175684;0.523864;2.86174e+06;90037.7
420;0.0307732;0.159714;0.476289;2.86174e+06;90037.7
