158;2.49827e+07;1.7647;0.8787;0.1176;0.0037
159;2.49827e+07;3.15493;0.932525;0.220935;0.00695119
160;2.49827e+07;4.51377;1.10619;0.3306;0.0104015
161;2.49827e+07;6.05557;1.38231;0.460688;0.0144944
162;2.49827e+07;7.94449;1.76509;0.623248;0.019609
163;2.49827e+07;10.3372;2.27314;0.830823;0.0261398
164;2.49827e+07;13.4089;2.93706;1.09814;0.0345505
165;2.49827e+07;17.3731;3.79967;1.44354;0.0454176
166;2.49827e+07;22.4991;4.91798;1.89038;0.0594763
167;2.49827e+07;29.1327;6.3666;2.46874;0.0776729
168;2.49826e+07;37.7197;8.2425;3.21745;0.101229
169;2.49826e+07;48.8365;10.6714;4.18677;0.131727
170;2.49826e+07;63.229;13.8162;5.44172;0.171211
171;2.49826e+07;81.8628;17.8878;7.06651;0.222331
172;2.49826e+07;105.988;23.1593;9.17011;0.288515
173;2.49825e+07;137.223;29.9844;11.8937;0.374205
174;2.49825e+07;177.662;38.8209;15.4198;0.485147
175;2.49824e+07;230.019;50.2614;19.9852;0.628785
176;2.49823e+07;297.806;65.0735;25.8959;0.814752
177;2.49822e+07;385.569;84.2506;33.5485;1.05552
178;2.4982e+07;499.194;109.079;43.4564;1.36725
179;2.49818e+07;646.305;141.225;56.2841;1.77084
180;2.49816e+07;836.766;182.843;72.8921;2.29338
181;2.49813e+07;1083.35;236.726;94.3945;2.96989
182;2.49809e+07;1402.6;306.488;122.234;3.84578
183;2.49803e+07;1815.93;396.808;158.277;4.97979
184;2.49796e+07;2351.04;513.743;204.941;6.44798
185;2.49787e+07;3043.82;665.136;265.357;8.34883
186;2.49775e+07;3940.72;861.138;343.577;10.8098
187;2.4976e+07;5101.84;1114.89;444.847;13.996
188;2.4974e+07;6605.01;1443.41;575.959;18.1211
189;2.49715e+07;8550.93;1868.72;745.704;23.4618
190;2.49682e+07;11069.9;2419.33;965.466;30.3761
191;2.49639e+07;14330.6;3132.12;1249.98;39.3276
192;2.49584e+07;18551;4054.84;1618.32;50.9164
193;2.49513e+07;24013.4;5249.28;2095.16;65.9193
194;2.4942e+07;31082.3;6795.35;2712.48;85.3416
195;2.493e+07;40229.2;8796.46;3511.61;110.484
196;2.49146e+07;52062.8;11386.3;4546.08;143.031
197;2.48945e+07;67369;14737.6;5885.1;185.161
198;2.48686e+07;87161.1;19073.8;7618.25;239.69
199;2.48351e+07;112744;24683.1;9861.33;310.263
200;2.47918e+07;145797;31937.5;12764.1;401.59
201;2.47359e+07;188475;41316.4;16519.9;519.759
202;2.46637e+07;243535;53437.1;21378.7;672.63
203;2.45706e+07;314496;69092.5;27662.9;870.347
204;2.44506e+07;405829;89299.2;35788.2;1125.99
205;2.42964e+07;523176;115357;46289.8;1456.4
206;2.40984e+07;673609;148921;59855.8;1883.22
207;2.38449e+07;865896;192088;77368.9;2434.23
208;2.35213e+07;1.11076e+06;247498;99958.4;3144.95
209;2.31101e+07;1.42105e+06;318444;129064;4060.69
210;2.25901e+07;1.8118e+06;408990;166513;5238.93
211;2.19374e+07;2.29987e+06;524072;214610;6752.2
212;2.11251e+07;2.90312e+06;669560;276241;8691.26
213;2.01256e+07;3.6387e+06;852236;354982;11168.6
214;1.89135e+07;4.52003e+06;1.07962e+06;455205;14321.9
215;1.74703e+07;5.55235e+06;1.35953e+06;582168;18316.5
216;1.57914e+07;6.7266e+06;1.69933e+06;742048;23346.8
217;1.38941e+07;8.01244e+06;2.10465e+06;941890;29634.3
218;1.1826e+07;9.35214e+06;2.57769e+06;1.1894e+06;37421.5
219;9.66953e+06;1.06585e+07;3.11512e+06;1.49253e+06;46958.9
220;7.53782e+06;1.18214e+07;3.70612e+06;1.85887e+06;58484.9
221;5.55987e+06;1.27248e+07;4.33113e+06;2.29471e+06;72197.5
222;3.85397e+06;1.3274e+07;4.96245e+06;2.80405e+06;88222.7
223;2.49824e+06;1.34231e+07;5.56711e+06;3.38763e+06;106584
224;1.51162e+06;1.31896e+07;6.11198e+06;4.04233e+06;127182
225;855666;1.26466e+07;6.56953e+06;4.7611e+06;149796
226;456198;1.18965e+07;6.92222e+06;5.53367e+06;174104
227;231568;1.10397e+07;7.16395e+06;6.34773e+06;199716
228;113441;1.01543e+07;7.29847e+06;7.19021e+06;226222
229;54423.3;9.29034e+06;7.3362e+06;8.04851e+06;253227
230;25932;8.47433e+06;7.29081e+06;8.91124e+06;280371
231;12425.5;7.71752e+06;7.17675e+06;9.76864e+06;307347
232;6048.01;7.02238e+06;7.00773e+06;1.06126e+07;333901
233;3013.66;6.38708e+06;6.79603e+06;1.14367e+07;359829
234;1545.81;5.80796e+06;6.55226e+06;1.2236e+07;384975
235;819.166;5.28074e+06;6.28541e+06;1.30065e+07;409218
236;449.415;4.80109e+06;6.00301e+06;1.37457e+07;432474
237;255.491;4.36487e+06;5.71127e+06;1.44516e+07;454685
238;150.509;3.96821e+06;5.41526e+06;1.51233e+07;475817
239;91.8187;3.60756e+06;5.11909e+06;1.57601e+07;495853
240;57.9451;3.27966e+06;4.82608e+06;1.63621e+07;514794
241;37.7761;2.98156e+06;4.53879e+06;1.69296e+07;532650
242;25.401;2.71055e+06;4.25926e+06;1.74634e+07;549444
243;17.587;2.46417e+06;3.989e+06;1.79643e+07;565203
244;12.5168;2.24018e+06;3.72913e+06;1.84334e+07;579963
245;9.14132;2.03655e+06;3.48042e+06;1.88719e+07;593760
246;6.83926;1.85143e+06;3.24337e+06;1.92812e+07;606638
247;5.23338;1.68314e+06;3.01824e+06;1.96627e+07;618638
248;4.0893;1.53014e+06;2.80513e+06;2.00176e+07;629806
249;3.25807;1.39105e+06;2.60395e+06;2.03475e+07;640185
250;2.64304;1.26461e+06;2.41454e+06;2.06537e+07;649819
251;2.18021;1.14965e+06;2.23661e+06;2.09377e+07;658753
252;1.82644;1.04515e+06;2.06981e+06;2.12007e+07;667029
253;1.55208;950147;1.91375e+06;2.14441e+07;674687
254;1.33644;863779;1.76798e+06;2.16692e+07;681768
255;1.16486;785262;1.63204e+06;2.18771e+07;688309
256;1.02677;713882;1.50545e+06;2.2069e+07;694348
257;0.91446;648990;1.38773e+06;2.2246e+07;699918
258;0.822236;589997;1.2784e+06;2.24092e+07;705053
259;0.74583;536366;1.17696e+06;2.25596e+07;709783
260;0.682012;487611;1.08295e+06;2.2698e+07;714138
261;0.628305;443287;995910;2.28253e+07;718144
262;0.582797;402992;915401;2.29425e+07;721829
263;0.543992;366360;840995;2.30501e+07;725216
264;0.51071;333058;772284;2.3149e+07;728328
265;0.482013;302783;708881;2.32398e+07;731185
266;0.457149;275260;650417;2.33232e+07;733808
267;0.435511;250239;596542;2.33997e+07;736215
268;0.416602;227492;546929;2.34698e+07;738422
269;0.400017;206813;501265;2.35342e+07;740446
270;0.385421;188014;459261;2.35931e+07;742300
271;0.372535;170924;420643;2.36471e+07;744000
272;0.361126;155387;385156;2.36966e+07;745556
273;0.350999;141262;352561;2.37419e+07;746981
274;0.341988;128421;322636;2.37833e+07;748286
275;0.333954;116748;295174;2.38213e+07;749479
276;0.326775;106135;269982;2.3856e+07;750571
277;0.32035;96487.7;246881;2.38877e+07;751570
278;0.314591;87717;225705;2.39168e+07;752484
279;0.309419;79743.5;206300;2.39433e+07;753319
280;0.30477;72494.8;188525;2.39676e+07;754082
281;0.300585;65905;172246;2.39898e+07;754780
282;0.296814;59914.3;157344;2.401e+07;755417
283;0.293412;54468.1;143704;2.40285e+07;755999
284;0.290341;49516.9;131224;2.40454e+07;756531
285;0.287566;45015.8;119808;2.40608e+07;757016
286;0.285056;40923.9;109367;2.40749e+07;757460
287;0.282785;37203.9;99820.7;2.40878e+07;757864
288;0.280729;33822.1;91094.3;2.40995e+07;758234
289;0.278866;30747.7;83119;2.41103e+07;758571
290;0.277177;27952.7;75831.6;2.412e+07;758878
291;0.275646;25411.8;69174.1;2.41289e+07;759159
292;0.274257;23101.9;63093.2;2.41371e+07;759415
293;0.272996;21001.9;57540;2.41445e+07;759648
294;0.271852;19092.8;52469.5;2.41513e+07;759861
295;0.270813;17357.3;47840.4;2.41574e+07;760055
296;0.269869;15779.5;43615.2;2.41631e+07;760232
297;0.269011;14345.2;39759;2.41682e+07;760394
298;0.268232;13041.2;36240.2;2.41729e+07;760541
299;0.267524;11855.7;33029.7;2.41771e+07;760675
300;0.26688;10778.1;30100.9;2.4181e+07;760797
301;0.266295;9798.34;27429.4;2.41846e+07;760909
302;0.265763;8907.67;24992.9;2.41878e+07;761010
303;0.265279;8097.96;22771;2.41907e+07;761103
304;0.264839;7361.86;20744.9;2.41934e+07;761187
305;0.264439;6692.66;18897.8;2.41958e+07;761264
306;0.264074;6084.3;17213.8;2.41981e+07;761333
307;0.263743;5531.24;15678.9;2.42001e+07;761397
308;0.263442;5028.45;14279.8;2.42019e+07;761455
309;0.263168;4571.36;13004.7;2.42036e+07;761508
310;0.262919;4155.83;11842.8;2.42051e+07;761556
311;0.262692;3778.06;10784;2.42065e+07;761600
312;0.262485;3434.64;9819.36;2.42078e+07;761640
313;0.262298;3122.43;8940.48;2.42089e+07;761676
314;0.262127;2838.6;8139.83;2.421e+07;761709
315;0.261971;2580.57;7410.5;2.4211e+07;761739
316;0.26183;2346;6746.18;2.42118e+07;761767
317;0.261701;2132.75;6141.12;2.42126e+07;761792
318;0.261584;1938.88;5590.07;2.42133e+07;761814
319;0.261477;1762.64;5088.24;2.4214e+07;761835
320;0.261381;1602.41;4631.26;2.42146e+07;761854
321;0.261292;1456.75;4215.15;2.42151e+07;761871
322;0.261212;1324.33;3836.27;2.42156e+07;761887
323;0.261139;1203.95;3491.31;2.42161e+07;761901
324;0.261073;1094.51;3177.25;2.42165e+07;761914
325;0.261012;995.022;2891.34;2.42169e+07;761926
326;0.260957;904.575;2631.07;2.42172e+07;761936
327;0.260907;822.349;2394.15;2.42175e+07;761946
328;0.260862;747.597;2178.49;2.42178e+07;761955
329;0.26082;679.641;1982.2;2.42181e+07;761963
330;0.260783;617.862;1803.53;2.42183e+07;761970
331;0.260748;561.698;1640.93;2.42185e+07;761977
332;0.260717;510.64;1492.94;2.42187e+07;761983
333;0.260689;464.223;1358.27;2.42189e+07;761989
334;0.260663;422.025;1235.71;2.4219e+07;761994
335;0.26064;383.663;1124.18;2.42192e+07;761998
336;0.260618;348.788;1022.69;2.42193e+07;762002
337;0.260599;317.083;930.342;2.42194e+07;762006
338;0.260581;288.26;846.314;2.42195e+07;762009
339;0.260565;262.057;769.859;2.42196e+07;762013
340;0.26055;238.236;700.296;2.42197e+07;762015
341;0.260537;216.581;637.006;2.42198e+07;762018
342;0.260525;196.894;579.424;2.42199e+07;762020
343;0.260514;178.996;527.038;2.422e+07;762023
344;0.260504;162.725;479.379;2.422e+07;762025
345;0.260495;147.933;436.022;2.42201e+07;762026
346;0.260487;134.486;396.58;2.42201e+07;762028
347;0.260479;122.262;360.699;2.42202e+07;762029
348;0.260472;111.148;328.06;2.42202e+07;762031
349;0.260466;101.045;298.37;2.42203e+07;762032
350;0.26046;91.8597;271.362;2.42203e+07;762033
351;0.260455;83.5096;246.796;2.42203e+07;762034
352;0.260451;75.9186;224.451;2.42204e+07;762035
353;0.260446;69.0176;204.126;2.42204e+07;762036
354;0.260442;62.7439;185.639;2.42204e+07;762037
355;0.260439;57.0405;168.825;2.42204e+07;762037
356;0.260436;51.8555;153.531;2.42204e+07;762038
357;0.260433;47.1419;139.621;2.42205e+07;762038
358;0.26043;42.8567;126.971;2.42205e+07;762039
359;0.260428;38.961;115.465;2.42205e+07;762039
360;0.260426;35.4194;105;2.42205e+07;762040
361;0.260424;32.1998;95.4835;2.42205e+07;762040
362;0.260422;29.2729;86.8283;2.42205e+07;762041
363;0.26042;26.612;78.9569;2.42205e+07;762041
364;0.260419;24.1929;71.7985;2.42206e+07;762041
365;0.260417;21.9938;65.2885;2.42206e+07;762041
366;0.260416;19.9946;59.3682;2.42206e+07;762042
367;0.260415;18.1771;53.9844;2.42206e+07;762042
368;0.260414;16.5248;49.0883;2.42206e+07;762042
369;0.260413;15.0227;44.636;2.42206e+07;762042
370;0.260412;13.6571;40.5872;2.42206e+07;762042
371;0.260411;12.4157;36.9054;2.42206e+07;762043
372;0.260411;11.2871;33.5574;2.42206e+07;762043
373;0.26041;10.2611;30.5129;2.42206e+07;762043
374;0.260409;9.32836;27.7444;2.42206e+07;762043
375;0.260409;8.48041;25.227;2.42206e+07;762043
376;0.260408;7.70954;22.9378;2.42206e+07;762043
377;0.260408;7.00875;20.8562;2.42206e+07;762043
378;0.260408;6.37165;18.9635;2.42206e+07;762043
379;0.260407;5.79247;17.2424;2.42206e+07;762043
380;0.260407;5.26593;15.6774;2.42206e+07;762043
381;0.260407;4.78726;14.2544;2.42206e+07;762044
382;0.260406;4.3521;12.9605;2.42206e+07;762044
383;0.260406;3.95649;11.784;2.42206e+07;762044
384;0.260406;3.59685;10.7143;2.42206e+07;762044
385;0.260406;3.2699;9.74157;2.42206e+07;762044
386;0.260405;2.97266;8.85715;2.42206e+07;762044
387;0.260405;2.70245;8.053;2.42206e+07;762044
388;0.260405;2.45679;7.32182;2.42206e+07;762044
389;0.260405;2.23347;6.65701;2.42206e+07;762044
390;0.260405;2.03045;6.05253;2.42206e+07;762044
391;0.260405;1.84588;5.50293;2.42206e+07;762044
392;0.260405;1.67809;5.00321;2.42206e+07;762044
393;0.260405;1.52555;4.54886;2.42206e+07;762044
394;0.260404;1.38688;4.13576;2.42206e+07;762044
395;0.260404;1.26081;3.76016;2.42206e+07;762044
396;0.260404;1.14621;3.41866;2.42206e+07;762044
397;0.260404;1.04202;3.10817;2.42206e+07;762044
398;0.260404;0.947296;2.82586;2.42206e+07;762044
399;0.260404;0.861187;2.5692;2.42206e+07;762044
400;0.260404;0.782905;2.33583;2.42206e+07;762044
401;0.260404;0.711739;2.12366;2.42206e+07;762044
402;0.260404;0.647042;1.93076;2.42206e+07;762044
403;0.260404;0.588226;1.75538;2.42206e+07;762044
404;0.260404;0.534756;1.59592;2.42206e+07;762044
405;0.260404;0.486147;1.45094;2.42206e+07;762044
406;0.260404;0.441956;1.31913;2.42206e+07;762044
407;0.260404;0.401782;1.1993;2.42206e+07;762044
408;0.260404;0.36526;1.09034;2.42206e+07;762044
409;0.260404;0.332058;0.991288;2.42206e+07;762044
410;0.260404;0.301874;0.901229;2.42206e+07;762044
411;0.260404;0.274434;0.81935;2.42206e+07;762044
412;0.260404;0.249488;0.744909;2.42206e+07;762044
413;0.260404;0.226809;0.67723;2.42206e+07;762044
414;0.260404;0.206192;0.615699;2.42206e+07;762044
415;0.260404;0.18745;0.559757;2.42206e+07;762044
416;0.260404;0.17041;0.508898;2.42206e+07;762044
417;0.260404;0.15492;0.462659;2.42206e+07;762044
