210;8.84052e+06;1.7647;0.8787;0.1176;0.0037
211;8.84052e+06;3.15493;0.932525;0.220935;0.00695119
212;8.84052e+06;4.51377;1.10619;0.3306;0.0104015
213;8.84051e+06;6.05557;1.38231;0.460688;0.0144944
214;8.84051e+06;7.94448;1.76509;0.623248;0.019609
215;8.84051e+06;10.3372;2.27314;0.830823;0.0261398
216;8.8405e+06;13.4089;2.93706;1.09814;0.0345505
217;8.8405e+06;17.3731;3.79966;1.44354;0.0454176
218;8.84049e+06;22.4991;4.91798;1.89038;0.0594763
219;8.84048e+06;29.1327;6.3666;2.46874;0.0776728
220;8.84047e+06;37.7196;8.24249;3.21745;0.101229
221;8.84046e+06;48.8363;10.6714;4.18676;0.131726
222;8.84044e+06;63.2288;13.8162;5.44172;0.171211
223;8.84041e+06;81.8624;17.8878;7.0665;0.22233
224;8.84038e+06;105.987;23.1593;9.1701;0.288515
225;8.84034e+06;137.222;29.9843;11.8936;0.374204
226;8.84029e+06;177.66;38.8206;15.4198;0.485146
227;8.84022e+06;230.016;50.261;19.9851;0.628783
228;8.84013e+06;297.8;65.0728;25.8958;0.814748
229;8.84002e+06;385.559;84.2495;33.5484;1.05552
230;8.83987e+06;499.178;109.077;43.4561;1.36724
231;8.83968e+06;646.278;141.222;56.2836;1.77083
232;8.83943e+06;836.721;182.838;72.8913;2.29335
233;8.8391e+06;1083.28;236.718;94.393;2.96985
234;8.83869e+06;1402.48;306.474;122.231;3.8457
235;8.83815e+06;1815.71;396.784;158.272;4.97966
236;8.83745e+06;2350.68;513.702;204.934;6.44776
237;8.83654e+06;3043.22;665.067;265.345;8.34845
238;8.83537e+06;3939.71;861.023;343.557;10.8092
239;8.83385e+06;5100.15;1114.7;444.814;13.995
240;8.83188e+06;6602.17;1443.09;575.902;18.1194
241;8.82934e+06;8546.17;1868.18;745.61;23.4588
242;8.82605e+06;11061.9;2418.42;965.308;30.3711
243;8.82179e+06;14317.2;3130.59;1249.71;39.3192
244;8.81627e+06;18528.7;4052.29;1617.87;50.9024
245;8.80914e+06;23975.9;5245;2094.42;65.8959
246;8.79992e+06;31019.5;6788.19;2711.23;85.3024
247;8.78799e+06;40124.1;8784.46;3509.52;110.419
248;8.77258e+06;51886.8;11366.2;4542.58;142.921
249;8.75268e+06;67074.3;14704;5879.24;184.976
250;8.72699e+06;86668.1;19017.4;7608.43;239.381
251;8.69386e+06;111920;24588.8;9844.88;309.745
252;8.65119e+06;144420;31779.7;12736.5;400.724
253;8.5963e+06;186175;41052.5;16473.8;518.308
254;8.52585e+06;239700;52996.2;21301.6;670.203
255;8.43565e+06;308111;68356.4;27533.9;866.289
256;8.32054e+06;395219;88072.1;35572.6;1119.21
257;8.17424e+06;505591;113314;45929.9;1445.07
258;7.98932e+06;644558;145528;59255.7;1864.34
259;7.75718e+06;818102;186465;76369.7;2402.79
260;7.46837e+06;1.03255e+06;238213;98298.1;3092.71
261;7.11312e+06;1.29394e+06;303176;126312;3974.1
262;6.68245e+06;1.60699e+06;384020;161965;5095.85
263;6.16991e+06;1.97346e+06;483513;207126;6516.72
264;5.57397e+06;2.39001e+06;604250;263987;8305.72
265;4.90102e+06;2.8457e+06;748206;335047;10541.4
266;4.16817e+06;3.31988e+06;916123;423036;13309.8
267;3.40478e+06;3.78149e+06;1.10677e+06;530772;16699.5
268;2.65114e+06;4.19139e+06;1.31626e+06;660929;20794.5
269;1.95293e+06;4.50861e+06;1.5376e+06;815721;25664.7
270;1.35178e+06;4.69993e+06;1.76092e+06;996543;31353.8
271;874930;4.74955e+06;1.97454e+06;1.20363e+06;37869.2
272;528595;4.66415e+06;2.16677e+06;1.43583e+06;45175
273;298794;4.46998e+06;2.32791e+06;1.69064e+06;53192
274;159109;4.20335e+06;2.45185e+06;1.96441e+06;61805.3
275;80688.8;3.89968e+06;2.53653e+06;2.25274e+06;70877.2
276;39503.6;3.58639e+06;2.58333e+06;2.55104e+06;80262.3
277;18946.2;3.28094e+06;2.59597e+06;2.85484e+06;89820.6
278;9027.61;2.99262e+06;2.57932e+06;3.16013e+06;99425.7
279;4326.7;2.72529e+06;2.53848e+06;3.46345e+06;108969
280;2106.93;2.47978e+06;2.47829e+06;3.76198e+06;118362
281;1050.48;2.25543e+06;2.40309e+06;4.05343e+06;127531
282;539.201;2.05092e+06;2.31661e+06;4.33603e+06;136423
283;285.951;1.86475e+06;2.22203e+06;4.60846e+06;144994
284;157.003;1.69537e+06;2.12201e+06;4.86977e+06;153216
285;89.3262;1.54133e+06;2.01872e+06;5.11932e+06;161067
286;52.6629;1.40126e+06;1.91395e+06;5.35672e+06;168536
287;32.1519;1.2739e+06;1.80916e+06;5.5818e+06;175618
288;20.3054;1.15812e+06;1.70551e+06;5.79456e+06;182312
289;13.247;1.05285e+06;1.60391e+06;5.99513e+06;188622
290;8.91333;957152;1.50506e+06;6.18375e+06;194557
291;6.17524;870150;1.4095e+06;6.36074e+06;200125
292;4.39756;791055;1.31762e+06;6.5265e+06;205341
293;3.21343;719149;1.2297e+06;6.68145e+06;210216
294;2.40543;653780;1.14591e+06;6.82606e+06;214766
295;1.84151;594352;1.06634e+06;6.96082e+06;219006
296;1.43958;540325;991019;7.08623e+06;222951
297;1.14743;491210;919924;7.20277e+06;226618
298;0.931184;446559;852988;7.31095e+06;230021
299;0.768397;405967;790113;7.41126e+06;233178
300;0.643924;369065;731175;7.50418e+06;236101
301;0.547363;335517;676031;7.59017e+06;238806
302;0.471448;305019;624527;7.66967e+06;241308
303;0.411026;277292;576498;7.74311e+06;243618
304;0.362386;252087;531775;7.81091e+06;245751
305;0.322819;229172;490185;7.87345e+06;247719
306;0.290321;208340;451557;7.93109e+06;249533
307;0.263392;189402;415722;7.98419e+06;251203
308;0.240896;172186;382511;8.03308e+06;252742
309;0.221961;156534;351764;8.07807e+06;254157
310;0.205914;142305;323324;8.11943e+06;255458
311;0.192229;129369;297041;8.15746e+06;256655
312;0.18049;117610;272769;8.19239e+06;257754
313;0.170368;106919;250373;8.22447e+06;258763
314;0.161596;97200.2;229722;8.25391e+06;259689
315;0.153962;88364.7;210692;8.28093e+06;260539
316;0.14729;80332.3;193167;8.3057e+06;261319
317;0.141438;73030.1;177038;8.32842e+06;262034
318;0.136287;66391.7;162202;8.34924e+06;262689
319;0.131739;60356.7;148562;8.36831e+06;263289
320;0.127712;54870.3;136028;8.38579e+06;263838
321;0.124138;49882.6;124515;8.40178e+06;264342
322;0.120957;45348.2;113946;8.41643e+06;264802
323;0.118121;41226.1;104246;8.42983e+06;265224
324;0.115587;37478.6;95348.8;8.44208e+06;265610
325;0.113319;34071.8;87189.8;8.4533e+06;265963
326;0.111286;30974.7;79710.8;8.46355e+06;266285
327;0.10946;28159.1;72857.5;8.47293e+06;266580
328;0.107819;25599.4;66579.6;8.48149e+06;266850
329;0.106341;23272.5;60830.4;8.48932e+06;267096
330;0.10501;21157;55567.2;8.49648e+06;267321
331;0.103809;19233.8;50750.1;8.50301e+06;267527
332;0.102724;17485.5;46342.4;8.50898e+06;267714
333;0.101744;15896;42310.5;8.51443e+06;267886
334;0.100858;14451.1;38623.2;8.51941e+06;268043
335;0.100056;13137.5;35251.8;8.52395e+06;268185
336;0.09933;11943.3;32170;8.52809e+06;268316
337;0.0986722;10857.6;29353.4;8.53188e+06;268435
338;0.0980759;9870.69;26779.8;8.53533e+06;268543
339;0.0975352;8973.44;24428.6;8.53848e+06;268643
340;0.0970447;8157.76;22281.1;8.54135e+06;268733
341;0.0965995;7416.22;20320;8.54397e+06;268815
342;0.0961954;6742.08;18529.3;8.54636e+06;268891
343;0.0958285;6129.23;16894.5;8.54854e+06;268959
344;0.0954952;5572.08;15402.4;8.55053e+06;269022
345;0.0951924;5065.58;14040.6;8.55234e+06;269079
346;0.0949172;4605.12;12797.9;8.55399e+06;269131
347;0.0946671;4186.51;11664.1;8.55549e+06;269178
348;0.0944398;3805.96;10629.8;8.55687e+06;269221
349;0.0942331;3460;9686.39;8.55812e+06;269260
350;0.0940451;3145.49;8825.95;8.55925e+06;269296
351;0.0938743;2859.56;8041.29;8.56029e+06;269329
352;0.0937188;2599.63;7325.81;8.56124e+06;269359
353;0.0935775;2363.32;6673.5;8.5621e+06;269386
354;0.0934489;2148.5;6078.83;8.56288e+06;269410
355;0.0933319;1953.2;5536.76;8.5636e+06;269433
356;0.0932256;1775.65;5042.7;8.56425e+06;269453
357;0.0931288;1614.24;4592.43;8.56484e+06;269472
358;0.0930407;1467.51;4182.1;8.56538e+06;269489
359;0.0929606;1334.11;3808.21;8.56588e+06;269505
360;0.0928877;1212.84;3467.54;8.56632e+06;269519
361;0.0928214;1102.6;3157.18;8.56673e+06;269531
362;0.0927611;1002.37;2874.44;8.5671e+06;269543
363;0.0927062;911.254;2616.88;8.56744e+06;269554
364;0.0926562;828.421;2382.29;8.56775e+06;269563
365;0.0926108;753.118;2168.62;8.56803e+06;269572
366;0.0925694;684.659;1974.03;8.56828e+06;269580
367;0.0925318;622.424;1796.81;8.56852e+06;269588
368;0.0924976;565.846;1635.44;8.56873e+06;269594
369;0.0924664;514.41;1488.49;8.56892e+06;269600
370;0.0924381;467.65;1354.7;8.56909e+06;269606
371;0.0924123;425.141;1232.88;8.56925e+06;269611
372;0.0923888;386.496;1121.98;8.5694e+06;269615
373;0.0923675;351.363;1021.02;8.56953e+06;269620
374;0.0923481;319.424;929.106;8.56965e+06;269623
375;0.0923304;290.389;845.441;8.56976e+06;269627
376;0.0923143;263.992;769.286;8.56986e+06;269630
377;0.0922997;239.996;699.968;8.56995e+06;269633
378;0.0922864;218.18;636.878;8.57003e+06;269635
379;0.0922743;198.347;579.457;8.57011e+06;269638
380;0.0922633;180.318;527.199;8.57017e+06;269640
381;0.0922533;163.927;479.64;8.57024e+06;269642
382;0.0922442;149.026;436.361;8.57029e+06;269644
383;0.0922359;135.479;396.977;8.57034e+06;269645
384;0.0922283;123.164;361.139;8.57039e+06;269647
385;0.0922215;111.969;328.528;8.57043e+06;269648
386;0.0922152;101.791;298.856;8.57047e+06;269649
387;0.0922096;92.538;271.857;8.57051e+06;269650
388;0.0922044;84.1263;247.293;8.57054e+06;269651
389;0.0921997;76.4792;224.943;8.57057e+06;269652
390;0.0921954;69.5272;204.609;8.57059e+06;269653
391;0.0921916;63.2072;186.11;8.57062e+06;269654
392;0.092188;57.4617;169.281;8.57064e+06;269655
393;0.0921848;52.2384;153.97;8.57066e+06;269655
394;0.0921819;47.49;140.042;8.57068e+06;269656
395;0.0921792;43.1731;127.372;8.5707e+06;269656
396;0.0921768;39.2487;115.846;8.57071e+06;269657
397;0.0921746;35.681;105.362;8.57072e+06;269657
398;0.0921726;32.4376;95.8247;8.57074e+06;269658
399;0.0921708;29.489;87.1497;8.57075e+06;269658
400;0.0921692;26.8085;79.259;8.57076e+06;269658
401;0.0921676;24.3716;72.0818;8.57077e+06;269658
402;0.0921663;22.1562;65.5536;8.57078e+06;269659
403;0.092165;20.1422;59.616;8.57078e+06;269659
404;0.0921639;18.3113;54.2155;8.57079e+06;269659
405;0.0921629;16.6468;49.3036;8.5708e+06;269659
406;0.0921619;15.1336;44.8363;8.5708e+06;269660
407;0.0921611;13.7579;40.7733;8.57081e+06;269660
408;0.0921603;12.5074;37.0781;8.57081e+06;269660
409;0.0921596;11.3704;33.7174;8.57082e+06;269660
410;0.092159;10.3369;30.6611;8.57082e+06;269660
411;0.0921584;9.39724;27.8815;8.57082e+06;269660
412;0.0921579;8.54303;25.3537;8.57083e+06;269660
413;0.0921574;7.76647;23.0549;8.57083e+06;269660
414;0.0921569;7.0605;20.9643;8.57083e+06;269661
415;0.0921565;6.4187;19.0631;8.57084e+06;269661
416;0.0921562;5.83524;17.3342;8.57084e+06;269661
417;0.0921559;5.30482;15.762;8.57084e+06;269661
418;0.0921556;4.82261;14.3323;8.57084e+06;269661
419;0.0921553;4.38424;13.0321;8.57084e+06;269661
420;0.092155;3.98571;11.8499;8.57085e+06;269661
421;0.0921548;3.62341;10.7748;8.57085e+06;269661
422;0.0921546;3.29404;9.79717;8.57085e+06;269661
423;0.0921544;2.99461;8.9082;8.57085e+06;269661
424;0.0921543;2.7224;8.09985;8.57085e+06;269661
425;0.0921541;2.47494;7.3648;8.57085e+06;269661
426;0.092154;2.24996;6.69642;8.57085e+06;269661
427;0.0921538;2.04544;6.08867;8.57085e+06;269661
428;0.0921537;1.85951;5.53604;8.57085e+06;269661
429;0.0921536;1.69048;5.03355;8.57085e+06;269661
430;0.0921535;1.53682;4.57665;8.57085e+06;269661
431;0.0921534;1.39712;4.1612;8.57086e+06;269661
432;0.0921533;1.27012;3.78344;8.57086e+06;269661
433;0.0921533;1.15467;3.43996;8.57086e+06;269661
434;0.0921532;1.04971;3.12766;8.57086e+06;269661
435;0.0921532;0.954291;2.84369;8.57086e+06;269661
436;0.0921531;0.867546;2.5855;8.57086e+06;269661
437;0.092153;0.788686;2.35073;8.57086e+06;269661
438;0.092153;0.716995;2.13728;8.57086e+06;269661
439;0.092153;0.65182;1.9432;8.57086e+06;269661
440;0.0921529;0.592569;1.76674;8.57086e+06;269661
441;0.0921529;0.538705;1.6063;8.57086e+06;269661
442;0.0921529;0.489737;1.46043;8.57086e+06;269661
443;0.0921528;0.44522;1.32779;8.57086e+06;269661
444;0.0921528;0.404749;1.2072;8.57086e+06;269661
445;0.0921528;0.367958;1.09756;8.57086e+06;269661
446;0.0921528;0.33451;0.997874;8.57086e+06;269661
447;0.0921527;0.304103;0.907239;8.57086e+06;269661
448;0.0921527;0.27646;0.824834;8.57086e+06;269661
449;0.0921527;0.25133;0.749912;8.57086e+06;269661
450;0.0921527;0.228484;0.681793;8.57086e+06;269661
451;0.0921527;0.207715;0.619861;8.57086e+06;269661
452;0.0921527;0.188834;0.563553;8.57086e+06;269661
453;0.0921527;0.171669;0.512359;8.57086e+06;269661
454;0.0921527;0.156064;0.465815;8.57086e+06;269661
