183;9.9398e+06;1.7647;0.8787;0.1176;0.0037
184;9.9398e+06;3.15493;0.932525;0.220935;0.00695119
185;9.9398e+06;4.51377;1.10619;0.3306;0.0104015
186;9.93979e+06;6.05557;1.38231;0.460688;0.0144944
187;9.93979e+06;7.94448;1.76509;0.623248;0.019609
188;9.93979e+06;10.3372;2.27314;0.830823;0.0261398
189;9.93978e+06;13.4089;2.93706;1.09814;0.0345505
190;9.93978e+06;17.3731;3.79966;1.44354;0.0454176
191;9.93977e+06;22.4991;4.91798;1.89038;0.0594763
192;9.93976e+06;29.1327;6.3666;2.46874;0.0776728
193;9.93975e+06;37.7196;8.24249;3.21745;0.101229
194;9.93974e+06;48.8363;10.6714;4.18677;0.131726
195;9.93972e+06;63.2288;13.8162;5.44172;0.171211
196;9.93969e+06;81.8625;17.8878;7.0665;0.22233
197;9.93966e+06;105.987;23.1593;9.1701;0.288515
198;9.93962e+06;137.222;29.9843;11.8936;0.374205
199;9.93957e+06;177.661;38.8207;15.4198;0.485146
200;9.9395e+06;230.017;50.2611;19.9851;0.628783
201;9.93941e+06;297.801;65.0729;25.8958;0.814749
202;9.9393e+06;385.561;84.2497;33.5484;1.05552
203;9.93915e+06;499.181;109.078;43.4561;1.36724
204;9.93896e+06;646.282;141.222;56.2837;1.77083
205;9.93871e+06;836.729;182.839;72.8914;2.29335
206;9.93838e+06;1083.29;236.719;94.3933;2.96986
207;9.93797e+06;1402.5;306.476;122.231;3.84572
208;9.93743e+06;1815.75;396.788;158.273;4.97968
209;9.93673e+06;2350.74;513.709;204.935;6.44779
210;9.93582e+06;3043.32;665.079;265.348;8.34852
211;9.93465e+06;3939.88;861.043;343.561;10.8093
212;9.93313e+06;5100.44;1114.73;444.819;13.9952
213;9.93116e+06;6602.66;1443.15;575.912;18.1197
214;9.92862e+06;8546.99;1868.27;745.626;23.4593
215;9.92532e+06;11063.3;2418.57;965.335;30.3719
216;9.92106e+06;14319.5;3130.86;1249.76;39.3207
217;9.91555e+06;18532.5;4052.73;1617.95;50.9048
218;9.90841e+06;23982.3;5245.73;2094.55;65.8999
219;9.89918e+06;31030.3;6789.42;2711.45;85.3091
220;9.88725e+06;40142;8786.51;3509.88;110.43
221;9.87183e+06;51916.9;11369.6;4543.18;142.94
222;9.8519e+06;67124.7;14709.7;5880.24;185.008
223;9.82617e+06;86752.2;19027.1;7610.11;239.434
224;9.79298e+06;112060;24604.9;9847.69;309.834
225;9.7502e+06;144654;31806.6;12741.2;400.872
226;9.69514e+06;186566;41097.5;16481.7;518.556
227;9.62439e+06;240350;53071.2;21314.7;670.617
228;9.53371e+06;309191;68481.5;27555.9;866.98
229;9.41778e+06;397008;88280.2;35609.3;1120.36
230;9.27016e+06;508542;113660;45991.1;1447
231;9.08307e+06;649406;146099;59357.5;1867.54
232;8.84743e+06;826018;187408;76538.8;2408.11
233;8.55298e+06;1.04538e+06;239761;98578;3101.52
234;8.1888e+06;1.31454e+06;305703;126774;3988.63
235;7.74418e+06;1.63967e+06;388113;162725;5119.73
236;7.21029e+06;2.02451e+06;490080;208367;6555.75
237;6.58252e+06;2.46825e+06;614661;266000;8369.05
238;5.86359e+06;2.96281e+06;764466;338284;10643.3
239;5.06692e+06;3.49017e+06;941056;428185;13471.8
240;4.21922e+06;4.02061e+06;1.14416e+06;538854;16953.7
241;3.3607e+06;4.51366e+06;1.37085e+06;673407;21187.1
242;2.54103e+06;4.92304e+06;1.61486e+06;834619;26259.3
243;1.81059e+06;5.20597e+06;1.86648e+06;1.02453e+06;32234.2
244;1.20866e+06;5.33468e+06;2.1133e+06;1.24402e+06;39140.2
245;753387;5.30503e+06;2.34188e+06;1.49255e+06;46959.4
246;438662;5.13753e+06;2.54003e+06;1.76795e+06;55624.4
247;239732;4.86946e+06;2.69893e+06;2.06666e+06;65022.5
248;124105;4.54245e+06;2.81418e+06;2.38405e+06;75008.5
249;61627.5;4.19202e+06;2.88573e+06;2.715e+06;85421
250;29780.3;3.84281e+06;2.91675e+06;3.05436e+06;96098.2
251;14208.5;3.50907e+06;2.91226e+06;3.39737e+06;106890
252;6782.31;3.19752e+06;2.87797e+06;3.73986e+06;117666
253;3275.37;2.91038e+06;2.81953e+06;4.07831e+06;128314
254;1614.36;2.64748e+06;2.74207e+06;4.40988e+06;138746
255;817.326;2.40762e+06;2.65012e+06;4.73235e+06;148892
256;426.929;2.18916e+06;2.54751e+06;5.044e+06;158697
257;230.704;1.99036e+06;2.43749e+06;5.34359e+06;168123
258;129.15;1.80954e+06;2.32275e+06;5.63024e+06;177142
259;74.9249;1.64511e+06;2.20549e+06;5.9034e+06;185736
260;45.0288;1.4956e+06;2.0875e+06;6.16276e+06;193896
261;28.0086;1.35966e+06;1.97024e+06;6.40825e+06;201620
262;18.0086;1.23608e+06;1.85484e+06;6.63995e+06;208910
263;11.9509;1.12373e+06;1.74221e+06;6.85808e+06;215773
264;8.17238;1.02158e+06;1.63303e+06;7.06296e+06;222219
265;5.74883;928724;1.5278e+06;7.25501e+06;228261
266;4.15285;844305;1.4269e+06;7.43468e+06;233914
267;3.07546;767559;1.33056e+06;7.60248e+06;239194
268;2.33104;697788;1.23894e+06;7.75895e+06;244117
269;1.8054;634360;1.15208e+06;7.90465e+06;248701
270;1.42665;576697;1.07e+06;8.04014e+06;252964
271;1.14856;524276;992630;8.16597e+06;256923
272;0.940775;476619;919881;8.2827e+06;260595
273;0.782997;433295;851624;8.39088e+06;263999
274;0.661381;393908;787708;8.49103e+06;267150
275;0.566333;358102;727966;8.58367e+06;270064
276;0.491095;325551;672215;8.66928e+06;272758
277;0.430832;295958;620268;8.74833e+06;275245
278;0.382037;269056;571932;8.82127e+06;277540
279;0.342131;244599;527014;8.88853e+06;279656
280;0.309193;222365;485321;8.95051e+06;281606
281;0.281775;202152;446664;9.00758e+06;283402
282;0.258775;183776;410860;9.06011e+06;285054
283;0.239342;167071;377728;9.10843e+06;286575
284;0.222815;151884;347096;9.15285e+06;287972
285;0.208674;138078;318800;9.19367e+06;289256
286;0.19651;125527;292680;9.23116e+06;290436
287;0.185991;114116;268589;9.26558e+06;291519
288;0.176854;103743;246382;9.29716e+06;292513
289;0.168884;94312.8;225926;9.32614e+06;293424
290;0.161904;85739.8;207094;9.35271e+06;294260
291;0.155769;77946.1;189768;9.37706e+06;295027
292;0.150361;70860.8;173834;9.39938e+06;295729
293;0.145578;64419.5;159189;9.41982e+06;296372
294;0.141337;58563.8;145735;9.43854e+06;296961
295;0.137568;53240.4;133381;9.45568e+06;297500
296;0.13421;48400.8;122041;9.47136e+06;297994
297;0.131212;44001.2;111637;9.48572e+06;298445
298;0.128531;40001.5;102096;9.49884e+06;298858
299;0.126129;36365.3;93347.5;9.51085e+06;299236
300;0.123974;33059.7;85330.1;9.52183e+06;299581
301;0.122037;30054.6;77984.7;9.53186e+06;299897
302;0.120295;27322.6;71257.1;9.54103e+06;300186
303;0.118726;24839;65097.2;9.54941e+06;300449
304;0.117311;22581.2;59458.8;9.55707e+06;300690
305;0.116034;20528.5;54299.1;9.56406e+06;300910
306;0.11488;18662.5;49578.6;9.57045e+06;301111
307;0.113838;16966.1;45261.2;9.57628e+06;301294
308;0.112894;15423.9;41313.2;9.5816e+06;301462
309;0.11204;14021.8;37703.9;9.58646e+06;301615
310;0.111267;12747.2;34405;9.59089e+06;301754
311;0.110566;11588.5;31390.4;9.59494e+06;301882
312;0.10993;10535.1;28636.2;9.59863e+06;301998
313;0.109354;9577.48;26120.2;9.602e+06;302104
314;0.108831;8706.89;23822.5;9.60507e+06;302200
315;0.108356;7915.43;21724.2;9.60787e+06;302288
316;0.107925;7195.92;19808.6;9.61043e+06;302369
317;0.107534;6541.81;18059.9;9.61276e+06;302442
318;0.107178;5947.16;16463.9;9.61488e+06;302509
319;0.106855;5406.56;15007.4;9.61682e+06;302570
320;0.106561;4915.11;13678.5;9.61858e+06;302625
321;0.106295;4468.33;12466.1;9.62019e+06;302676
322;0.106052;4062.15;11360.1;9.62166e+06;302722
323;0.105831;3692.91;10351.4;9.62299e+06;302764
324;0.105631;3357.22;9431.44;9.62421e+06;302802
325;0.105448;3052.05;8592.58;9.62532e+06;302837
326;0.105282;2774.62;7827.73;9.62633e+06;302869
327;0.105131;2522.41;7130.44;9.62725e+06;302898
328;0.104994;2293.12;6494.8;9.62809e+06;302925
329;0.104869;2084.67;5915.43;9.62885e+06;302949
330;0.104756;1895.18;5387.38;9.62955e+06;302970
331;0.104652;1722.91;4906.17;9.63018e+06;302990
332;0.104558;1566.29;4467.66;9.63076e+06;303009
333;0.104473;1423.92;4068.11;9.63128e+06;303025
334;0.104395;1294.48;3704.08;9.63176e+06;303040
335;0.104324;1176.82;3372.45;9.6322e+06;303054
336;0.10426;1069.84;3070.34;9.63259e+06;303066
337;0.104201;972.594;2795.16;9.63295e+06;303078
338;0.104148;884.186;2544.51;9.63328e+06;303088
339;0.104099;803.813;2316.24;9.63358e+06;303097
340;0.104055;730.747;2108.34;9.63385e+06;303106
341;0.104015;664.322;1919.03;9.6341e+06;303114
342;0.103978;603.935;1746.63;9.63433e+06;303121
343;0.103945;549.037;1589.67;9.63453e+06;303127
344;0.103915;499.13;1446.75;9.63472e+06;303133
345;0.103887;453.759;1316.63;9.63489e+06;303139
346;0.103862;412.512;1198.17;9.63505e+06;303143
347;0.10384;375.015;1090.33;9.63519e+06;303148
348;0.103819;340.926;992.159;9.63531e+06;303152
349;0.1038;309.936;902.8;9.63543e+06;303156
350;0.103783;281.763;821.464;9.63554e+06;303159
351;0.103767;256.151;747.433;9.63563e+06;303162
352;0.103753;232.866;680.053;9.63572e+06;303165
353;0.10374;211.699;618.73;9.6358e+06;303167
354;0.103728;192.456;562.922;9.63587e+06;303170
355;0.103718;174.961;512.133;9.63594e+06;303172
356;0.103708;159.057;465.916;9.636e+06;303174
357;0.103699;144.599;423.858;9.63606e+06;303175
358;0.103691;131.455;385.588;9.63611e+06;303177
359;0.103684;119.506;350.766;9.63615e+06;303178
360;0.103677;108.643;319.081;9.63619e+06;303180
361;0.103671;98.7671;290.252;9.63623e+06;303181
362;0.103665;89.7891;264.022;9.63626e+06;303182
363;0.10366;81.6273;240.158;9.6363e+06;303183
364;0.103656;74.2074;218.447;9.63632e+06;303184
365;0.103652;67.462;198.695;9.63635e+06;303184
366;0.103648;61.3297;180.725;9.63637e+06;303185
367;0.103644;55.7548;164.378;9.63639e+06;303186
368;0.103641;50.6867;149.507;9.63641e+06;303186
369;0.103639;46.0793;135.98;9.63643e+06;303187
370;0.103636;41.8907;123.674;9.63645e+06;303188
371;0.103634;38.0828;112.48;9.63646e+06;303188
372;0.103631;34.6211;102.298;9.63647e+06;303188
373;0.10363;31.474;93.0363;9.63649e+06;303189
374;0.103628;28.613;84.612;9.6365e+06;303189
375;0.103626;26.0121;76.9495;9.63651e+06;303189
376;0.103625;23.6476;69.98;9.63652e+06;303190
377;0.103623;21.4981;63.641;9.63652e+06;303190
378;0.103622;19.5439;57.8755;9.63653e+06;303190
379;0.103621;17.7673;52.6317;9.63654e+06;303190
380;0.10362;16.1523;47.8626;9.63655e+06;303191
381;0.103619;14.684;43.5251;9.63655e+06;303191
382;0.103618;13.3493;39.5803;9.63656e+06;303191
383;0.103618;12.1358;35.9926;9.63656e+06;303191
384;0.103617;11.0327;32.7299;9.63656e+06;303191
385;0.103616;10.0298;29.7626;9.63657e+06;303191
386;0.103616;9.1181;27.0641;9.63657e+06;303191
387;0.103615;8.28926;24.6101;9.63658e+06;303192
388;0.103615;7.53577;22.3784;9.63658e+06;303192
389;0.103614;6.85077;20.3489;9.63658e+06;303192
390;0.103614;6.22803;18.5033;9.63658e+06;303192
391;0.103614;5.66191;16.825;9.63659e+06;303192
392;0.103613;5.14724;15.2988;9.63659e+06;303192
393;0.103613;4.67936;13.9109;9.63659e+06;303192
394;0.103613;4.254;12.6489;9.63659e+06;303192
395;0.103612;3.86731;11.5013;9.63659e+06;303192
396;0.103612;3.51578;10.4577;9.63659e+06;303192
397;0.103612;3.19619;9.50875;9.6366e+06;303192
398;0.103612;2.90566;8.64588;9.6366e+06;303192
399;0.103612;2.64153;7.86126;9.6366e+06;303192
400;0.103612;2.40142;7.1478;9.6366e+06;303192
401;0.103611;2.18313;6.49906;9.6366e+06;303192
402;0.103611;1.98468;5.90917;9.6366e+06;303192
403;0.103611;1.80428;5.3728;9.6366e+06;303192
404;0.103611;1.64027;4.88509;9.6366e+06;303192
405;0.103611;1.49117;4.44162;9.6366e+06;303192
406;0.103611;1.35562;4.0384;9.6366e+06;303192
407;0.103611;1.23239;3.67177;9.6366e+06;303192
408;0.103611;1.12037;3.33841;9.6366e+06;303192
409;0.103611;1.01853;3.0353;9.6366e+06;303192
410;0.103611;0.925944;2.7597;9.6366e+06;303192
411;0.103611;0.841776;2.50912;9.6366e+06;303192
412;0.103611;0.765258;2.28128;9.6366e+06;303192
413;0.10361;0.695696;2.07412;9.6366e+06;303192
414;0.10361;0.632458;1.88577;9.6366e+06;303193
415;0.10361;0.574967;1.71452;9.63661e+06;303193
416;0.10361;0.522703;1.55881;9.63661e+06;303193
417;0.10361;0.475189;1.41724;9.63661e+06;303193
418;0.10361;0.431994;1.28852;9.63661e+06;303193
419;0.10361;0.392726;1.17149;9.63661e+06;303193
420;0.10361;0.357027;1.06509;9.63661e+06;303193
421;0.10361;0.324574;0.968349;9.63661e+06;303193
422;0.10361;0.29507;0.880392;9.63661e+06;303193
423;0.10361;0.268248;0.800423;9.63661e+06;303193
424;0.10361;0.243864;0.727715;9.63661e+06;303193
425;0.10361;0.221697;0.661611;9.63661e+06;303193
426;0.10361;0.201545;0.601509;9.63661e+06;303193
427;0.10361;0.183224;0.546867;9.63661e+06;303193
428;0.10361;0.166569;0.497187;9.63661e+06;303193
