152;385638;1.7647;0.8787;0.1176;0.0037
153;385637;3.15492;0.932525;0.220935;0.00695119
154;385635;4.51375;1.10619;0.3306;0.0104015
155;385633;6.05553;1.38231;0.460688;0.0144944
156;385631;7.9444;1.76508;0.623248;0.019609
157;385628;10.337;2.27313;0.830822;0.0261398
158;385624;13.4086;2.93703;1.09814;0.0345504
159;385618;17.3726;3.79961;1.44354;0.0454174
160;385612;22.4982;4.91789;1.89037;0.059476
161;385603;29.1311;6.36643;2.46871;0.0776721
162;385592;37.7168;8.2422;3.21741;0.101228
163;385577;48.8315;10.6709;4.18669;0.131724
164;385558;63.2206;13.8153;5.44158;0.171206
165;385534;81.8485;17.8862;7.06626;0.222323
166;385502;105.964;23.1567;9.16968;0.288502
167;385462;137.182;29.9799;11.8929;0.374182
168;385409;177.593;38.8131;15.4185;0.485107
169;385340;229.902;50.2483;19.983;0.628716
170;385252;297.608;65.0512;25.8922;0.814634
171;385137;385.236;84.2131;33.5422;1.05532
172;384989;498.635;109.016;43.4456;1.36691
173;384796;645.364;141.118;56.2659;1.77027
174;384548;835.187;182.664;72.8614;2.29241
175;384227;1080.7;236.426;94.3427;2.96827
176;383811;1398.16;305.983;122.146;3.84304
177;383273;1808.47;395.96;158.13;4.97518
178;382579;2338.55;512.32;204.695;6.44023
179;381682;3022.89;662.75;264.944;8.33582
180;380525;3905.67;857.139;342.883;10.788
181;379032;5043.2;1108.19;443.683;13.9594
182;377110;6506.93;1432.2;574.006;18.0597
183;374638;8387.02;1849.95;742.433;23.3588
184;371467;10796.3;2387.93;959.987;30.2037
185;367407;13874.2;3079.65;1240.81;39.039
186;362229;17791.2;3967.26;1602.98;50.4337
187;355652;22750.7;5103.25;2069.52;65.1126
188;347346;28989.3;6552.27;2669.67;83.9946
189;336929;36770.8;8392.6;3440.21;108.238
190;323986;46371.3;10717;4427.18;139.291
191;308092;58050.2;13632.2;5687.51;178.944
192;288865;72001;17255.4;7290.66;229.383
193;266043;88278.1;21707.2;9319.89;293.228
194;239597;106700;27098.6;11872.7;373.544
195;209858;126739;33510.5;15059.5;473.809
196;177639;147438;40966.3;19000.3;597.798
197;144287;167387;49399.2;23817.9;749.374
198;111609;184850;58622.6;29627.3;932.151
199;81597.2;198059;68314.6;36521.3;1149.05
200;56014;205639;78031.6;44555.1;1401.82
201;35940.7;207019;87258.9;53731.6;1690.54
202;21527.1;202615;95492.4;63993.2;2013.39
203;12071.4;193653;102327;75223.2;2366.71
204;6384.31;181737;107518;87256.8;2745.32
205;3220.84;168380;110996;99900.9;3143.14
206;1571.56;154724;112838;112954;3553.82
207;752.583;141479;113215;126224;3971.32
208;358.654;129012;112342;139538;4390.22
209;172.164;117471;110442;152749;4805.88
210;84.0618;106881;107724;165737;5214.52
211;42.0583;97207.8;104372;178406;5613.1
212;21.6754;88392;100548;190680;5999.28
213;11.5453;80367.3;96386.6;202504;6371.31
214;6.36784;73067.1;92000.3;213839;6727.94
215;3.63958;66428;87482.5;224659;7068.34
216;2.15547;60391.2;82909.1;234946;7392.02
217;1.32177;54902.5;78341.8;244697;7698.79
218;0.838307;49912.3;73829.6;253910;7988.65
219;0.549118;45375.6;69411.1;262592;8261.82
220;0.370898;41251.1;65116.2;270755;8518.64
221;0.257892;37501.5;60967.3;278412;8759.57
222;0.184277;34092.7;56980.9;285582;8985.15
223;0.135085;30993.7;53168.1;292283;9195.98
224;0.101419;28176.4;49536.1;298536;9392.7
225;0.0778575;25615.2;46088.6;304361;9575.99
226;0.0610204;23286.8;42826.5;309781;9746.51
227;0.0487529;21170;39748.4;314818;9904.97
228;0.0396523;19245.7;36851.3;319492;10052
229;0.0327873;17496.3;34130.7;323826;10188.4
230;0.027528;15905.9;31581;327839;10314.7
231;0.0234408;14460;29196.1;331553;10431.5
232;0.0202223;13145.6;26969;334987;10539.6
233;0.0176567;11950.7;24892.6;338158;10639.3
234;0.0155886;10864.4;22959.5;341086;10731.4
235;0.0139041;9876.79;21162;343786;10816.4
236;0.0125189;8978.99;19492.9;346274;10894.7
237;0.0113699;8162.81;17944.6;348567;10966.8
238;0.010409;7420.81;16509.9;350677;11033.2
239;0.00959952;6746.26;15181.8;352619;11094.3
240;0.00891294;6133.02;13953.5;354404;11150.5
241;0.00832694;5575.53;12818.4;356045;11202.1
242;0.00782394;5068.72;11770.4;357552;11249.5
243;0.00738992;4607.97;10803.4;358937;11293.1
244;0.0070136;4189.11;9911.78;360207;11333
245;0.00668589;3808.32;9090.27;361373;11369.7
246;0.00639936;3462.14;8333.8;362442;11403.4
247;0.00614791;3147.43;7637.62;363422;11434.2
248;0.0059265;2861.33;6997.28;364320;11462.4
249;0.00573094;2601.24;6408.6;365143;11488.3
250;0.00555774;2364.78;5867.69;365896;11512
251;0.00540393;2149.83;5370.9;366587;11533.8
252;0.00526704;1954.41;4914.83;367218;11553.6
253;0.00514494;1776.75;4496.32;367796;11571.8
254;0.00503582;1615.24;4112.42;368325;11588.5
255;0.00493813;1468.42;3760.41;368808;11603.7
256;0.00485053;1334.94;3437.75;369251;11617.6
257;0.00477186;1213.59;3142.1;369655;11630.3
258;0.00470113;1103.28;2871.28;370025;11641.9
259;0.00463745;1002.99;2623.28;370362;11652.6
260;0.00458005;911.818;2396.25;370671;11662.3
261;0.00452827;828.934;2188.47;370952;11671.1
262;0.00448151;753.584;1998.36;371210;11679.2
263;0.00443926;685.083;1824.46;371445;11686.6
264;0.00440104;622.809;1665.42;371659;11693.4
265;0.00436646;566.196;1520.02;371855;11699.5
266;0.00433514;514.729;1387.11;372034;11705.2
267;0.00430676;467.94;1265.64;372197;11710.3
268;0.00428104;425.404;1154.66;372346;11715
269;0.00425772;386.735;1053.26;372482;11719.2
270;0.00423656;351.581;960.658;372606;11723.1
271;0.00421735;319.622;876.089;372719;11726.7
272;0.00419992;290.569;798.873;372822;11729.9
273;0.00418408;264.156;728.382;372916;11732.9
274;0.0041697;240.144;664.041;373001;11735.6
275;0.00415664;218.315;605.322;373079;11738
276;0.00414476;198.47;551.742;373151;11740.3
277;0.00413397;180.429;502.856;373215;11742.3
278;0.00412416;164.028;458.261;373275;11744.2
279;0.00411524;149.118;417.584;373328;11745.9
280;0.00410713;135.563;380.486;373378;11747.4
281;0.00409976;123.241;346.656;373422;11748.8
282;0.00409305;112.038;315.809;373463;11750.1
283;0.00408695;101.854;287.685;373500;11751.3
284;0.0040814;92.5953;262.048;373534;11752.3
285;0.00407636;84.1784;238.678;373565;11753.3
286;0.00407177;76.5266;217.378;373593;11754.2
287;0.00406759;69.5703;197.967;373618;11755
288;0.00406379;63.2464;180.277;373642;11755.7
289;0.00406033;57.4973;164.159;373663;11756.4
290;0.00405719;52.2708;149.473;373682;11757
291;0.00405432;47.5194;136.093;373700;11757.6
292;0.00405172;43.1999;123.905;373716;11758.1
293;0.00404935;39.273;112.802;373730;11758.5
294;0.0040472;35.7031;102.689;373744;11758.9
295;0.00404523;32.4577;93.4781;373756;11759.3
296;0.00404345;29.5073;85.0896;373767;11759.7
297;0.00404183;26.8251;77.4504;373777;11760
298;0.00404035;24.3867;70.4941;373786;11760.3
299;0.00403901;22.1699;64.1599;373794;11760.5
300;0.00403778;20.1547;58.3926;373802;11760.8
301;0.00403667;18.3226;53.1416;373809;11761
302;0.00403566;16.6571;48.3611;373815;11761.2
303;0.00403474;15.143;44.009;373820;11761.4
304;0.0040339;13.7665;40.0472;373826;11761.5
305;0.00403314;12.5151;36.4408;373830;11761.7
306;0.00403244;11.3775;33.1582;373835;11761.8
307;0.00403181;10.3433;30.1703;373839;11761.9
308;0.00403124;9.40306;27.4509;373842;11762
309;0.00403072;8.54832;24.9758;373845;11762.1
310;0.00403024;7.77128;22.7233;373848;11762.2
311;0.00402981;7.06487;20.6734;373851;11762.3
312;0.00402941;6.42268;18.8079;373853;11762.4
313;0.00402906;5.83885;17.1103;373856;11762.5
314;0.00402873;5.3081;15.5656;373858;11762.5
315;0.00402844;4.8256;14.16;373859;11762.6
316;0.00402817;4.38695;12.881;373861;11762.6
317;0.00402792;3.98818;11.7173;373863;11762.7
318;0.0040277;3.62565;10.6585;373864;11762.7
319;0.0040275;3.29608;9.69523;373865;11762.8
320;0.00402731;2.99647;8.81881;373866;11762.8
321;0.00402714;2.72409;8.02147;373867;11762.8
322;0.00402699;2.47647;7.29608;373868;11762.9
323;0.00402685;2.25136;6.63618;373869;11762.9
324;0.00402673;2.04671;6.03586;373870;11762.9
325;0.00402661;1.86066;5.48976;373871;11762.9
326;0.00402651;1.69153;4.99298;373871;11763
327;0.00402641;1.53777;4.54109;373872;11763
328;0.00402633;1.39799;4.13004;373872;11763
329;0.00402625;1.27091;3.75615;373873;11763
330;0.00402618;1.15538;3.41605;373873;11763
331;0.00402611;1.05036;3.10671;373874;11763
332;0.00402605;0.954882;2.82534;373874;11763
333;0.004026;0.868083;2.56943;373875;11763.1
334;0.00402595;0.789174;2.33666;373875;11763.1
335;0.00402591;0.717439;2.12496;373875;11763.1
336;0.00402587;0.652223;1.93242;373875;11763.1
337;0.00402583;0.592936;1.7573;373876;11763.1
338;0.0040258;0.539038;1.59804;373876;11763.1
339;0.00402577;0.49004;1.4532;373876;11763.1
340;0.00402574;0.445495;1.32147;373876;11763.1
341;0.00402571;0.405;1.20167;373876;11763.1
342;0.00402569;0.368185;1.09272;373876;11763.1
343;0.00402567;0.334717;0.993643;373877;11763.1
344;0.00402565;0.304292;0.90354;373877;11763.1
345;0.00402563;0.276631;0.821601;373877;11763.1
346;0.00402562;0.251486;0.747086;373877;11763.1
347;0.0040256;0.228626;0.679325;373877;11763.1
348;0.00402559;0.207844;0.617705;373877;11763.1
349;0.00402558;0.188951;0.56167;373877;11763.1
350;0.00402557;0.171775;0.510715;373877;11763.1
351;0.00402556;0.156161;0.46438;373877;11763.1
