151;1.61356e+08;1.7647;0.8787;0.1176;0.0037
152;1.61356e+08;3.15493;0.932525;0.220935;0.00695119
153;1.61356e+08;4.51377;1.10619;0.3306;0.0104015
154;1.61356e+08;6.05557;1.38231;0.460688;0.0144944
155;1.61356e+08;7.94449;1.76509;0.623248;0.019609
156;1.61356e+08;10.3372;2.27314;0.830823;0.0261398
157;1.61356e+08;13.4089;2.93706;1.09814;0.0345505
158;1.61356e+08;17.3731;3.79967;1.44354;0.0454176
159;1.61356e+08;22.4992;4.91798;1.89038;0.0594763
160;1.61356e+08;29.1327;6.3666;2.46874;0.0776729
161;1.61356e+08;37.7197;8.2425;3.21745;0.101229
162;1.61356e+08;48.8365;10.6714;4.18677;0.131727
163;1.61356e+08;63.2291;13.8162;5.44173;0.171211
164;1.61356e+08;81.863;17.8878;7.06651;0.222331
165;1.61356e+08;105.988;23.1594;9.17012;0.288516
166;1.61356e+08;137.223;29.9845;11.8937;0.374205
167;1.61356e+08;177.663;38.821;15.4198;0.485148
168;1.61356e+08;230.021;50.2616;19.9852;0.628786
169;1.61356e+08;297.808;65.0737;25.8959;0.814753
170;1.61356e+08;385.573;84.2511;33.5486;1.05553
171;1.61355e+08;499.202;109.08;43.4565;1.36726
172;1.61355e+08;646.317;141.226;56.2844;1.77085
173;1.61355e+08;836.787;182.846;72.8925;2.29339
174;1.61355e+08;1083.39;236.73;94.3952;2.96992
175;1.61354e+08;1402.66;306.495;122.235;3.84582
176;1.61354e+08;1816.03;396.819;158.278;4.97985
177;1.61353e+08;2351.21;513.762;204.944;6.44808
178;1.61352e+08;3044.1;665.167;265.363;8.349
179;1.61351e+08;3941.18;861.191;343.586;10.8101
180;1.61349e+08;5102.63;1114.98;444.863;13.9965
181;1.61347e+08;6606.32;1443.56;575.984;18.122
182;1.61345e+08;8553.13;1868.97;745.748;23.4631
183;1.61342e+08;11073.6;2419.75;965.539;30.3784
184;1.61337e+08;14336.8;3132.82;1250.1;39.3314
185;1.61332e+08;18561.4;4056.02;1618.52;50.9229
186;1.61325e+08;24030.7;5251.26;2095.51;65.9301
187;1.61315e+08;31111.4;6798.67;2713.06;85.3598
188;1.61303e+08;40278;8802.03;3512.58;110.515
189;1.61288e+08;52144.6;11395.6;4547.7;143.082
190;1.61268e+08;67506;14753.3;5887.82;185.246
191;1.61242e+08;87390.6;19100;7622.81;239.833
192;1.61208e+08;113129;24727;9868.97;310.503
193;1.61164e+08;146441;32011;12776.9;401.993
194;1.61108e+08;189552;41439.5;16541.4;520.434
195;1.61035e+08;245338;53643.2;21414.6;673.76
196;1.6094e+08;317513;69437.6;27723.1;872.24
197;1.60818e+08;410873;89876.7;35888.9;1129.16
198;1.6066e+08;531602;116323;46458.4;1461.7
199;1.60456e+08;687672;150536;60138;1892.1
200;1.60192e+08;889334;194785;77841;2449.08
201;1.5985e+08;1.14976e+06;251998;100748;3169.79
202;1.5941e+08;1.4858e+06;325943;130383;4102.18
203;1.58842e+08;1.91901e+06;421466;168714;5308.17
204;1.58109e+08;2.47677e+06;544780;218278;6867.59
205;1.57167e+08;3.1937e+06;703837;282344;8883.28
206;1.55957e+08;4.11328e+06;908769;365115;11487.5
207;1.54407e+08;5.28954e+06;1.17243e+06;471987;14849.9
208;1.52427e+08;6.78879e+06;1.51103e+06;609865;19187.9
209;1.49908e+08;8.69095e+06;1.94485e+06;787562;24778.7
210;1.46719e+08;1.109e+07;2.49894e+06;1.01628e+06;31974.7
211;1.42708e+08;1.40926e+07;3.2039e+06;1.31015e+06;41220.8
212;1.37706e+08;1.78133e+07;4.09628e+06;1.68693e+06;53075.2
213;1.31535e+08;2.23653e+07;5.21864e+06;2.16865e+06;68231.5
214;1.24025e+08;2.78428e+07;6.61863e+06;2.78237e+06;87540.4
215;1.15042e+08;3.42944e+07;8.3467e+06;3.56072e+06;112029
216;1.04533e+08;4.1686e+07;1.04516e+07;4.54229e+06;142912
217;9.25739e+07;4.98561e+07;1.29731e+07;5.7714e+06;181583
218;7.94245e+07;5.84736e+07;1.59314e+07;7.29703e+06;229584
219;6.55661e+07;6.70167e+07;1.93141e+07;9.17056e+06;288530
220;5.16916e+07;7.47994e+07;2.30632e+07;1.14419e+07;359992
221;3.8624e+07;8.10677e+07;2.70649e+07;1.41541e+07;445326
222;2.71597e+07;8.5163e+07;3.11509e+07;1.7337e+07;545466
223;1.78753e+07;8.6706e+07;3.51136e+07;2.10003e+07;660724
224;1.09825e+07;8.57173e+07;3.87359e+07;2.51297e+07;790645
225;6.30693e+06;8.26011e+07;4.1829e+07;2.9685e+07;933968
226;3.4049e+06;7.79947e+07;4.42636e+07;3.46041e+07;1.08873e+06
227;1.7454e+06;7.25645e+07;4.59841e+07;3.98095e+07;1.25251e+06
228;860749;6.6853e+07;4.70024e+07;4.52172e+07;1.42265e+06
229;414345;6.12225e+07;4.73779e+07;5.07447e+07;1.59656e+06
230;197504;5.58742e+07;4.71961e+07;5.63164e+07;1.77186e+06
231;94426.6;5.08983e+07;4.65502e+07;6.18666e+07;1.94648e+06
232;45766.6;4.63203e+07;4.55303e+07;6.73409e+07;2.11872e+06
233;22673.9;4.21329e+07;4.4218e+07;7.26953e+07;2.28718e+06
234;11551.2;3.83142e+07;4.26842e+07;7.78953e+07;2.45079e+06
235;6075.65;3.48369e+07;4.09894e+07;8.2915e+07;2.60872e+06
236;3307.25;3.1673e+07;3.9184e+07;8.77353e+07;2.76038e+06
237;1865.28;2.87953e+07;3.73101e+07;9.23434e+07;2.90536e+06
238;1090.2;2.61786e+07;3.54019e+07;9.6731e+07;3.04341e+06
239;659.983;2.37994e+07;3.34873e+07;1.00894e+08;3.1744e+06
240;413.42;2.16363e+07;3.15886e+07;1.04832e+08;3.2983e+06
241;267.613;1.96697e+07;2.97237e+07;1.08547e+08;3.41518e+06
242;178.737;1.78818e+07;2.79062e+07;1.12043e+08;3.52515e+06
243;122.968;1.62564e+07;2.61466e+07;1.15325e+08;3.62841e+06
244;86.9955;1.47787e+07;2.44527e+07;1.18399e+08;3.72515e+06
245;63.1803;1.34354e+07;2.283e+07;1.21275e+08;3.81562e+06
246;47.0231;1.22141e+07;2.1282e+07;1.2396e+08;3.9001e+06
247;35.8072;1.11039e+07;1.98108e+07;1.26463e+08;3.97884e+06
248;27.8529;1.00945e+07;1.8417e+07;1.28792e+08;4.05214e+06
249;22.0982;9.17694e+06;1.71007e+07;1.30958e+08;4.12028e+06
250;17.857;8.34276e+06;1.58605e+07;1.32969e+08;4.18355e+06
251;14.6771;7.58441e+06;1.4695e+07;1.34834e+08;4.24224e+06
252;12.2546;6.89499e+06;1.36019e+07;1.36563e+08;4.29661e+06
253;10.3817;6.26824e+06;1.25788e+07;1.38162e+08;4.34694e+06
254;8.91395;5.69846e+06;1.16227e+07;1.39641e+08;4.39348e+06
255;7.74914;5.18047e+06;1.07309e+07;1.41008e+08;4.43648e+06
256;6.81399;4.70956e+06;9.90014e+06;1.4227e+08;4.47619e+06
257;6.05516;4.28146e+06;9.12735e+06;1.43434e+08;4.51282e+06
258;5.43332;3.89228e+06;8.40939e+06;1.44508e+08;4.54659e+06
259;4.91913;3.53847e+06;7.74314e+06;1.45497e+08;4.5777e+06
260;4.49039;3.21683e+06;7.12554e+06;1.46407e+08;4.60635e+06
261;4.13017;2.92442e+06;6.55362e+06;1.47245e+08;4.63272e+06
262;3.82539;2.65859e+06;6.0245e+06;1.48016e+08;4.65697e+06
263;3.56585;2.41692e+06;5.53539e+06;1.48724e+08;4.67926e+06
264;3.34353;2.19722e+06;5.08365e+06;1.49375e+08;4.69974e+06
265;3.15206;1.9975e+06;4.66673e+06;1.49973e+08;4.71855e+06
266;2.98634;1.81592e+06;4.28223e+06;1.50522e+08;4.73581e+06
267;2.84225;1.65086e+06;3.92786e+06;1.51026e+08;4.75166e+06
268;2.71645;1.50079e+06;3.60147e+06;1.51488e+08;4.76619e+06
269;2.6062;1.36437e+06;3.30104e+06;1.51911e+08;4.77952e+06
270;2.50923;1.24035e+06;3.02464e+06;1.52299e+08;4.79173e+06
271;2.42369;1.1276e+06;2.7705e+06;1.52655e+08;4.80292e+06
272;2.348;1.0251e+06;2.53694e+06;1.52981e+08;4.81317e+06
273;2.28085;931922;2.32239e+06;1.53279e+08;4.82256e+06
274;2.22113;847210;2.1254e+06;1.53552e+08;4.83115e+06
275;2.16791;770199;1.9446e+06;1.53802e+08;4.83902e+06
276;2.12038;700188;1.77873e+06;1.54031e+08;4.84621e+06
277;2.07785;636541;1.62662e+06;1.5424e+08;4.85279e+06
278;2.03974;578679;1.48717e+06;1.54431e+08;4.85881e+06
279;2.00553;526077;1.35938e+06;1.54606e+08;4.86431e+06
280;1.97479;478257;1.24231e+06;1.54766e+08;4.86934e+06
281;1.94713;434784;1.13509e+06;1.54912e+08;4.87394e+06
282;1.9222;395262;1.03692e+06;1.55046e+08;4.87814e+06
283;1.89972;359332;947073;1.55168e+08;4.88198e+06
284;1.87943;326669;864857;1.55279e+08;4.88548e+06
285;1.8611;296975;789644;1.55381e+08;4.88868e+06
286;1.84453;269980;720855;1.55474e+08;4.8916e+06
287;1.82953;245439;657957;1.55558e+08;4.89427e+06
288;1.81595;223128;600457;1.55636e+08;4.8967e+06
289;1.80365;202846;547904;1.55706e+08;4.89892e+06
290;1.79251;184407;499882;1.55771e+08;4.90095e+06
291;1.7824;167645;456009;1.5583e+08;4.9028e+06
292;1.77323;152406;415934;1.55883e+08;4.90449e+06
293;1.76491;138552;379335;1.55932e+08;4.90603e+06
294;1.75736;125958;345916;1.55977e+08;4.90743e+06
295;1.7505;114508;315406;1.56017e+08;4.90871e+06
296;1.74428;104099;287556;1.56055e+08;4.90988e+06
297;1.73862;94636.8;262138;1.56088e+08;4.91094e+06
298;1.73348;86034.3;238943;1.56119e+08;4.91191e+06
299;1.72881;78213.8;217780;1.56147e+08;4.9128e+06
300;1.72456;71104.2;198473;1.56173e+08;4.9136e+06
301;1.7207;64640.8;180861;1.56196e+08;4.91434e+06
302;1.71719;58765;164799;1.56217e+08;4.91501e+06
303;1.714;53423.2;150150;1.56237e+08;4.91562e+06
304;1.71109;48567.1;136793;1.56255e+08;4.91617e+06
305;1.70845;44152.3;124615;1.56271e+08;4.91668e+06
306;1.70605;40138.9;113513;1.56285e+08;4.91714e+06
307;1.70387;36490.3;103392;1.56299e+08;4.91756e+06
308;1.70188;33173.3;94167.7;1.56311e+08;4.91794e+06
309;1.70007;30157.8;85760.6;1.56322e+08;4.91829e+06
310;1.69843;27416.5;78099.2;1.56332e+08;4.91861e+06
311;1.69693;24924.3;71117.9;1.56341e+08;4.9189e+06
312;1.69557;22658.7;64756.9;1.56349e+08;4.91916e+06
313;1.69433;20599;58961.6;1.56357e+08;4.9194e+06
314;1.6932;18726.6;53682;1.56364e+08;4.91962e+06
315;1.69218;17024.3;48872.6;1.5637e+08;4.91981e+06
316;1.69124;15476.8;44491.9;1.56376e+08;4.92e+06
317;1.6904;14070;40501.9;1.56381e+08;4.92016e+06
318;1.68962;12791;36868;1.56386e+08;4.92031e+06
319;1.68892;11628.3;33558.6;1.5639e+08;4.92045e+06
320;1.68828;10571.3;30544.9;1.56394e+08;4.92057e+06
321;1.6877;9610.38;27800.8;1.56398e+08;4.92068e+06
322;1.68717;8736.79;25302.1;1.56401e+08;4.92079e+06
323;1.68669;7942.62;23027.1;1.56404e+08;4.92088e+06
324;1.68625;7220.64;20955.9;1.56407e+08;4.92097e+06
325;1.68585;6564.28;19070.3;1.56409e+08;4.92104e+06
326;1.68549;5967.59;17353.8;1.56412e+08;4.92111e+06
327;1.68516;5425.14;15791.2;1.56414e+08;4.92118e+06
328;1.68486;4931.99;14368.9;1.56416e+08;4.92124e+06
329;1.68459;4483.67;13074.3;1.56417e+08;4.92129e+06
330;1.68434;4076.11;11895.9;1.56419e+08;4.92134e+06
331;1.68411;3705.59;10823.5;1.5642e+08;4.92138e+06
332;1.68391;3368.75;9847.42;1.56421e+08;4.92142e+06
333;1.68372;3062.53;8959.15;1.56423e+08;4.92146e+06
334;1.68355;2784.15;8150.79;1.56424e+08;4.92149e+06
335;1.68339;2531.07;7415.18;1.56425e+08;4.92152e+06
336;1.68325;2301;6745.79;1.56425e+08;4.92155e+06
337;1.68313;2091.83;6136.69;1.56426e+08;4.92157e+06
338;1.68301;1901.69;5582.45;1.56427e+08;4.9216e+06
339;1.6829;1728.82;5078.17;1.56428e+08;4.92162e+06
340;1.68281;1571.67;4619.33;1.56428e+08;4.92164e+06
341;1.68272;1428.81;4201.87;1.56429e+08;4.92165e+06
342;1.68264;1298.93;3822.07;1.56429e+08;4.92167e+06
343;1.68257;1180.86;3476.52;1.5643e+08;4.92168e+06
344;1.6825;1073.52;3162.16;1.5643e+08;4.9217e+06
345;1.68244;975.935;2876.17;1.5643e+08;4.92171e+06
346;1.68239;887.223;2616.01;1.56431e+08;4.92172e+06
347;1.68234;806.574;2379.33;1.56431e+08;4.92173e+06
348;1.68229;733.257;2164.04;1.56431e+08;4.92174e+06
349;1.68225;666.604;1968.19;1.56432e+08;4.92174e+06
350;1.68221;606.009;1790.04;1.56432e+08;4.92175e+06
351;1.68218;550.923;1628;1.56432e+08;4.92176e+06
352;1.68215;500.844;1480.6;1.56432e+08;4.92176e+06
353;1.68212;455.318;1346.53;1.56432e+08;4.92177e+06
354;1.68209;413.929;1224.59;1.56433e+08;4.92177e+06
355;1.68207;376.303;1113.67;1.56433e+08;4.92178e+06
356;1.68205;342.097;1012.79;1.56433e+08;4.92178e+06
357;1.68203;311;921.033;1.56433e+08;4.92179e+06
358;1.68201;282.731;837.581;1.56433e+08;4.92179e+06
359;1.682;257.03;761.683;1.56433e+08;4.92179e+06
360;1.68198;233.666;692.655;1.56433e+08;4.9218e+06
361;1.68197;212.426;629.876;1.56433e+08;4.9218e+06
362;1.68196;193.117;572.782;1.56433e+08;4.9218e+06
363;1.68195;175.562;520.858;1.56434e+08;4.9218e+06
364;1.68194;159.604;473.636;1.56434e+08;4.92181e+06
365;1.68193;145.096;430.692;1.56434e+08;4.92181e+06
366;1.68192;131.907;391.638;1.56434e+08;4.92181e+06
367;1.68191;119.916;356.123;1.56434e+08;4.92181e+06
368;1.68191;109.016;323.826;1.56434e+08;4.92181e+06
369;1.6819;99.1063;294.455;1.56434e+08;4.92181e+06
370;1.68189;90.0976;267.746;1.56434e+08;4.92181e+06
371;1.68189;81.9077;243.459;1.56434e+08;4.92181e+06
372;1.68188;74.4623;221.373;1.56434e+08;4.92182e+06
373;1.68188;67.6937;201.289;1.56434e+08;4.92182e+06
374;1.68188;61.5403;183.026;1.56434e+08;4.92182e+06
375;1.68187;55.9463;166.419;1.56434e+08;4.92182e+06
376;1.68187;50.8608;151.318;1.56434e+08;4.92182e+06
377;1.68187;46.2375;137.586;1.56434e+08;4.92182e+06
378;1.68186;42.0346;125.1;1.56434e+08;4.92182e+06
379;1.68186;38.2136;113.746;1.56434e+08;4.92182e+06
380;1.68186;34.74;103.422;1.56434e+08;4.92182e+06
381;1.68186;31.5821;94.0351;1.56434e+08;4.92182e+06
382;1.68186;28.7113;85.4995;1.56434e+08;4.92182e+06
383;1.68185;26.1015;77.7382;1.56434e+08;4.92182e+06
384;1.68185;23.7288;70.6812;1.56434e+08;4.92182e+06
385;1.68185;21.5719;64.2645;1.56434e+08;4.92182e+06
386;1.68185;19.611;58.4301;1.56434e+08;4.92182e+06
387;1.68185;17.8284;53.1252;1.56434e+08;4.92182e+06
388;1.68185;16.2078;48.3017;1.56434e+08;4.92182e+06
389;1.68185;14.7345;43.916;1.56434e+08;4.92182e+06
390;1.68185;13.3951;39.9284;1.56434e+08;4.92182e+06
391;1.68185;12.1775;36.3027;1.56434e+08;4.92182e+06
392;1.68184;11.0706;33.0061;1.56434e+08;4.92182e+06
393;1.68184;10.0643;30.0088;1.56434e+08;4.92182e+06
394;1.68184;9.14942;27.2835;1.56434e+08;4.92182e+06
395;1.68184;8.31774;24.8057;1.56434e+08;4.92182e+06
396;1.68184;7.56165;22.5529;1.56434e+08;4.92182e+06
397;1.68184;6.8743;20.5046;1.56434e+08;4.92182e+06
398;1.68184;6.24943;18.6422;1.56434e+08;4.92182e+06
399;1.68184;5.68135;16.949;1.56434e+08;4.92182e+06
400;1.68184;5.16492;15.4095;1.56434e+08;4.92182e+06
401;1.68184;4.69543;14.0098;1.56434e+08;4.92182e+06
402;1.68184;4.26861;12.7373;1.56434e+08;4.92182e+06
403;1.68184;3.8806;11.5802;1.56434e+08;4.92182e+06
404;1.68184;3.52785;10.5283;1.56434e+08;4.92182e+06
405;1.68184;3.20717;9.57191;1.56434e+08;4.92182e+06
406;1.68184;2.91564;8.70237;1.56434e+08;4.92182e+06
407;1.68184;2.65061;7.9118;1.56434e+08;4.92182e+06
408;1.68184;2.40967;7.19304;1.56434e+08;4.92182e+06
409;1.68184;2.19063;6.53956;1.56434e+08;4.92182e+06
410;1.68184;1.9915;5.94544;1.56434e+08;4.92182e+06
411;1.68184;1.81047;5.40529;1.56434e+08;4.92182e+06
412;1.68184;1.6459;4.9142;1.56434e+08;4.92182e+06
413;1.68184;1.49629;4.46772;1.56434e+08;4.92182e+06
414;1.68184;1.36028;4.0618;1.56434e+08;4.92182e+06
415;1.68184;1.23663;3.69275;1.56434e+08;4.92182e+06
416;1.68184;1.12422;3.35723;1.56434e+08;4.92182e+06
417;1.68184;1.02203;3.05219;1.56434e+08;4.92182e+06
418;1.68184;0.929124;2.77486;1.56434e+08;4.92182e+06
419;1.68184;0.844667;2.52273;1.56434e+08;4.92182e+06
420;1.68184;0.767887;2.2935;1.56434e+08;4.92182e+06
421;1.68184;0.698086;2.0851;1.56434e+08;4.92182e+06
422;1.68184;0.63463;1.89563;1.56434e+08;4.92182e+06
423;1.68184;0.576942;1.72338;1.56434e+08;4.92182e+06
424;1.68184;0.524498;1.56678;1.56434e+08;4.92182e+06
425;1.68184;0.476821;1.42441;1.56434e+08;4.92182e+06
426;1.68184;0.433478;1.29497;1.56434e+08;4.92182e+06
427;1.68184;0.394075;1.17729;1.56434e+08;4.92182e+06
428;1.68184;0.358254;1.07031;1.56434e+08;4.92182e+06
429;1.68184;0.325688;0.973045;1.56434e+08;4.92182e+06
430;1.68184;0.296083;0.884619;1.56434e+08;4.92182e+06
431;1.68184;0.269169;0.804229;1.56434e+08;4.92182e+06
432;1.68184;0.244702;0.731144;1.56434e+08;4.92182e+06
433;1.68184;0.222459;0.664699;1.56434e+08;4.92182e+06
434;1.68184;0.202237;0.604293;1.56434e+08;4.92182e+06
435;1.68184;0.183854;0.549375;1.56434e+08;4.92182e+06
436;1.68184;0.167141;0.499448;1.56434e+08;4.92182e+06
