160;9.4835e+06;1.7647;0.8787;0.1176;0.0037
161;9.4835e+06;3.15493;0.932525;0.220935;0.00695119
162;9.48349e+06;4.51377;1.10619;0.3306;0.0104015
163;9.48349e+06;6.05557;1.38231;0.460688;0.0144944
164;9.48349e+06;7.94448;1.76509;0.623248;0.019609
165;9.48349e+06;10.3372;2.27314;0.830823;0.0261398
166;9.48348e+06;13.4089;2.93706;1.09814;0.0345505
167;9.48348e+06;17.3731;3.79966;1.44354;0.0454176
168;9.48347e+06;22.4991;4.91798;1.89038;0.0594763
169;9.48346e+06;29.1327;6.3666;2.46874;0.0776728
170;9.48345e+06;37.7196;8.24249;3.21745;0.101229
171;9.48344e+06;48.8363;10.6714;4.18676;0.131726
172;9.48342e+06;63.2288;13.8162;5.44172;0.171211
173;9.48339e+06;81.8625;17.8878;7.0665;0.22233
174;9.48336e+06;105.987;23.1593;9.1701;0.288515
175;9.48332e+06;137.222;29.9843;11.8936;0.374204
176;9.48327e+06;177.661;38.8207;15.4198;0.485146
177;9.4832e+06;230.016;50.2611;19.9851;0.628783
178;9.48311e+06;297.801;65.0729;25.8958;0.814749
179;9.483e+06;385.56;84.2496;33.5484;1.05552
180;9.48285e+06;499.18;109.078;43.4561;1.36724
181;9.48265e+06;646.281;141.222;56.2836;1.77083
182;9.48241e+06;836.726;182.839;72.8913;2.29335
183;9.48208e+06;1083.29;236.719;94.3932;2.96985
184;9.48166e+06;1402.49;306.475;122.231;3.84571
185;9.48112e+06;1815.74;396.786;158.273;4.97967
186;9.48042e+06;2350.72;513.706;204.935;6.44778
187;9.47952e+06;3043.28;665.074;265.347;8.34849
188;9.47834e+06;3939.81;861.035;343.559;10.8093
189;9.47683e+06;5100.33;1114.72;444.817;13.9951
190;9.47486e+06;6602.47;1443.12;575.908;18.1196
191;9.47232e+06;8546.67;1868.24;745.62;23.4591
192;9.46902e+06;11062.8;2418.51;965.325;30.3716
193;9.46476e+06;14318.6;3130.75;1249.74;39.3201
194;9.45925e+06;18531;4052.56;1617.92;50.9039
195;9.45211e+06;23979.8;5245.45;2094.5;65.8984
196;9.44289e+06;31026.1;6788.94;2711.36;85.3065
197;9.43096e+06;40135.1;8785.72;3509.74;110.426
198;9.41554e+06;51905.2;11368.3;4542.94;142.933
199;9.39562e+06;67105.2;14707.5;5879.85;184.995
200;9.36991e+06;86719.6;19023.3;7609.46;239.413
201;9.33674e+06;112006;24598.6;9846.6;309.8
202;9.294e+06;144563;31796.2;12739.4;400.814
203;9.23901e+06;186414;41080.1;16478.6;518.46
204;9.16838e+06;240098;53042.1;21309.6;670.457
205;9.07788e+06;308773;68433.1;27547.4;866.713
206;8.96227e+06;396314;88199.6;35595.1;1119.91
207;8.81516e+06;507398;113526;45967.4;1446.25
208;8.62891e+06;647524;145878;59318;1866.3
209;8.39464e+06;822942;187043;76473.3;2406.05
210;8.10239e+06;1.04039e+06;239160;98469.5;3098.1
211;7.74169e+06;1.30651e+06;304721;126595;3983
212;7.30253e+06;1.62691e+06;386520;162430;5110.46
213;6.77702e+06;2.00454e+06;487522;207885;6540.59
214;6.16179e+06;2.43755e+06;610598;265217;8344.42
215;5.46107e+06;2.9167e+06;758105;337023;10603.6
216;4.68982e+06;3.42282e+06;931275;426177;13408.6
217;3.87596e+06;3.92554e+06;1.12945e+06;535695;16854.3
218;3.05991e+06;4.38477e+06;1.34928e+06;668517;21033.3
219;2.28994e+06;4.75616e+06;1.58418e+06;827192;26025.6
220;1.61304e+06;5.00073e+06;1.82436e+06;1.01349e+06;31887.1
221;1.0636e+06;5.0956e+06;2.05763e+06;1.22804e+06;38637.2
222;654697;5.04131e+06;2.27123e+06;1.47001e+06;46250.4
223;376645;4.86111e+06;2.45398e+06;1.73711e+06;54654
224;203658;4.59222e+06;2.59819e+06;2.0257e+06;63733.7
225;104528;4.27392e+06;2.70046e+06;2.33125e+06;73347
226;51593.1;3.93835e+06;2.7614e+06;2.64882e+06;83338.7
227;24847.4;3.6071e+06;2.78443e+06;2.97356e+06;93555.9
228;11844.9;3.29222e+06;2.77457e+06;3.30101e+06;103858
229;5661.76;2.99914e+06;2.73728e+06;3.6273e+06;114124
230;2742.8;2.72944e+06;2.67787e+06;3.9492e+06;124252
231;1357.92;2.48272e+06;2.60115e+06;4.26412e+06;134160
232;691.224;2.2577e+06;2.51131e+06;4.57001e+06;143784
233;363.238;2.05281e+06;2.41191e+06;4.86534e+06;153076
234;197.539;1.86637e+06;2.30595e+06;5.14898e+06;162000
235;111.303;1.69681e+06;2.19589e+06;5.42016e+06;170532
236;64.9908;1.54261e+06;2.08377e+06;5.6784e+06;178657
237;39.3069;1.40241e+06;1.97123e+06;5.92345e+06;186367
238;24.5998;1.27495e+06;1.8596e+06;6.15527e+06;193661
239;15.91;1.15907e+06;1.74992e+06;6.37396e+06;200541
240;10.6173;1.05371e+06;1.64302e+06;6.57975e+06;207016
241;7.29883;957932;1.5395e+06;6.77297e+06;213095
242;5.15986;870858;1.43983e+06;6.95401e+06;218791
243;3.74476;791699;1.34434e+06;7.12334e+06;224119
244;2.78531;719734;1.25324e+06;7.28143e+06;229093
245;2.11969;654311;1.16665e+06;7.42881e+06;233730
246;1.6479;594835;1.08461e+06;7.56601e+06;238046
247;1.30675;540765;1.00712e+06;7.69356e+06;242059
248;1.05544;491609;934108;7.812e+06;245786
249;0.867105;446922;865488;7.92185e+06;249242
250;0.723688;406297;801130;8.02363e+06;252444
251;0.612854;369365;740885;8.11784e+06;255408
252;0.526025;335790;684591;8.20497e+06;258150
253;0.45714;305266;632074;8.28548e+06;260683
254;0.401853;277518;583152;8.35981e+06;263021
255;0.357003;252291;537642;8.42839e+06;265179
256;0.320259;229358;495359;8.49161e+06;267168
257;0.289883;208510;456121;8.54987e+06;269001
258;0.264561;189556;419747;8.60351e+06;270689
259;0.24329;172325;386062;8.65287e+06;272242
260;0.225296;156661;354897;8.69827e+06;273670
261;0.209975;142421;326089;8.74001e+06;274983
262;0.196854;129475;299480;8.77836e+06;276190
263;0.185555;117705;274922;8.81357e+06;277298
264;0.175776;107006;252274;8.84591e+06;278315
265;0.167275;97279.1;231400;8.87557e+06;279248
266;0.159854;88436.5;212174;8.90279e+06;280105
267;0.153351;80397.6;194476;8.92774e+06;280890
268;0.147632;73089.5;178194;8.95061e+06;281609
269;0.142587;66445.6;163223;8.97156e+06;282269
270;0.138123;60405.7;149464;8.99076e+06;282872
271;0.134164;54914.9;136825;9.00833e+06;283425
272;0.130642;49923.1;125220;9.02443e+06;283932
273;0.127504;45385.1;114569;9.03915e+06;284395
274;0.124702;41259.6;104797;9.05262e+06;284819
275;0.122195;37509.1;95835.6;9.06495e+06;285207
276;0.119948;34099.5;87620.3;9.07622e+06;285561
277;0.117932;30999.9;80091.6;9.08652e+06;285885
278;0.11612;28182;73194.4;9.09594e+06;286182
279;0.114489;25620.2;66877.6;9.10455e+06;286453
280;0.11302;23291.4;61094.3;9.11241e+06;286700
281;0.111695;21174.2;55800.7;9.1196e+06;286926
282;0.110499;19249.5;50956.8;9.12616e+06;287133
283;0.109418;17499.7;46525.5;9.13215e+06;287321
284;0.108442;15909;42472.7;9.13762e+06;287493
285;0.107558;14462.8;38766.9;9.14262e+06;287650
286;0.106758;13148.2;35379.1;9.14718e+06;287794
287;0.106033;11953;32282.8;9.15134e+06;287925
288;0.105376;10866.5;29453.4;9.15514e+06;288044
289;0.10478;9878.71;26868.5;9.1586e+06;288153
290;0.10424;8980.73;24507.3;9.16176e+06;288253
291;0.10375;8164.39;22350.9;9.16464e+06;288343
292;0.103305;7422.24;20381.9;9.16727e+06;288426
293;0.102901;6747.56;18584.3;9.16967e+06;288501
294;0.102534;6134.21;16943.3;9.17185e+06;288570
295;0.1022;5576.61;15445.7;9.17384e+06;288633
296;0.101897;5069.7;14079.1;9.17566e+06;288690
297;0.101622;4608.86;12832.1;9.17732e+06;288742
298;0.101372;4189.92;11694.5;9.17883e+06;288790
299;0.101144;3809.05;10656.8;9.1802e+06;288833
300;0.100937;3462.81;9710.41;9.18145e+06;288872
301;0.100749;3148.04;8847.31;9.1826e+06;288908
302;0.100578;2861.88;8060.28;9.18364e+06;288941
303;0.100422;2601.74;7342.72;9.18458e+06;288971
304;0.100281;2365.24;6688.54;9.18545e+06;288998
305;0.100152;2150.24;6092.22;9.18623e+06;289023
306;0.100035;1954.78;5548.69;9.18695e+06;289045
307;0.0999285;1777.09;5053.33;9.1876e+06;289066
308;0.0998316;1615.56;4601.9;9.1882e+06;289084
309;0.0997434;1468.7;4190.54;9.18874e+06;289101
310;0.0996632;1335.2;3815.73;9.18923e+06;289117
311;0.0995902;1213.83;3474.25;9.18968e+06;289131
312;0.0995238;1103.49;3163.16;9.19009e+06;289144
313;0.0994634;1003.18;2879.78;9.19046e+06;289156
314;0.0994084;911.995;2621.65;9.1908e+06;289166
315;0.0993584;829.094;2386.55;9.19111e+06;289176
316;0.0993129;753.73;2172.42;9.19139e+06;289185
317;0.0992714;685.216;1977.42;9.19164e+06;289193
318;0.0992338;622.93;1799.85;9.19188e+06;289200
319;0.0991995;566.305;1638.15;9.19209e+06;289207
320;0.0991683;514.828;1490.92;9.19228e+06;289213
321;0.0991399;468.03;1356.87;9.19246e+06;289218
322;0.0991141;425.486;1234.82;9.19262e+06;289223
323;0.0990906;386.81;1123.72;9.19276e+06;289228
324;0.0990692;351.649;1022.57;9.19289e+06;289232
325;0.0990498;319.684;930.498;9.19301e+06;289236
326;0.0990321;290.625;846.688;9.19312e+06;289239
327;0.099016;264.207;770.402;9.19322e+06;289243
328;0.0990014;240.191;700.969;9.19331e+06;289245
329;0.0989881;218.357;637.775;9.1934e+06;289248
330;0.0989759;198.509;580.261;9.19347e+06;289250
331;0.0989649;180.464;527.92;9.19354e+06;289253
332;0.0989549;164.06;480.288;9.1936e+06;289254
333;0.0989458;149.147;436.942;9.19366e+06;289256
334;0.0989375;135.589;397.498;9.19371e+06;289258
335;0.0989299;123.264;361.607;9.19376e+06;289259
336;0.0989231;112.06;328.949;9.1938e+06;289261
337;0.0989168;101.873;299.233;9.19384e+06;289262
338;0.0989111;92.6132;272.197;9.19387e+06;289263
339;0.098906;84.1946;247.598;9.1939e+06;289264
340;0.0989013;76.5413;225.217;9.19393e+06;289265
341;0.098897;69.5837;204.856;9.19396e+06;289266
342;0.0988931;63.2586;186.332;9.19398e+06;289266
343;0.0988896;57.5084;169.48;9.19401e+06;289267
344;0.0988863;52.2809;154.15;9.19403e+06;289268
345;0.0988834;47.5285;140.204;9.19404e+06;289268
346;0.0988808;43.2082;127.517;9.19406e+06;289269
347;0.0988783;39.2806;115.977;9.19408e+06;289269
348;0.0988761;35.71;105.48;9.19409e+06;289270
349;0.0988741;32.4639;95.9311;9.1941e+06;289270
350;0.0988723;29.513;87.2456;9.19411e+06;289271
351;0.0988707;26.8302;79.3455;9.19412e+06;289271
352;0.0988692;24.3914;72.1597;9.19413e+06;289271
353;0.0988678;22.1742;65.6239;9.19414e+06;289271
354;0.0988665;20.1586;59.6794;9.19415e+06;289272
355;0.0988654;18.3262;54.2727;9.19416e+06;289272
356;0.0988644;16.6603;49.3553;9.19416e+06;289272
357;0.0988634;15.1459;44.8829;9.19417e+06;289272
358;0.0988626;13.7691;40.8154;9.19417e+06;289272
359;0.0988618;12.5175;37.1161;9.19418e+06;289273
360;0.0988611;11.3797;33.7517;9.19418e+06;289273
361;0.0988605;10.3453;30.6921;9.19419e+06;289273
362;0.0988599;9.40488;27.9095;9.19419e+06;289273
363;0.0988594;8.54997;25.379;9.19419e+06;289273
364;0.0988589;7.77278;23.0777;9.1942e+06;289273
365;0.0988584;7.06624;20.9849;9.1942e+06;289273
366;0.098858;6.42392;19.0818;9.1942e+06;289273
367;0.0988577;5.83998;17.3511;9.1942e+06;289273
368;0.0988573;5.30913;15.7773;9.19421e+06;289273
369;0.098857;4.82653;14.3461;9.19421e+06;289274
370;0.0988568;4.3878;13.0446;9.19421e+06;289274
371;0.0988565;3.98895;11.8612;9.19421e+06;289274
372;0.0988563;3.62635;10.785;9.19421e+06;289274
373;0.0988561;3.29672;9.80641;9.19421e+06;289274
374;0.0988559;2.99705;8.91657;9.19421e+06;289274
375;0.0988557;2.72461;8.10742;9.19422e+06;289274
376;0.0988556;2.47695;7.37166;9.19422e+06;289274
377;0.0988554;2.25179;6.70263;9.19422e+06;289274
378;0.0988553;2.0471;6.09429;9.19422e+06;289274
379;0.0988552;1.86102;5.54113;9.19422e+06;289274
380;0.0988551;1.69186;5.03816;9.19422e+06;289274
381;0.098855;1.53807;4.58082;9.19422e+06;289274
382;0.0988549;1.39826;4.16498;9.19422e+06;289274
383;0.0988548;1.27115;3.78687;9.19422e+06;289274
384;0.0988548;1.15561;3.44307;9.19422e+06;289274
385;0.0988547;1.05056;3.13047;9.19422e+06;289274
386;0.0988546;0.955066;2.84624;9.19422e+06;289274
387;0.0988546;0.868251;2.58781;9.19422e+06;289274
388;0.0988545;0.789327;2.35283;9.19422e+06;289274
389;0.0988545;0.717577;2.13918;9.19422e+06;289274
390;0.0988545;0.652349;1.94493;9.19422e+06;289274
391;0.0988544;0.593051;1.7683;9.19422e+06;289274
392;0.0988544;0.539143;1.60772;9.19422e+06;289274
393;0.0988544;0.490135;1.46171;9.19422e+06;289274
394;0.0988543;0.445581;1.32896;9.19422e+06;289274
395;0.0988543;0.405078;1.20826;9.19422e+06;289274
396;0.0988543;0.368256;1.09852;9.19422e+06;289274
397;0.0988543;0.334782;0.998742;9.19422e+06;289274
398;0.0988542;0.30435;0.908027;9.19422e+06;289274
399;0.0988542;0.276685;0.825549;9.19422e+06;289274
400;0.0988542;0.251534;0.75056;9.19422e+06;289274
401;0.0988542;0.22867;0.682382;9.19422e+06;289274
402;0.0988542;0.207884;0.620395;9.19422e+06;289274
403;0.0988542;0.188987;0.564038;9.19423e+06;289274
404;0.0988542;0.171808;0.512799;9.19423e+06;289274
405;0.0988541;0.156191;0.466214;9.19423e+06;289274
