128;1.14333e+07;1.7647;0.8787;0.1176;0.0037
129;1.14333e+07;3.15493;0.932525;0.220935;0.00695119
130;1.14333e+07;4.51377;1.10619;0.3306;0.0104015
131;1.14332e+07;6.05557;1.38231;0.460688;0.0144944
132;1.14332e+07;7.94449;1.76509;0.623248;0.019609
133;1.14332e+07;10.3372;2.27314;0.830823;0.0261398
134;1.14332e+07;13.4089;2.93706;1.09814;0.0345505
135;1.14332e+07;17.3731;3.79966;1.44354;0.0454176
136;1.14332e+07;22.4991;4.91798;1.89038;0.0594763
137;1.14332e+07;29.1327;6.3666;2.46874;0.0776728
138;1.14332e+07;37.7196;8.24249;3.21745;0.101229
139;1.14332e+07;48.8364;10.6714;4.18677;0.131726
140;1.14332e+07;63.2288;13.8162;5.44172;0.171211
141;1.14331e+07;81.8626;17.8878;7.0665;0.22233
142;1.14331e+07;105.988;23.1593;9.17011;0.288515
143;1.14331e+07;137.222;29.9843;11.8936;0.374205
144;1.1433e+07;177.661;38.8207;15.4198;0.485147
145;1.1433e+07;230.017;50.2612;19.9851;0.628783
146;1.14329e+07;297.802;65.073;25.8958;0.81475
147;1.14328e+07;385.562;84.2499;33.5484;1.05552
148;1.14326e+07;499.184;109.078;43.4562;1.36724
149;1.14324e+07;646.287;141.223;56.2838;1.77083
150;1.14322e+07;836.737;182.84;72.8916;2.29336
151;1.14318e+07;1083.3;236.721;94.3935;2.96986
152;1.14314e+07;1402.52;306.479;122.232;3.84573
153;1.14309e+07;1815.79;396.792;158.274;4.9797
154;1.14302e+07;2350.81;513.717;204.937;6.44783
155;1.14293e+07;3043.43;665.091;265.35;8.34859
156;1.14281e+07;3940.06;861.063;343.564;10.8094
157;1.14266e+07;5100.74;1114.77;444.825;13.9954
158;1.14246e+07;6603.17;1443.2;575.922;18.12
159;1.14221e+07;8547.84;1868.37;745.643;23.4599
160;1.14188e+07;11064.7;2418.74;965.363;30.3728
161;1.14145e+07;14321.9;3131.13;1249.81;39.3222
162;1.1409e+07;18536.5;4053.18;1618.03;50.9073
163;1.14019e+07;23989;5246.5;2094.68;65.9041
164;1.13926e+07;31041.6;6790.7;2711.67;85.3162
165;1.13807e+07;40160.9;8788.67;3510.26;110.442
166;1.13652e+07;51948.5;11373.2;4543.8;142.96
167;1.13453e+07;67177.6;14715.8;5881.3;185.041
168;1.13195e+07;86840.7;19037.2;7611.87;239.489
169;1.12863e+07;112208;24621.8;9850.65;309.927
170;1.12434e+07;144901;31834.9;12746.2;401.027
171;1.11881e+07;186978;41144.8;16490;518.817
172;1.11171e+07;241036;53150.2;21328.6;671.053
173;1.10259e+07;310331;68613.3;27579.1;867.708
174;1.09091e+07;398898;88499.6;35648;1121.58
175;1.07601e+07;511668;114024;46055.5;1449.03
176;1.05707e+07;654553;146704;59464.8;1870.92
177;1.03313e+07;834449;188408;76717.2;2413.72
178;1.00308e+07;1.0591e+06;241405;98873.9;3110.83
179;9.65692e+06;1.33668e+06;308395;127263;4004.03
180;9.19709e+06;1.675e+06;392490;163530;5145.09
181;8.63968e+06;2.08016e+06;497139;209687;6597.3
182;7.97635e+06;2.5544e+06;625922;268151;8436.72
183;7.20519e+06;3.09336e+06;782193;341759;10752.6
184;6.33449e+06;3.68287e+06;968499;433745;13646.7
185;5.38644e+06;4.29615e+06;1.18579e+06;547641;17230.2
186;4.39911e+06;4.89297e+06;1.43248e+06;687090;21617.6
187;3.42463e+06;5.42268e+06;1.70349e+06;855549;26917.8
188;2.52207e+06;5.83231e+06;1.98977e+06;1.05588e+06;33220.7
189;1.74524e+06;6.07898e+06;2.27857e+06;1.28988e+06;40582.8
190;1.12927e+06;6.14238e+06;2.55476e+06;1.55784e+06;49013.6
191;682055;6.03125e+06;2.80321e+06;1.85828e+06;58466.2
192;385434;5.77963e+06;3.01142e+06;2.18793e+06;68838.1
193;205197;5.4345e+06;3.1715e+06;2.54208e+06;79980.3
194;104042;5.04165e+06;3.2808e+06;2.91505e+06;91714.9
195;50931;4.63648e+06;3.34112e+06;3.30087e+06;103854
196;24425.4;4.24153e+06;3.3573e+06;3.69378e+06;116216
197;11638.4;3.86876e+06;3.33561e+06;4.0886e+06;128638
198;5578.26;3.52315e+06;3.28267e+06;4.48087e+06;140980
199;2716.62;3.20576e+06;3.20474e+06;4.86691e+06;153126
200;1354.62;2.91572e+06;3.10741e+06;5.24379e+06;164983
201;695.404;2.65134e+06;2.99552e+06;5.60922e+06;176481
202;368.842;2.41066e+06;2.87317e+06;5.96149e+06;187564
203;202.545;2.1917e+06;2.74378e+06;6.29938e+06;198195
204;115.255;1.99256e+06;2.61019e+06;6.62205e+06;208347
205;67.9596;1.81148e+06;2.47469e+06;6.929e+06;218004
206;41.4969;1.64684e+06;2.33918e+06;7.22003e+06;227161
207;26.2109;1.49716e+06;2.20513e+06;7.49512e+06;235816
208;17.102;1.36108e+06;2.07374e+06;7.75444e+06;243975
209;11.5087;1.23736e+06;1.94592e+06;7.99831e+06;251648
210;7.97427;1.12489e+06;1.82236e+06;8.22715e+06;258847
211;5.67934;1.02264e+06;1.70356e+06;8.44146e+06;265590
212;4.1505;929683;1.58987e+06;8.6418e+06;271893
213;3.10719;845176;1.48153e+06;8.82877e+06;277776
214;2.37898;768350;1.37865e+06;9.003e+06;283258
215;1.85989;698507;1.28126e+06;9.16512e+06;288359
216;1.48256;635013;1.18934e+06;9.3158e+06;293099
217;1.20325;577291;1.10279e+06;9.45567e+06;297500
218;0.992967;524815;1.0215e+06;9.58536e+06;301580
219;0.832169;477110;945298;9.70548e+06;305360
220;0.70742;433741;874003;9.81665e+06;308857
221;0.609339;394314;807413;9.91943e+06;312091
222;0.531271;358471;745317;1.00144e+07;315078
223;0.468423;325886;687495;1.0102e+07;317836
224;0.417296;296263;633725;1.01829e+07;320380
225;0.375302;269333;583784;1.02574e+07;322725
226;0.340503;244850;537454;1.03261e+07;324885
227;0.31143;222593;494517;1.03893e+07;326873
228;0.28696;202360;454766;1.04474e+07;328703
229;0.266222;183965;417998;1.05009e+07;330386
230;0.248535;167243;384017;1.05501e+07;331932
231;0.233363;152040;352638;1.05952e+07;333353
232;0.22028;138220;323684;1.06367e+07;334658
233;0.208943;125656;296985;1.06748e+07;335855
234;0.199076;114234;272383;1.07097e+07;336954
235;0.190452;103850;249727;1.07417e+07;337962
236;0.182887;94409.9;228875;1.07711e+07;338886
237;0.176229;85828.1;209694;1.0798e+07;339733
238;0.170351;78026.3;192060;1.08227e+07;340509
239;0.165146;70933.7;175856;1.08452e+07;341219
240;0.160526;64485.8;160972;1.08659e+07;341870
241;0.156414;58624.1;147308;1.08849e+07;342466
242;0.152748;53295.2;134769;1.09022e+07;343011
243;0.149473;48450.6;123266;1.0918e+07;343509
244;0.146541;44046.5;112718;1.09325e+07;343965
245;0.143912;40042.7;103049;1.09458e+07;344382
246;0.141552;36402.8;94188.9;1.09579e+07;344764
247;0.13943;33093.8;86072.8;1.0969e+07;345112
248;0.13752;30085.5;78640.4;1.09791e+07;345431
249;0.135799;27350.8;71836.1;1.09883e+07;345722
250;0.134246;24864.6;65608.6;1.09968e+07;345987
251;0.132844;22604.4;59910.4;1.10045e+07;346230
252;0.131578;20549.7;54698;1.10116e+07;346452
253;0.130432;18681.7;49931.1;1.1018e+07;346654
254;0.129396;16983.5;45572.6;1.10239e+07;346839
255;0.128457;15439.7;41588.5;1.10292e+07;347008
256;0.127606;14036.3;37947.3;1.10341e+07;347162
257;0.126836;12760.4;34620.2;1.10386e+07;347302
258;0.126137;11600.4;31580.7;1.10426e+07;347430
259;0.125503;10546;28804.4;1.10464e+07;347547
260;0.124927;9587.34;26269.1;1.10497e+07;347653
261;0.124405;8715.85;23954.1;1.10528e+07;347751
262;0.12393;7923.58;21840.7;1.10556e+07;347839
263;0.123499;7203.33;19911.7;1.10582e+07;347920
264;0.123108;6548.55;18151.2;1.10606e+07;347994
265;0.122752;5953.28;16544.7;1.10627e+07;348061
266;0.122429;5412.13;15079;1.10646e+07;348122
267;0.122135;4920.17;13741.9;1.10664e+07;348178
268;0.121868;4472.92;12522.2;1.1068e+07;348229
269;0.121625;4066.34;11409.9;1.10695e+07;348275
270;0.121404;3696.71;10395.5;1.10708e+07;348317
271;0.121203;3360.68;9470.55;1.10721e+07;348356
272;0.12102;3055.19;8627.26;1.10732e+07;348391
273;0.120854;2777.47;7858.49;1.10742e+07;348423
274;0.120703;2525;7157.73;1.10751e+07;348452
275;0.120565;2295.48;6519.02;1.1076e+07;348478
276;0.12044;2086.82;5936.92;1.10767e+07;348502
277;0.120326;1897.13;5406.46;1.10774e+07;348524
278;0.120223;1724.68;4923.11;1.10781e+07;348544
279;0.120129;1567.91;4482.71;1.10786e+07;348563
280;0.120043;1425.38;4081.48;1.10792e+07;348579
281;0.119965;1295.82;3715.96;1.10796e+07;348594
282;0.119894;1178.03;3383.01;1.10801e+07;348608
283;0.119829;1070.94;3079.73;1.10805e+07;348621
284;0.119771;973.595;2803.51;1.10808e+07;348632
285;0.119717;885.096;2551.94;1.10812e+07;348642
286;0.119669;804.64;2322.85;1.10815e+07;348652
287;0.119624;731.499;2114.23;1.10817e+07;348660
288;0.119584;665.006;1924.26;1.1082e+07;348668
289;0.119547;604.557;1751.3;1.10822e+07;348675
290;0.119514;549.602;1593.82;1.10824e+07;348682
291;0.119484;499.644;1450.45;1.10826e+07;348688
292;0.119456;454.226;1319.93;1.10828e+07;348693
293;0.119431;412.937;1201.11;1.10829e+07;348698
294;0.119408;375.401;1092.95;1.10831e+07;348702
295;0.119387;341.277;994.5;1.10832e+07;348706
296;0.119369;310.255;904.889;1.10833e+07;348710
297;0.119351;282.053;823.328;1.10834e+07;348713
298;0.119336;256.414;749.097;1.10835e+07;348717
299;0.119321;233.106;681.54;1.10836e+07;348719
300;0.119309;211.917;620.058;1.10837e+07;348722
301;0.119297;192.654;564.109;1.10838e+07;348724
302;0.119286;175.141;513.194;1.10838e+07;348726
303;0.119276;159.221;466.864;1.10839e+07;348728
304;0.119267;144.748;424.707;1.1084e+07;348730
305;0.119259;131.59;386.347;1.1084e+07;348731
306;0.119252;119.629;351.445;1.1084e+07;348733
307;0.119245;108.755;319.689;1.10841e+07;348734
308;0.119239;98.8687;290.797;1.10841e+07;348735
309;0.119234;89.8816;264.51;1.10842e+07;348736
310;0.119229;81.7113;240.595;1.10842e+07;348737
311;0.119224;74.2838;218.839;1.10842e+07;348738
312;0.11922;67.5314;199.046;1.10842e+07;348739
313;0.119216;61.3928;181.04;1.10843e+07;348740
314;0.119213;55.8122;164.661;1.10843e+07;348740
315;0.11921;50.7389;149.761;1.10843e+07;348741
316;0.119207;46.1267;136.207;1.10843e+07;348742
317;0.119204;41.9338;123.878;1.10843e+07;348742
318;0.119202;38.122;112.663;1.10844e+07;348743
319;0.1192;34.6567;102.462;1.10844e+07;348743
320;0.119198;31.5064;93.1841;1.10844e+07;348743
321;0.119196;28.6425;84.7448;1.10844e+07;348744
322;0.119194;26.0389;77.0689;1.10844e+07;348744
323;0.119193;23.672;70.0873;1.10844e+07;348744
324;0.119192;21.5202;63.7375;1.10844e+07;348745
325;0.11919;19.564;57.9623;1.10844e+07;348745
326;0.119189;17.7856;52.7099;1.10844e+07;348745
327;0.119188;16.1689;47.9329;1.10844e+07;348745
328;0.119187;14.6992;43.5884;1.10844e+07;348745
329;0.119187;13.363;39.6373;1.10845e+07;348746
330;0.119186;12.1483;36.044;1.10845e+07;348746
331;0.119185;11.044;32.7761;1.10845e+07;348746
332;0.119185;10.0401;29.8043;1.10845e+07;348746
333;0.119184;9.12748;27.1017;1.10845e+07;348746
334;0.119183;8.2978;24.6439;1.10845e+07;348746
335;0.119183;7.54353;22.4089;1.10845e+07;348746
336;0.119183;6.85782;20.3764;1.10845e+07;348746
337;0.119182;6.23444;18.5281;1.10845e+07;348746
338;0.119182;5.66773;16.8474;1.10845e+07;348746
339;0.119182;5.15254;15.319;1.10845e+07;348747
340;0.119181;4.68417;13.9291;1.10845e+07;348747
341;0.119181;4.25838;12.6653;1.10845e+07;348747
342;0.119181;3.87129;11.5161;1.10845e+07;348747
343;0.11918;3.51939;10.4711;1.10845e+07;348747
344;0.11918;3.19948;9.52088;1.10845e+07;348747
345;0.11918;2.90865;8.65683;1.10845e+07;348747
346;0.11918;2.64425;7.87115;1.10845e+07;348747
347;0.11918;2.40389;7.15674;1.10845e+07;348747
348;0.11918;2.18538;6.50714;1.10845e+07;348747
349;0.11918;1.98673;5.91648;1.10845e+07;348747
350;0.119179;1.80613;5.3794;1.10845e+07;348747
351;0.119179;1.64196;4.89106;1.10845e+07;348747
352;0.119179;1.4927;4.44703;1.10845e+07;348747
353;0.119179;1.35702;4.04329;1.10845e+07;348747
354;0.119179;1.23366;3.67619;1.10845e+07;348747
355;0.119179;1.12152;3.34241;1.10845e+07;348747
356;0.119179;1.01958;3.03892;1.10845e+07;348747
357;0.119179;0.926897;2.76298;1.10845e+07;348747
358;0.119179;0.842642;2.51209;1.10845e+07;348747
359;0.119179;0.766046;2.28397;1.10845e+07;348747
360;0.119179;0.696412;2.07655;1.10845e+07;348747
361;0.119179;0.633109;1.88797;1.10845e+07;348747
362;0.119179;0.575559;1.71651;1.10845e+07;348747
363;0.119179;0.523241;1.56062;1.10845e+07;348747
364;0.119179;0.475678;1.41888;1.10845e+07;348747
365;0.119179;0.432439;1.29001;1.10845e+07;348747
366;0.119179;0.39313;1.17284;1.10845e+07;348747
367;0.119179;0.357395;1.06631;1.10845e+07;348747
368;0.119179;0.324908;0.969451;1.10845e+07;348747
369;0.119178;0.295374;0.881391;1.10845e+07;348747
370;0.119178;0.268524;0.801328;1.10845e+07;348747
371;0.119178;0.244115;0.728535;1.10845e+07;348747
372;0.119178;0.221925;0.662354;1.10845e+07;348747
373;0.119178;0.201752;0.602184;1.10845e+07;348747
374;0.119178;0.183413;0.547478;1.10845e+07;348747
375;0.119178;0.166741;0.497741;1.10845e+07;348747
