265;383069;1.7647;0.8787;0.1176;0.0037
266;383068;3.15492;0.932525;0.220935;0.00695119
267;383066;4.51375;1.10619;0.3306;0.0104015
268;383064;6.05553;1.38231;0.460688;0.0144944
269;383062;7.9444;1.76508;0.623248;0.019609
270;383059;10.337;2.27313;0.830822;0.0261398
271;383055;13.4086;2.93703;1.09814;0.0345504
272;383049;17.3725;3.79961;1.44354;0.0454174
273;383043;22.4982;4.91789;1.89037;0.059476
274;383034;29.131;6.36643;2.46871;0.0776721
275;383023;37.7168;8.2422;3.21741;0.101228
276;383008;48.8315;10.6709;4.18669;0.131724
277;382989;63.2205;13.8153;5.44158;0.171206
278;382965;81.8484;17.8862;7.06626;0.222323
279;382933;105.963;23.1567;9.16968;0.288502
280;382893;137.181;29.9798;11.8929;0.374181
281;382840;177.592;38.8131;15.4185;0.485107
282;382771;229.901;50.2482;19.9829;0.628715
283;382683;297.607;65.0511;25.8921;0.814633
284;382568;385.233;84.2128;33.5421;1.05532
285;382420;498.631;109.016;43.4456;1.36691
286;382227;645.358;141.118;56.2658;1.77027
287;381979;835.177;182.663;72.8612;2.2924
288;381658;1080.69;236.424;94.3424;2.96826
289;381242;1398.13;305.98;122.146;3.84302
290;380705;1808.42;395.954;158.129;4.97515
291;380010;2338.46;512.311;204.693;6.44018
292;379113;3022.75;662.734;264.941;8.33573
293;377956;3905.44;857.112;342.878;10.7878
294;376463;5042.8;1108.15;443.675;13.9592
295;374542;6506.27;1432.12;573.993;18.0593
296;372070;8385.92;1849.82;742.41;23.3582
297;368900;10794.4;2387.72;959.95;30.2025
298;364842;13871.2;3079.3;1240.75;39.0371
299;359666;17786.2;3966.67;1602.87;50.4305
300;353093;22742.4;5102.28;2069.35;65.1072
301;344792;28975.7;6550.66;2669.38;83.9856
302;334385;36748.6;8389.96;3439.74;108.223
303;321458;46335.5;10712.7;4426.4;139.266
304;305589;57993.1;13625.2;5686.21;178.903
305;286399;71910.9;17244;7288.53;229.316
306;263635;88138.2;21689;9316.42;293.119
307;237275;106487;27069.9;11867;373.368
308;207658;126424;33466;15050.5;473.527
309;175605;146985;40898.5;18986.1;597.351
310;142469;166760;49298.4;23795.7;748.675
311;110052;184019;58477;29593.2;931.079
312;80334;197009;68111.1;36470.1;1147.44
313;55053;204382;77757.4;44480;1399.46
314;35261.1;205596;86903.7;53624.3;1687.16
315;21082.7;201085;95051;63844.1;2008.7
316;11802.9;192087;101800;75022.1;2360.39
317;6233.69;180195;106912;86993.8;2737.05
318;3141.55;166908;110324;99566.7;3132.63
319;1531.83;153345;112113;112541;3540.82
320;733.337;140205;112453;125725;3955.64
321;349.495;127844;111557;138950;4371.72
322;167.821;116405;109646;152069;4784.48
323;81.9853;105909;106927;164963;5190.17
324;41.0482;96323.1;103584;177538;5585.8
325;21.1719;87587.2;99775.2;189719;5969.06
326;11.2871;79635.4;95634.1;201453;6338.23
327;6.23107;72401.6;91272.6;212700;6692.08
328;3.56468;65823;86782.5;223433;7029.78
329;2.11303;59841.1;82239.1;233639;7350.88
330;1.29689;54402.4;77703.1;243310;7655.16
331;0.823225;49457.7;73222.9;252448;7942.67
332;0.539675;44962.3;68836.6;261059;8213.59
333;0.3648;40875.4;64573.8;269154;8468.29
334;0.253836;37159.9;60456.6;276748;8707.21
335;0.181502;33782.1;56501;283858;8930.9
336;0.133136;30711.4;52718.3;290502;9139.95
337;0.100015;27919.8;49115.2;296702;9335.01
338;0.0768218;25381.9;45695.4;302478;9516.74
339;0.0602396;23074.7;42459.8;307852;9685.81
340;0.0481519;20977.2;39406.9;312845;9842.91
341;0.0391808;19070.4;36533.7;317479;9988.72
342;0.0324106;17336.9;33835.6;321776;10123.9
343;0.027222;15761;31307.3;325755;10249.1
344;0.0231883;14328.3;28942.4;329436;10364.9
345;0.0200109;13025.9;26734.1;332840;10472
346;0.0174774;11841.8;24675.3;335984;10570.9
347;0.0154345;10765.4;22758.6;338886;10662.2
348;0.0137701;9786.82;20976.6;341562;10746.4
349;0.0124011;8897.2;19321.7;344029;10824
350;0.0112653;8088.45;17786.8;346301;10895.5
351;0.0103153;7353.21;16364.5;348393;10961.3
352;0.00951485;6684.8;15047.9;350317;11021.9
353;0.00883579;6077.16;13830.2;352087;11077.6
354;0.00825613;5524.74;12705;353713;11128.7
355;0.0077585;5022.54;11666.1;355208;11175.7
356;0.00732905;4566;10707.6;356580;11218.9
357;0.00695666;4150.95;9823.78;357839;11258.5
358;0.00663233;3773.63;9009.47;358994;11294.9
359;0.00634873;3430.6;8259.65;360054;11328.2
360;0.00609982;3118.76;7569.59;361025;11358.8
361;0.00588064;2835.27;6934.9;361915;11386.8
362;0.00568703;2577.54;6351.42;362731;11412.4
363;0.00551554;2343.24;5815.29;363478;11435.9
364;0.00536325;2130.24;5322.9;364161;11457.5
365;0.0052277;1936.6;4870.87;364787;11477.2
366;0.00510679;1760.57;4456.07;365360;11495.2
367;0.00499872;1600.53;4075.58;365884;11511.7
368;0.00490197;1455.04;3726.7;366364;11526.7
369;0.00481522;1322.78;3406.92;366802;11540.5
370;0.0047373;1202.54;3113.9;367202;11553.1
371;0.00466724;1093.23;2845.49;367569;11564.7
372;0.00460416;993.854;2599.71;367903;11575.2
373;0.00454731;903.513;2374.71;368209;11584.8
374;0.00449602;821.383;2168.78;368488;11593.6
375;0.00444971;746.72;1980.37;368743;11601.6
376;0.00440785;678.843;1808.03;368976;11608.9
377;0.00436999;617.136;1650.42;369189;11615.6
378;0.00433573;561.038;1506.33;369383;11621.7
379;0.00430471;510.04;1374.61;369560;11627.3
380;0.0042766;463.677;1254.23;369722;11632.4
381;0.00425112;421.529;1144.24;369869;11637
382;0.00422801;383.212;1043.76;370004;11641.3
383;0.00420705;348.378;951.986;370126;11645.1
384;0.00418802;316.711;868.178;370238;11648.7
385;0.00417075;287.922;791.657;370341;11651.9
386;0.00415506;261.75;721.801;370434;11654.8
387;0.00414081;237.957;658.04;370519;11657.5
388;0.00412787;216.326;599.85;370596;11659.9
389;0.00411611;196.662;546.752;370666;11662.1
390;0.00410541;178.786;498.308;370731;11664.1
391;0.0040957;162.534;454.115;370789;11666
392;0.00408686;147.76;413.805;370843;11667.7
393;0.00407882;134.328;377.042;370891;11669.2
394;0.00407152;122.118;343.517;370936;11670.6
395;0.00406487;111.017;312.949;370976;11671.9
396;0.00405883;100.926;285.08;371013;11673
397;0.00405333;91.7518;259.674;371046;11674.1
398;0.00404833;83.4116;236.515;371077;11675
399;0.00404378;75.8295;215.408;371105;11675.9
400;0.00403965;68.9366;196.172;371130;11676.7
401;0.00403588;62.6702;178.643;371153;11677.4
402;0.00403246;56.9735;162.67;371174;11678.1
403;0.00402934;51.7946;148.117;371193;11678.7
404;0.0040265;47.0865;134.859;371211;11679.3
405;0.00402392;42.8063;122.78;371227;11679.8
406;0.00402158;38.9152;111.778;371241;11680.2
407;0.00401944;35.3779;101.757;371254;11680.6
408;0.0040175;32.162;92.6297;371266;11681
409;0.00401573;29.2385;84.3173;371277;11681.3
410;0.00401412;26.5807;76.7473;371287;11681.6
411;0.00401266;24.1645;69.8541;371296;11681.9
412;0.00401133;21.968;63.5773;371304;11682.2
413;0.00401011;19.9711;57.8623;371312;11682.4
414;0.00400901;18.1557;52.659;371319;11682.6
415;0.00400801;16.5054;47.9218;371325;11682.8
416;0.0040071;15.005;43.6092;371330;11683
417;0.00400627;13.6411;39.6834;371335;11683.2
418;0.00400551;12.4011;36.1098;371340;11683.3
419;0.00400482;11.2738;32.8569;371344;11683.5
420;0.0040042;10.249;29.8961;371348;11683.6
421;0.00400363;9.31741;27.2014;371352;11683.7
422;0.00400311;8.47045;24.7488;371355;11683.8
423;0.00400264;7.70049;22.5167;371358;11683.9
424;0.00400221;7.00052;20.4854;371361;11684
425;0.00400182;6.36417;18.6369;371363;11684
426;0.00400147;5.78567;16.9547;371365;11684.1
427;0.00400115;5.25975;15.4241;371367;11684.2
428;0.00400085;4.78164;14.0312;371369;11684.2
429;0.00400059;4.34699;12.7639;371371;11684.3
430;0.00400035;3.95185;11.6108;371372;11684.3
431;0.00400012;3.59263;10.5616;371373;11684.4
432;0.00399992;3.26606;9.60705;371375;11684.4
433;0.00399974;2.96917;8.7386;371376;11684.4
434;0.00399958;2.69927;7.94851;371377;11684.5
435;0.00399942;2.45391;7.22972;371378;11684.5
436;0.00399929;2.23085;6.57581;371379;11684.5
437;0.00399916;2.02807;5.98095;371379;11684.6
438;0.00399905;1.84371;5.43981;371380;11684.6
439;0.00399895;1.67612;4.94756;371381;11684.6
440;0.00399885;1.52376;4.49978;371381;11684.6
441;0.00399877;1.38525;4.09247;371382;11684.6
442;0.00399869;1.25933;3.72197;371382;11684.6
443;0.00399862;1.14486;3.38497;371383;11684.7
444;0.00399855;1.04079;3.07844;371383;11684.7
445;0.00399849;0.946184;2.79963;371384;11684.7
446;0.00399844;0.860176;2.54604;371384;11684.7
447;0.00399839;0.781986;2.3154;371384;11684.7
448;0.00399835;0.710903;2.10562;371384;11684.7
449;0.00399831;0.646282;1.91483;371385;11684.7
450;0.00399827;0.587535;1.74131;371385;11684.7
451;0.00399824;0.534128;1.5835;371385;11684.7
452;0.00399821;0.485576;1.43997;371385;11684.7
453;0.00399818;0.441437;1.30944;371385;11684.7
454;0.00399816;0.401311;1.19073;371386;11684.8
455;0.00399813;0.364831;1.08278;371386;11684.8
456;0.00399811;0.331668;0.984598;371386;11684.8
457;0.0039981;0.30152;0.895315;371386;11684.8
458;0.00399808;0.274112;0.814122;371386;11684.8
459;0.00399806;0.249195;0.740285;371386;11684.8
460;0.00399805;0.226543;0.673141;371386;11684.8
461;0.00399804;0.20595;0.612081;371386;11684.8
462;0.00399802;0.187229;0.556557;371386;11684.8
463;0.00399801;0.17021;0.506066;371387;11684.8
464;0.003998;0.154738;0.460152;371387;11684.8
