226;1.1485e+07;1.7647;0.8787;0.1176;0.0037
227;1.1485e+07;3.15493;0.932525;0.220935;0.00695119
228;1.1485e+07;4.51377;1.10619;0.3306;0.0104015
229;1.1485e+07;6.05557;1.38231;0.460688;0.0144944
230;1.1485e+07;7.94449;1.76509;0.623248;0.019609
231;1.1485e+07;10.3372;2.27314;0.830823;0.0261398
232;1.1485e+07;13.4089;2.93706;1.09814;0.0345505
233;1.1485e+07;17.3731;3.79966;1.44354;0.0454176
234;1.1485e+07;22.4991;4.91798;1.89038;0.0594763
235;1.1485e+07;29.1327;6.3666;2.46874;0.0776728
236;1.1485e+07;37.7196;8.24249;3.21745;0.101229
237;1.1485e+07;48.8364;10.6714;4.18677;0.131726
238;1.1485e+07;63.2288;13.8162;5.44172;0.171211
239;1.14849e+07;81.8626;17.8878;7.0665;0.22233
240;1.14849e+07;105.988;23.1593;9.17011;0.288515
241;1.14849e+07;137.222;29.9843;11.8936;0.374205
242;1.14848e+07;177.661;38.8207;15.4198;0.485147
243;1.14847e+07;230.017;50.2612;19.9851;0.628783
244;1.14847e+07;297.802;65.073;25.8958;0.81475
245;1.14845e+07;385.562;84.2499;33.5484;1.05552
246;1.14844e+07;499.184;109.078;43.4562;1.36724
247;1.14842e+07;646.287;141.223;56.2838;1.77083
248;1.1484e+07;836.737;182.84;72.8916;2.29336
249;1.14836e+07;1083.3;236.721;94.3935;2.96986
250;1.14832e+07;1402.52;306.479;122.232;3.84573
251;1.14827e+07;1815.79;396.792;158.274;4.9797
252;1.1482e+07;2350.81;513.717;204.937;6.44784
253;1.14811e+07;3043.43;665.091;265.35;8.34859
254;1.14799e+07;3940.07;861.064;343.564;10.8094
255;1.14784e+07;5100.75;1114.77;444.826;13.9954
256;1.14764e+07;6603.19;1443.21;575.922;18.12
257;1.14739e+07;8547.87;1868.37;745.643;23.4599
258;1.14706e+07;11064.8;2418.74;965.364;30.3729
259;1.14663e+07;14322;3131.14;1249.81;39.3222
260;1.14608e+07;18536.6;4053.2;1618.03;50.9074
261;1.14537e+07;23989.2;5246.52;2094.69;65.9042
262;1.14444e+07;31041.9;6790.74;2711.68;85.3164
263;1.14325e+07;40161.5;8788.73;3510.27;110.442
264;1.1417e+07;51949.4;11373.3;4543.82;142.96
265;1.13971e+07;67179.2;14716;5881.33;185.042
266;1.13713e+07;86843.3;19037.5;7611.93;239.491
267;1.13381e+07;112213;24622.3;9850.73;309.93
268;1.12952e+07;144909;31835.8;12746.3;401.032
269;1.12399e+07;186990;41146.3;16490.2;518.824
270;1.11688e+07;241057;53152.6;21329;671.066
271;1.10776e+07;310366;68617.2;27579.8;867.73
272;1.09608e+07;398955;88506.2;35649.1;1121.61
273;1.08117e+07;511763;114035;46057.5;1449.09
274;1.06223e+07;654708;146722;59468;1871.02
275;1.03828e+07;834704;188438;76722.6;2413.89
276;1.00821e+07;1.05951e+06;241455;98882.8;3111.11
277;9.70794e+06;1.33735e+06;308476;127278;4004.49
278;9.24764e+06;1.67608e+06;392623;163555;5145.85
279;8.68951e+06;2.08186e+06;497354;209727;6598.56
280;8.02508e+06;2.55705e+06;626266;268216;8438.77
281;7.25229e+06;3.09741e+06;782735;341865;10756
282;6.37925e+06;3.68889e+06;969344;433914;13652.1
283;5.42798e+06;4.30484e+06;1.18708e+06;547909;17238.6
284;4.43645e+06;4.90506e+06;1.4344e+06;687510;21630.8
285;3.45682e+06;5.43882e+06;1.70628e+06;856195;26938.1
286;2.54841e+06;5.85284e+06;1.99369e+06;1.05685e+06;33251.3
287;1.76547e+06;6.10375e+06;2.28388e+06;1.29131e+06;40628
288;1.14373e+06;6.17066e+06;2.56168e+06;1.5599e+06;49078.4
289;691619;6.06186e+06;2.81186e+06;1.86115e+06;58556.6
290;391276;5.81118e+06;3.02181e+06;2.19182e+06;68960.5
291;208507;5.46572e+06;3.1835e+06;2.54719e+06;80141.2
292;105799;5.07159e+06;3.29417e+06;2.92157e+06;91920.1
293;51816.4;4.66456e+06;3.3556e+06;3.30896e+06;104109
294;24855.8;4.26752e+06;3.37257e+06;3.70358e+06;116524
295;11843.5;3.89261e+06;3.3514e+06;4.1002e+06;129003
296;5675.44;3.54494e+06;3.29871e+06;4.49432e+06;141403
297;2762.97;3.22562e+06;3.22081e+06;4.88225e+06;153608
298;1377.09;2.9338e+06;3.12334e+06;5.26102e+06;165525
299;706.553;2.66778e+06;3.01116e+06;5.62832e+06;177081
300;374.533;2.42561e+06;2.88841e+06;5.98243e+06;188223
301;205.543;2.2053e+06;2.75853e+06;6.32211e+06;198910
302;116.888;2.00492e+06;2.62438e+06;6.64651e+06;209116
303;68.8797;1.82272e+06;2.48829e+06;6.95514e+06;218827
304;42.0334;1.65706e+06;2.35215e+06;7.24776e+06;228033
305;26.5343;1.50645e+06;2.21746e+06;7.52437e+06;236736
306;17.3034;1.36953e+06;2.08542e+06;7.78515e+06;244941
307;11.6381;1.24504e+06;1.95695e+06;8.03039e+06;252657
308;8.05994;1.13187e+06;1.83274e+06;8.26053e+06;259898
309;5.73768;1.02899e+06;1.71332e+06;8.47606e+06;266679
310;4.19131;935453;1.59903e+06;8.67755e+06;273018
311;3.13646;850421;1.4901e+06;8.86559e+06;278934
312;2.40047;773118;1.38665e+06;9.04083e+06;284448
313;1.87603;702843;1.28873e+06;9.2039e+06;289578
314;1.49494;638955;1.19629e+06;9.35545e+06;294347
315;1.21293;580874;1.10926e+06;9.49614e+06;298773
316;1.00067;528073;1.02751e+06;9.62659e+06;302877
317;0.838409;480071;950877;9.74742e+06;306679
318;0.712554;436433;879174;9.85924e+06;310197
319;0.613626;396761;812202;9.96264e+06;313450
320;0.534899;360696;749747;1.00582e+07;316455
321;0.471533;327908;691590;1.01463e+07;319229
322;0.419993;298102;637507;1.02277e+07;321788
323;0.377668;271004;587275;1.03026e+07;324147
324;0.342599;246370;540673;1.03717e+07;326320
325;0.313305;223975;497484;1.04353e+07;328321
326;0.288651;203616;457499;1.04938e+07;330161
327;0.26776;185107;420513;1.05476e+07;331854
328;0.249945;168281;386331;1.0597e+07;333410
329;0.234664;152984;354766;1.06425e+07;334839
330;0.221489;139078;325639;1.06842e+07;336152
331;0.210072;126436;298781;1.07225e+07;337357
332;0.200136;114943;274032;1.07576e+07;338462
333;0.191454;104494;251240;1.07898e+07;339476
334;0.183838;94995.9;230263;1.08194e+07;340406
335;0.177135;86360.7;210967;1.08465e+07;341258
336;0.171217;78510.6;193227;1.08713e+07;342038
337;0.165978;71374;176925;1.0894e+07;342753
338;0.161327;64886.1;161952;1.09148e+07;343408
339;0.157189;58987.9;148206;1.09338e+07;344007
340;0.153499;53625.9;135590;1.09513e+07;344555
341;0.150202;48751.3;124018;1.09672e+07;345057
342;0.147251;44319.8;113406;1.09818e+07;345516
343;0.144606;40291.2;103678;1.09951e+07;345936
344;0.14223;36628.7;94764.7;1.10073e+07;346319
345;0.140095;33299.2;86599.3;1.10185e+07;346670
346;0.138173;30272.3;79121.7;1.10287e+07;346990
347;0.136441;27520.5;72276;1.1038e+07;347283
348;0.134878;25018.9;66010.5;1.10465e+07;347550
349;0.133468;22744.7;60277.7;1.10542e+07;347795
350;0.132193;20677.2;55033.5;1.10613e+07;348018
351;0.13104;18797.6;50237.5;1.10678e+07;348221
352;0.129997;17088.9;45852.4;1.10737e+07;348407
353;0.129053;15535.6;41843.9;1.10791e+07;348577
354;0.128197;14123.4;38180.4;1.1084e+07;348732
355;0.127421;12839.6;34832.9;1.10885e+07;348873
356;0.126718;11672.4;31774.8;1.10926e+07;349002
357;0.12608;10611.4;28981.5;1.10963e+07;349119
358;0.125501;9646.84;26430.7;1.10997e+07;349227
359;0.124975;8769.94;24101.5;1.11029e+07;349324
360;0.124498;7972.76;21975.2;1.11057e+07;349414
361;0.124064;7248.03;20034.3;1.11083e+07;349495
362;0.12367;6589.19;18263;1.11106e+07;349569
363;0.123312;5990.23;16646.7;1.11128e+07;349637
364;0.122987;5445.72;15171.9;1.11147e+07;349698
365;0.122691;4950.7;13826.6;1.11165e+07;349754
366;0.122423;4500.69;12599.4;1.11181e+07;349806
367;0.122178;4091.57;11480.2;1.11196e+07;349852
368;0.121956;3719.65;10459.6;1.1121e+07;349895
369;0.121754;3381.53;9528.98;1.11222e+07;349933
370;0.12157;3074.15;8680.5;1.11233e+07;349969
371;0.121403;2794.71;7906.99;1.11243e+07;350001
372;0.12125;2540.67;7201.91;1.11253e+07;350030
373;0.121112;2309.73;6559.27;1.11261e+07;350057
374;0.120986;2099.77;5973.58;1.11269e+07;350081
375;0.120872;1908.9;5439.86;1.11276e+07;350103
376;0.120767;1735.38;4953.52;1.11282e+07;350123
377;0.120673;1577.64;4510.41;1.11288e+07;350141
378;0.120586;1434.23;4106.7;1.11293e+07;350158
379;0.120508;1303.86;3738.93;1.11298e+07;350173
380;0.120436;1185.34;3403.92;1.11303e+07;350187
381;0.120371;1077.59;3098.77;1.11307e+07;350200
382;0.120312;979.638;2820.84;1.1131e+07;350211
383;0.120259;890.589;2567.72;1.11314e+07;350222
384;0.12021;809.634;2337.21;1.11317e+07;350231
385;0.120165;736.039;2127.3;1.11319e+07;350240
386;0.120125;669.133;1936.17;1.11322e+07;350248
387;0.120088;608.309;1762.14;1.11324e+07;350255
388;0.120054;553.013;1603.68;1.11326e+07;350261
389;0.120024;502.745;1459.43;1.11328e+07;350267
390;0.119996;457.045;1328.1;1.1133e+07;350273
391;0.119971;415.5;1208.54;1.11331e+07;350278
392;0.119948;377.731;1099.72;1.11333e+07;350282
393;0.119927;343.395;1000.66;1.11334e+07;350286
394;0.119908;312.181;910.492;1.11335e+07;350290
395;0.11989;283.803;828.426;1.11336e+07;350293
396;0.119875;258.006;753.736;1.11337e+07;350296
397;0.11986;234.553;685.76;1.11338e+07;350299
398;0.119847;213.232;623.899;1.11339e+07;350302
399;0.119836;193.849;567.602;1.1134e+07;350304
400;0.119825;176.228;516.373;1.11341e+07;350306
401;0.119815;160.209;469.756;1.11341e+07;350308
402;0.119806;145.646;427.338;1.11342e+07;350310
403;0.119798;132.407;388.741;1.11342e+07;350311
404;0.119791;120.371;353.623;1.11343e+07;350313
405;0.119784;109.429;321.67;1.11343e+07;350314
406;0.119778;99.4823;292.598;1.11343e+07;350315
407;0.119772;90.4394;266.149;1.11344e+07;350316
408;0.119767;82.2185;242.086;1.11344e+07;350317
409;0.119762;74.7448;220.195;1.11344e+07;350318
410;0.119758;67.9505;200.28;1.11345e+07;350319
411;0.119755;61.7738;182.162;1.11345e+07;350320
412;0.119751;56.1586;165.681;1.11345e+07;350320
413;0.119748;51.0538;150.689;1.11345e+07;350321
414;0.119745;46.413;137.051;1.11345e+07;350322
415;0.119742;42.194;124.646;1.11346e+07;350322
416;0.11974;38.3586;113.362;1.11346e+07;350323
417;0.119738;34.8718;103.098;1.11346e+07;350323
418;0.119736;31.702;93.7618;1.11346e+07;350323
419;0.119734;28.8203;85.2702;1.11346e+07;350324
420;0.119733;26.2005;77.5467;1.11346e+07;350324
421;0.119731;23.8189;70.5219;1.11346e+07;350324
422;0.11973;21.6537;64.1327;1.11346e+07;350325
423;0.119729;19.6854;58.3218;1.11346e+07;350325
424;0.119727;17.896;53.0367;1.11347e+07;350325
425;0.119726;16.2693;48.2301;1.11347e+07;350325
426;0.119726;14.7904;43.8587;1.11347e+07;350325
427;0.119725;13.4459;39.8831;1.11347e+07;350326
428;0.119724;12.2237;36.2675;1.11347e+07;350326
429;0.119723;11.1126;32.9794;1.11347e+07;350326
430;0.119723;10.1024;29.9891;1.11347e+07;350326
431;0.119722;9.18413;27.2698;1.11347e+07;350326
432;0.119722;8.34929;24.7968;1.11347e+07;350326
433;0.119721;7.59034;22.5479;1.11347e+07;350326
434;0.119721;6.90038;20.5028;1.11347e+07;350326
435;0.11972;6.27314;18.643;1.11347e+07;350326
436;0.11972;5.70291;16.9519;1.11347e+07;350326
437;0.11972;5.18452;15.414;1.11347e+07;350327
438;0.119719;4.71324;14.0156;1.11347e+07;350327
439;0.119719;4.28481;12.7439;1.11347e+07;350327
440;0.119719;3.89532;11.5876;1.11347e+07;350327
441;0.119719;3.54124;10.5361;1.11347e+07;350327
442;0.119718;3.21934;9.57994;1.11347e+07;350327
443;0.119718;2.9267;8.71053;1.11347e+07;350327
444;0.119718;2.66066;7.91998;1.11347e+07;350327
445;0.119718;2.41881;7.20114;1.11347e+07;350327
446;0.119718;2.19894;6.54751;1.11347e+07;350327
447;0.119718;1.99906;5.95318;1.11347e+07;350327
448;0.119717;1.81734;5.41278;1.11347e+07;350327
449;0.119717;1.65215;4.9214;1.11347e+07;350327
450;0.119717;1.50197;4.47462;1.11347e+07;350327
451;0.119717;1.36544;4.06837;1.11347e+07;350327
452;0.119717;1.24132;3.699;1.11347e+07;350327
453;0.119717;1.12848;3.36315;1.11347e+07;350327
454;0.119717;1.0259;3.05778;1.11347e+07;350327
455;0.119717;0.93265;2.78012;1.11347e+07;350327
456;0.119717;0.847872;2.52767;1.11347e+07;350327
457;0.119717;0.7708;2.29814;1.11347e+07;350327
458;0.119717;0.700735;2.08944;1.11347e+07;350327
459;0.119717;0.637038;1.89969;1.11347e+07;350327
460;0.119717;0.579131;1.72716;1.11347e+07;350327
461;0.119717;0.526488;1.5703;1.11347e+07;350327
462;0.119717;0.47863;1.42768;1.11347e+07;350327
463;0.119717;0.435123;1.29801;1.11347e+07;350327
464;0.119717;0.39557;1.18011;1.11347e+07;350327
465;0.119717;0.359613;1.07292;1.11347e+07;350327
466;0.119717;0.326924;0.975467;1.11347e+07;350327
467;0.119717;0.297207;0.88686;1.11347e+07;350327
468;0.119717;0.270191;0.8063;1.11347e+07;350327
469;0.119716;0.24563;0.733056;1.11347e+07;350327
470;0.119716;0.223303;0.666464;1.11347e+07;350327
471;0.119716;0.203004;0.60592;1.11347e+07;350327
472;0.119716;0.184551;0.550875;1.11347e+07;350327
473;0.119716;0.167776;0.50083;1.11347e+07;350327
474;0.119716;0.152525;0.45533;1.11347e+07;350327
