138;754392;1.7647;0.8787;0.1176;0.0037
139;754391;3.15493;0.932525;0.220935;0.00695119
140;754389;4.51376;1.10619;0.3306;0.0104015
141;754387;6.05555;1.38231;0.460688;0.0144944
142;754385;7.94444;1.76509;0.623248;0.019609
143;754382;10.3371;2.27313;0.830822;0.0261398
144;754378;13.4088;2.93704;1.09814;0.0345504
145;754372;17.3728;3.79964;1.44354;0.0454175
146;754366;22.4987;4.91793;1.89038;0.0594761
147;754357;29.1319;6.36652;2.46873;0.0776725
148;754346;37.7182;8.24235;3.21743;0.101229
149;754331;48.834;10.6711;4.18673;0.131725
150;754312;63.2248;13.8157;5.44165;0.171208
151;754288;81.8556;17.887;7.06638;0.222327
152;754256;105.976;23.158;9.1699;0.288509
153;754216;137.202;29.9821;11.8933;0.374193
154;754163;177.627;38.817;15.4192;0.485127
155;754094;229.96;50.2548;19.9841;0.62875
156;754006;297.706;65.0623;25.894;0.814693
157;753891;385.401;84.2317;33.5453;1.05542
158;753742;498.913;109.047;43.451;1.36708
159;753550;645.831;141.171;56.275;1.77056
160;753301;835.971;182.753;72.8767;2.29289
161;752979;1082.02;236.575;94.3684;2.96907
162;752562;1400.36;306.234;122.19;3.8444
163;752023;1812.17;396.381;158.203;4.97747
164;751326;2344.74;513.026;204.817;6.44407
165;750424;3033.26;663.933;265.149;8.34227
166;749259;3923.02;859.121;343.227;10.7988
167;747753;5072.19;1111.51;444.26;13.9776
168;745809;6555.37;1437.75;574.974;18.0902
169;743300;8467.85;1859.23;744.053;23.4098
170;740068;10930.9;2403.43;962.699;30.289
171;735907;14098.2;3105.52;1245.34;39.1817
172;730560;18162.9;4010.35;1610.55;50.6721
173;723707;23365.8;5174.9;2082.17;65.5104
174;714945;30003.2;6671.14;2690.74;84.6576
175;703787;38433.9;8589.22;3475.26;109.341
176;689645;49082.7;11041;4485.36;141.121
177;671830;62435.9;14163.3;5783.78;181.973
178;649566;79024.1;18120.7;7449.38;234.377
179;622024;99383.1;23106;9580.38;301.424
180;588391;123983;29337.2;12297.6;386.916
181;547992;153112;37048.6;15747.7;495.463
182;500469;186716;46472.4;20104.6;632.543
183;446020;224193;57806.9;25569.7;804.487
184;385644;264189;71174.1;32367.7;1018.37
185;321352;304467;86555.5;40737.8;1281.72
186;256178;341965;103732;50916.7;1601.97
187;193885;373174;122233;63115.5;1985.78
188;138302;394834;141327;77490.1;2438.04
189;92432.9;404813;160075;94110.1;2960.95
190;57685.8;402763;177455;112935;3553.22
191;33627.2;390210;192541;133804;4209.81
192;18397.1;369970;204655;156446;4922.21
193;9532.14;345205;213461;180514;5679.43
194;4736.47;318622;218946;205617;6469.23
195;2289.7;292106;221351;231365;7279.33
196;1092.6;266750;221053;257395;8098.33
197;521.507;243074;218487;283391;8916.22
198;251.79;221248;214080;309085;9724.63
199;124.055;201264;208224;334261;10516.7
200;62.7777;183031;201261;358748;11287.1
201;32.7742;166423;193486;382417;12031.8
202;17.7005;151310;185144;405171;12747.7
203;9.903;137564;176440;426943;13432.7
204;5.74177;125064;167541;447693;14085.6
205;3.44873;113698;158587;467395;14705.5
206;2.14397;103364;149685;486045;15292.2
207;1.37776;93968.9;140924;503648;15846.1
208;0.913845;85427.6;132372;520221;16367.5
209;0.62461;77662.5;124081;535788;16857.3
210;0.439179;70603.2;116089;550380;17316.4
211;0.317119;64185.5;108425;564032;17745.9
212;0.234753;58351.1;101108;576783;18147.1
213;0.177864;53047;94147.6;588673;18521.2
214;0.137709;48225.1;87549.5;599745;18869.5
215;0.108784;43841.5;81313.4;610041;19193.5
216;0.0875527;39856.3;75435.2;619603;19494.3
217;0.071694;36233.4;69907.9;628474;19773.4
218;0.0596548;32939.8;64721.7;636695;20032.1
219;0.0503772;29945.6;59865.2;644307;20271.6
220;0.043128;27223.5;55325.6;651347;20493.1
221;0.0373908;24748.9;51089.2;657853;20697.8
222;0.0327964;22499.2;47141.8;663861;20886.8
223;0.029077;20454.1;43468.6;669405;21061.2
224;0.0260356;18594.8;40055.2;674517;21222
225;0.0235256;16904.5;36886.7;679227;21370.3
226;0.0214366;15367.9;33949;683565;21506.7
227;0.0196843;13971;31227.9;687558;21632.3
228;0.018204;12701;28709.9;691230;21747.9
229;0.0169452;11546.5;26381.9;694606;21854.1
230;0.0158683;10496.9;24231.4;697709;21951.7
231;0.014942;9542.74;22246.3;700559;22041.4
232;0.014141;8675.31;20415.3;703175;22123.7
233;0.0134454;7886.72;18727.5;705576;22199.2
234;0.0128385;7169.82;17172.7;707778;22268.5
235;0.0123071;6518.08;15741.4;709797;22332.1
236;0.0118402;5925.59;14424.5;711649;22390.3
237;0.0114284;5386.95;13213.4;713345;22443.7
238;0.0110644;4897.28;12100.3;714899;22492.6
239;0.0107416;4452.12;11077.7;716322;22537.3
240;0.0104547;4047.42;10138.7;717625;22578.3
241;0.0101991;3679.51;9276.76;718817;22615.8
242;0.00997096;3345.04;8485.96;719908;22650.2
243;0.00976692;3040.98;7760.68;720906;22681.6
244;0.00958412;2764.55;7095.73;721818;22710.3
245;0.00942011;2513.26;6486.32;722653;22736.5
246;0.00927275;2284.8;5927.98;723416;22760.5
247;0.00914017;2077.11;5416.61;724113;22782.5
248;0.00902076;1888.3;4948.38;724750;22802.5
249;0.0089131;1716.66;4519.79;725332;22820.8
250;0.00881593;1560.61;4127.58;725863;22837.5
251;0.00872816;1418.75;3768.77;726349;22852.8
252;0.00864881;1289.79;3440.58;726792;22866.8
253;0.00857703;1172.55;3140.48;727196;22879.5
254;0.00851205;1065.96;2866.12;727566;22891.1
255;0.0084532;969.067;2615.36;727903;22901.7
256;0.00839987;880.979;2386.2;728210;22911.4
257;0.00835152;800.898;2176.84;728491;22920.2
258;0.00830766;728.096;1985.59;728747;22928.3
259;0.00826787;661.912;1810.92;728981;22935.6
260;0.00823175;601.744;1651.42;729194;22942.3
261;0.00819896;547.046;1505.81;729388;22948.4
262;0.00816917;497.319;1372.88;729565;22954
263;0.00814212;452.113;1251.55;729726;22959.1
264;0.00811753;411.016;1140.84;729873;22963.7
265;0.00809519;373.655;1039.82;730008;22967.9
266;0.00807488;339.69;947.651;730130;22971.8
267;0.00805642;308.812;863.579;730241;22975.3
268;0.00803964;280.741;786.898;730343;22978.5
269;0.00802437;255.221;716.966;730435;22981.4
270;0.0080105;232.022;653.198;730520;22984
271;0.00799787;210.931;595.056;730597;22986.5
272;0.00798639;191.757;542.049;730667;22988.7
273;0.00797595;174.327;493.729;730730;22990.7
274;0.00796645;158.48;449.686;730788;22992.5
275;0.0079578;144.075;409.545;730841;22994.2
276;0.00794994;130.978;372.964;730889;22995.7
277;0.00794279;119.072;339.629;730933;22997
278;0.00793628;108.249;309.256;730973;22998.3
279;0.00793036;98.4088;281.583;731010;22999.5
280;0.00792497;89.4635;256.372;731043;23000.5
281;0.00792007;81.3312;233.407;731073;23001.4
282;0.00791561;73.9382;212.487;731100;23002.3
283;0.00791155;67.2173;193.434;731125;23003.1
284;0.00790786;61.1072;176.08;731148;23003.8
285;0.0079045;55.5526;160.276;731169;23004.5
286;0.00790144;50.5028;145.884;731188;23005.1
287;0.00789866;45.9121;132.779;731205;23005.6
288;0.00789613;41.7387;120.847;731220;23006.1
289;0.00789383;37.9447;109.982;731235;23006.5
290;0.00789173;34.4955;100.09;731247;23006.9
291;0.00788983;31.3599;91.0851;731259;23007.3
292;0.00788809;28.5093;82.8871;731270;23007.6
293;0.00788652;25.9178;75.4243;731280;23007.9
294;0.00788508;23.5618;68.6313;731289;23008.2
295;0.00788378;21.4201;62.4481;731297;23008.5
296;0.00788259;19.473;56.8202;731304;23008.7
297;0.00788151;17.7029;51.698;731311;23008.9
298;0.00788053;16.0937;47.0362;731317;23009.1
299;0.00787963;14.6308;42.7937;731322;23009.3
300;0.00787882;13.3009;38.9327;731327;23009.4
301;0.00787808;12.0918;35.4192;731332;23009.6
302;0.0078774;10.9927;32.222;731336;23009.7
303;0.00787679;9.99343;29.3127;731340;23009.8
304;0.00787623;9.08503;26.6655;731343;23010
305;0.00787573;8.2592;24.2568;731346;23010
306;0.00787527;7.50844;22.0652;731349;23010.1
307;0.00787485;6.82592;20.0712;731352;23010.2
308;0.00787447;6.20544;18.2571;731354;23010.3
309;0.00787412;5.64137;16.6066;731356;23010.4
310;0.0078738;5.12857;15.105;731358;23010.4
311;0.00787352;4.66238;13.7389;731360;23010.5
312;0.00787326;4.23857;12.4962;731362;23010.5
313;0.00787302;3.85329;11.3657;731363;23010.6
314;0.0078728;3.50302;10.3373;731365;23010.6
315;0.00787261;3.1846;9.40182;731366;23010.7
316;0.00787243;2.89512;8.55086;731367;23010.7
317;0.00787227;2.63195;7.7768;731368;23010.7
318;0.00787212;2.39271;7.07272;731369;23010.8
319;0.00787198;2.17521;6.4323;731370;23010.8
320;0.00787186;1.97748;5.84979;731370;23010.8
321;0.00787175;1.79773;5.31996;731371;23010.8
322;0.00787165;1.63432;4.83806;731372;23010.8
323;0.00787156;1.48576;4.39977;731372;23010.9
324;0.00787147;1.3507;4.00113;731373;23010.9
325;0.0078714;1.22792;3.63857;731373;23010.9
326;0.00787133;1.11631;3.30883;731374;23010.9
327;0.00787127;1.01483;3.00894;731374;23010.9
328;0.00787121;0.922585;2.73621;731374;23010.9
329;0.00787116;0.838722;2.48817;731375;23010.9
330;0.00787111;0.762483;2.26259;731375;23010.9
331;0.00787107;0.693173;2.05745;731375;23011
332;0.00787103;0.630164;1.87089;731376;23011
333;0.00787099;0.572882;1.70123;731376;23011
334;0.00787096;0.520807;1.54695;731376;23011
335;0.00787093;0.473466;1.40665;731376;23011
336;0.0078709;0.430428;1.27906;731376;23011
337;0.00787088;0.391302;1.16303;731376;23011
338;0.00787086;0.355732;1.05753;731377;23011
339;0.00787084;0.323396;0.961585;731377;23011
340;0.00787082;0.294;0.874341;731377;23011
341;0.0078708;0.267275;0.795008;731377;23011
342;0.00787079;0.24298;0.722869;731377;23011
343;0.00787077;0.220893;0.657272;731377;23011
344;0.00787076;0.200814;0.597624;731377;23011
345;0.00787075;0.18256;0.543386;731377;23011
346;0.00787074;0.165965;0.494068;731377;23011
