210;1.13531e+07;1.7647;0.8787;0.1176;0.0037
211;1.13531e+07;3.15493;0.932525;0.220935;0.00695119
212;1.13531e+07;4.51377;1.10619;0.3306;0.0104015
213;1.13531e+07;6.05557;1.38231;0.460688;0.0144944
214;1.13531e+07;7.94449;1.76509;0.623248;0.019609
215;1.13531e+07;10.3372;2.27314;0.830823;0.0261398
216;1.13531e+07;13.4089;2.93706;1.09814;0.0345505
217;1.13531e+07;17.3731;3.79966;1.44354;0.0454176
218;1.13531e+07;22.4991;4.91798;1.89038;0.0594763
219;1.13531e+07;29.1327;6.3666;2.46874;0.0776728
220;1.13531e+07;37.7196;8.24249;3.21745;0.101229
221;1.13531e+07;48.8364;10.6714;4.18677;0.131726
222;1.13531e+07;63.2288;13.8162;5.44172;0.171211
223;1.1353e+07;81.8626;17.8878;7.0665;0.22233
224;1.1353e+07;105.988;23.1593;9.17011;0.288515
225;1.1353e+07;137.222;29.9843;11.8936;0.374205
226;1.13529e+07;177.661;38.8207;15.4198;0.485147
227;1.13528e+07;230.017;50.2612;19.9851;0.628783
228;1.13528e+07;297.802;65.073;25.8958;0.81475
229;1.13526e+07;385.562;84.2499;33.5484;1.05552
230;1.13525e+07;499.184;109.078;43.4562;1.36724
231;1.13523e+07;646.287;141.223;56.2838;1.77083
232;1.1352e+07;836.737;182.84;72.8916;2.29336
233;1.13517e+07;1083.3;236.721;94.3935;2.96986
234;1.13513e+07;1402.52;306.479;122.232;3.84573
235;1.13508e+07;1815.79;396.792;158.274;4.9797
236;1.13501e+07;2350.8;513.716;204.937;6.44783
237;1.13492e+07;3043.43;665.091;265.35;8.34858
238;1.1348e+07;3940.05;861.062;343.564;10.8094
239;1.13465e+07;5100.73;1114.77;444.825;13.9953
240;1.13445e+07;6603.15;1443.2;575.922;18.12
241;1.1342e+07;8547.8;1868.37;745.642;23.4598
242;1.13387e+07;11064.7;2418.73;965.362;30.3728
243;1.13344e+07;14321.8;3131.12;1249.8;39.3221
244;1.13289e+07;18536.3;4053.16;1618.02;50.9072
245;1.13217e+07;23988.7;5246.46;2094.68;65.9039
246;1.13125e+07;31041;6790.64;2711.66;85.3158
247;1.13006e+07;40160;8788.57;3510.24;110.441
248;1.12851e+07;51947;11373.1;4543.78;142.959
249;1.12652e+07;67175.1;14715.5;5881.25;185.039
250;1.12394e+07;86836.5;19036.7;7611.79;239.487
251;1.12062e+07;112201;24621;9850.51;309.922
252;1.11633e+07;144890;31833.6;12745.9;401.02
253;1.1108e+07;186958;41142.6;16489.6;518.804
254;1.1037e+07;241004;53146.5;21327.9;671.032
255;1.09458e+07;310278;68607.1;27578;867.674
256;1.08291e+07;398809;88489.3;35646.2;1121.52
257;1.06801e+07;511521;114007;46052.5;1448.93
258;1.04908e+07;654310;146675;59459.8;1870.76
259;1.02516e+07;834050;188360;76708.8;2413.46
260;9.9514e+06;1.05845e+06;241328;98860;3110.39
261;9.57801e+06;1.33563e+06;308267;127240;4003.3
262;9.1189e+06;1.67332e+06;392283;163492;5143.89
263;8.56262e+06;2.07749e+06;496804;209625;6595.34
264;7.90102e+06;2.55025e+06;625386;268049;8433.51
265;7.13241e+06;3.08705e+06;781345;341594;10747.4
266;6.26536e+06;3.67349e+06;967180;433480;13638.4
267;5.32232e+06;4.28261e+06;1.18378e+06;547221;17217
268;4.34151e+06;4.87413e+06;1.42948e+06;686434;21597
269;3.37501e+06;5.39756e+06;1.69914e+06;854540;26886
270;2.48153e+06;5.80041e+06;1.98367e+06;1.05436e+06;33172.9
271;1.71414e+06;6.04054e+06;2.27031e+06;1.28764e+06;40512.4
272;1.10707e+06;6.09852e+06;2.54401e+06;1.55463e+06;48912.6
273;667406;5.98383e+06;2.78977e+06;1.8538e+06;58325.4
274;376502;5.73081e+06;2.99531e+06;2.18188e+06;68647.6
275;200143;5.38624e+06;3.15291e+06;2.53413e+06;79730.2
276;101364;4.99541e+06;3.26007e+06;2.90491e+06;91396
277;49582.5;4.59311e+06;3.3187e+06;3.28829e+06;103458
278;23770.2;4.2014e+06;3.33366e+06;3.67857e+06;115737
279;11326.3;3.83194e+06;3.31119e+06;4.07061e+06;128072
280;5430.34;3.48951e+06;3.25787e+06;4.46001e+06;140323
281;2646.04;3.1751e+06;3.17989e+06;4.84313e+06;152377
282;1320.39;2.88781e+06;3.08278e+06;5.21709e+06;164143
283;678.406;2.62595e+06;2.97134e+06;5.57962e+06;175549
284;360.159;2.38757e+06;2.84962e+06;5.92905e+06;186543
285;197.967;2.1707e+06;2.72099e+06;6.26417e+06;197087
286;112.759;1.97347e+06;2.58825e+06;6.58416e+06;207155
287;66.5522;1.79413e+06;2.45368e+06;6.88853e+06;216731
288;40.6757;1.63107e+06;2.31914e+06;7.17709e+06;225810
289;25.7154;1.48282e+06;2.18609e+06;7.44982e+06;234391
290;16.7931;1.34804e+06;2.05571e+06;7.7069e+06;242479
291;11.3101;1.22551e+06;1.92889e+06;7.94865e+06;250085
292;7.84272;1.11411e+06;1.80631e+06;8.17549e+06;257222
293;5.5897;1.01284e+06;1.68848e+06;8.38791e+06;263905
294;4.08776;920776;1.57573e+06;8.58648e+06;270153
295;3.06216;837079;1.46829e+06;8.77178e+06;275983
296;2.34588;760989;1.36628e+06;8.94445e+06;281416
297;1.83502;691815;1.26973e+06;9.10513e+06;286471
298;1.46348;628930;1.17859e+06;9.25445e+06;291169
299;1.18832;571760;1.0928e+06;9.39305e+06;295530
300;0.981077;519788;1.01222e+06;9.52157e+06;299573
301;0.822535;472539;936683;9.6406e+06;303318
302;0.699491;429585;866017;9.75076e+06;306784
303;0.602717;390536;800019;9.8526e+06;309988
304;0.525664;355036;738476;9.94668e+06;312948
305;0.463615;322764;681172;1.00335e+07;315681
306;0.413124;293425;627885;1.01136e+07;318201
307;0.371642;266752;578395;1.01875e+07;320524
308;0.337259;242505;532483;1.02555e+07;322664
309;0.308528;220461;489937;1.03181e+07;324634
310;0.284341;200421;450547;1.03757e+07;326447
311;0.263839;182203;414114;1.04287e+07;328114
312;0.24635;165641;380444;1.04774e+07;329646
313;0.231347;150584;349353;1.05222e+07;331054
314;0.218407;136896;320665;1.05632e+07;332347
315;0.207193;124452;294212;1.06009e+07;333533
316;0.197431;113139;269837;1.06355e+07;334622
317;0.188898;102855;247390;1.06673e+07;335620
318;0.181413;93505.4;226731;1.06964e+07;336535
319;0.174825;85005.8;207728;1.0723e+07;337374
320;0.169007;77278.8;190258;1.07475e+07;338143
321;0.163855;70254.2;174204;1.07698e+07;338847
322;0.159282;63868.1;159459;1.07903e+07;339491
323;0.155212;58062.5;145922;1.08091e+07;340081
324;0.151583;52784.6;133500;1.08262e+07;340621
325;0.14834;47986.5;122105;1.08419e+07;341115
326;0.145438;43624.5;111655;1.08563e+07;341567
327;0.142835;39659;102077;1.08694e+07;341980
328;0.140499;36054;93300;1.08814e+07;342358
329;0.138398;32776.7;85260;1.08924e+07;342703
330;0.136507;29797.3;77897.4;1.09024e+07;343019
331;0.134802;27088.7;71157;1.09116e+07;343307
332;0.133265;24626.4;64988;1.092e+07;343570
333;0.131877;22387.8;59343.5;1.09276e+07;343811
334;0.130622;20352.8;54180.2;1.09346e+07;344030
335;0.129488;18502.7;49458.2;1.0941e+07;344231
336;0.128461;16820.8;45140.8;1.09468e+07;344414
337;0.127532;15291.8;41194.3;1.09521e+07;344581
338;0.12669;13901.8;37587.4;1.09569e+07;344733
339;0.125926;12638.1;34291.7;1.09613e+07;344872
340;0.125234;11489.3;31281;1.09654e+07;344999
341;0.124606;10444.9;28531;1.09691e+07;345115
342;0.124036;9495.49;26019.6;1.09724e+07;345220
343;0.123519;8632.35;23726.6;1.09755e+07;345317
344;0.123049;7847.67;21633.2;1.09783e+07;345404
345;0.122622;7134.32;19722.5;1.09808e+07;345484
346;0.122234;6485.81;17978.6;1.09831e+07;345557
347;0.121882;5896.25;16387.4;1.09852e+07;345624
348;0.121562;5360.28;14935.6;1.09872e+07;345685
349;0.121271;4873.03;13611.1;1.09889e+07;345740
350;0.121006;4430.07;12403.1;1.09905e+07;345790
351;0.120766;4027.38;11301.3;1.0992e+07;345836
352;0.120547;3661.29;10296.5;1.09933e+07;345878
353;0.120348;3328.48;9380.35;1.09945e+07;345916
354;0.120167;3025.92;8545.07;1.09956e+07;345951
355;0.120002;2750.86;7783.61;1.09966e+07;345982
356;0.119852;2500.81;7089.51;1.09975e+07;346011
357;0.119716;2273.49;6456.88;1.09984e+07;346037
358;0.119592;2066.83;5880.32;1.09991e+07;346061
359;0.119479;1878.95;5354.91;1.09998e+07;346083
360;0.119377;1708.16;4876.16;1.10005e+07;346103
361;0.119284;1552.89;4439.95;1.1001e+07;346121
362;0.119199;1411.73;4042.54;1.10016e+07;346137
363;0.119121;1283.4;3680.51;1.1002e+07;346152
364;0.119051;1166.74;3350.72;1.10025e+07;346166
365;0.118987;1060.68;3050.34;1.10029e+07;346178
366;0.118929;964.268;2776.75;1.10032e+07;346190
367;0.118876;876.616;2527.58;1.10035e+07;346200
368;0.118828;796.932;2300.67;1.10038e+07;346209
369;0.118784;724.491;2094.04;1.10041e+07;346218
370;0.118744;658.635;1905.89;1.10044e+07;346225
371;0.118708;598.765;1734.57;1.10046e+07;346232
372;0.118675;544.337;1578.6;1.10048e+07;346239
373;0.118645;494.857;1436.59;1.1005e+07;346245
374;0.118618;449.874;1307.32;1.10051e+07;346250
375;0.118593;408.981;1189.63;1.10053e+07;346255
376;0.11857;371.804;1082.51;1.10054e+07;346259
377;0.118549;338.007;984.996;1.10056e+07;346263
378;0.118531;307.283;896.241;1.10057e+07;346267
379;0.118514;279.351;815.459;1.10058e+07;346270
380;0.118498;253.958;741.937;1.10059e+07;346273
381;0.118484;230.873;675.025;1.1006e+07;346276
382;0.118471;209.887;614.131;1.1006e+07;346278
383;0.11846;190.808;558.715;1.10061e+07;346281
384;0.118449;173.464;508.288;1.10062e+07;346283
385;0.118439;157.696;462.4;1.10062e+07;346285
386;0.118431;143.361;420.645;1.10063e+07;346286
387;0.118423;130.33;382.653;1.10063e+07;346288
388;0.118415;118.483;348.084;1.10064e+07;346289
389;0.118409;107.713;316.631;1.10064e+07;346291
390;0.118403;97.9215;288.015;1.10065e+07;346292
391;0.118397;89.0205;261.98;1.10065e+07;346293
392;0.118392;80.9285;238.294;1.10065e+07;346294
393;0.118388;73.5721;216.745;1.10066e+07;346295
394;0.118384;66.8844;197.142;1.10066e+07;346296
395;0.11838;60.8046;179.308;1.10066e+07;346296
396;0.118376;55.2775;163.085;1.10066e+07;346297
397;0.118373;50.2528;148.328;1.10066e+07;346298
398;0.118371;45.6848;134.904;1.10067e+07;346298
399;0.118368;41.5321;122.692;1.10067e+07;346299
400;0.118366;37.7568;111.585;1.10067e+07;346299
401;0.118364;34.3247;101.482;1.10067e+07;346299
402;0.118362;31.2046;92.2923;1.10067e+07;346300
403;0.11836;28.3681;83.9337;1.10067e+07;346300
404;0.118358;25.7894;76.3312;1.10067e+07;346301
405;0.118357;23.4452;69.4165;1.10067e+07;346301
406;0.118356;21.314;63.1275;1.10068e+07;346301
407;0.118354;19.3766;57.4075;1.10068e+07;346301
408;0.118353;17.6152;52.2053;1.10068e+07;346301
409;0.118352;16.014;47.4741;1.10068e+07;346302
410;0.118351;14.5583;43.1711;1.10068e+07;346302
411;0.118351;13.235;39.2578;1.10068e+07;346302
412;0.11835;12.0319;35.6989;1.10068e+07;346302
413;0.118349;10.9382;32.4623;1.10068e+07;346302
414;0.118348;9.94394;29.5189;1.10068e+07;346302
415;0.118348;9.04004;26.8422;1.10068e+07;346303
416;0.118347;8.2183;24.408;1.10068e+07;346303
417;0.118347;7.47126;22.1943;1.10068e+07;346303
418;0.118347;6.79212;20.1813;1.10068e+07;346303
419;0.118346;6.17472;18.3507;1.10068e+07;346303
420;0.118346;5.61344;16.6861;1.10068e+07;346303
421;0.118345;5.10317;15.1723;1.10068e+07;346303
422;0.118345;4.6393;13.7958;1.10068e+07;346303
423;0.118345;4.21758;12.5441;1.10068e+07;346303
424;0.118345;3.83421;11.4058;1.10068e+07;346303
425;0.118344;3.48568;10.3708;1.10068e+07;346303
426;0.118344;3.16883;9.42971;1.10068e+07;346303
427;0.118344;2.88078;8.57393;1.10068e+07;346303
428;0.118344;2.61892;7.79578;1.10068e+07;346303
429;0.118344;2.38086;7.08821;1.10068e+07;346303
430;0.118344;2.16444;6.44483;1.10068e+07;346303
431;0.118344;1.96769;5.85982;1.10068e+07;346303
432;0.118343;1.78883;5.32789;1.10068e+07;346303
433;0.118343;1.62623;4.84422;1.10068e+07;346303
434;0.118343;1.4784;4.40444;1.10068e+07;346303
435;0.118343;1.34401;4.00457;1.10068e+07;346303
436;0.118343;1.22184;3.64098;1.10068e+07;346303
437;0.118343;1.11078;3.3104;1.10068e+07;346303
438;0.118343;1.00981;3.00982;1.10068e+07;346303
439;0.118343;0.918017;2.73652;1.10068e+07;346304
440;0.118343;0.834569;2.48803;1.10068e+07;346304
441;0.118343;0.758707;2.26209;1.10068e+07;346304
442;0.118343;0.689741;2.05667;1.10068e+07;346304
443;0.118343;0.627043;1.86989;1.10068e+07;346304
444;0.118343;0.570045;1.70007;1.10068e+07;346304
445;0.118343;0.518228;1.54567;1.10068e+07;346304
446;0.118343;0.471121;1.40529;1.10068e+07;346304
447;0.118343;0.428296;1.27765;1.10068e+07;346304
448;0.118343;0.389364;1.1616;1.10068e+07;346304
449;0.118343;0.353971;1.05609;1.10068e+07;346304
450;0.118343;0.321795;0.960165;1.10068e+07;346304
451;0.118343;0.292544;0.872948;1.10068e+07;346304
452;0.118342;0.265952;0.793652;1.10068e+07;346304
453;0.118342;0.241777;0.721557;1.10068e+07;346304
454;0.118342;0.219799;0.65601;1.10068e+07;346304
455;0.118342;0.199819;0.596415;1.10068e+07;346304
456;0.118342;0.181656;0.542234;1.10068e+07;346304
457;0.118342;0.165143;0.492973;1.10068e+07;346304
