191;2.25412e+06;1.7647;0.8787;0.1176;0.0037
192;2.25412e+06;3.15493;0.932525;0.220935;0.00695119
193;2.25412e+06;4.51377;1.10619;0.3306;0.0104015
194;2.25412e+06;6.05556;1.38231;0.460688;0.0144944
195;2.25412e+06;7.94447;1.76509;0.623248;0.019609
196;2.25411e+06;10.3372;2.27314;0.830823;0.0261398
197;2.25411e+06;13.4089;2.93705;1.09814;0.0345504
198;2.2541e+06;17.373;3.79966;1.44354;0.0454175
199;2.2541e+06;22.499;4.91796;1.89038;0.0594763
200;2.25409e+06;29.1325;6.36657;2.46873;0.0776727
201;2.25408e+06;37.7192;8.24245;3.21744;0.101229
202;2.25406e+06;48.8357;10.6713;4.18675;0.131726
203;2.25404e+06;63.2277;13.8161;5.4417;0.17121
204;2.25402e+06;81.8606;17.8876;7.06647;0.222329
205;2.25399e+06;105.984;23.1589;9.17005;0.288513
206;2.25395e+06;137.216;29.9837;11.8935;0.374201
207;2.25389e+06;177.651;38.8196;15.4196;0.485141
208;2.25383e+06;230.001;50.2593;19.9848;0.628774
209;2.25374e+06;297.775;65.0699;25.8953;0.814733
210;2.25362e+06;385.516;84.2447;33.5475;1.05549
211;2.25347e+06;499.106;109.069;43.4547;1.3672
212;2.25328e+06;646.156;141.208;56.2812;1.77075
213;2.25303e+06;836.516;182.815;72.8873;2.29322
214;2.25271e+06;1082.93;236.679;94.3863;2.96964
215;2.25229e+06;1401.9;306.408;122.22;3.84535
216;2.25175e+06;1814.75;396.674;158.253;4.97906
217;2.25105e+06;2349.06;513.518;204.902;6.44675
218;2.25015e+06;3040.5;664.757;265.292;8.34677
219;2.24898e+06;3935.15;860.504;343.467;10.8064
220;2.24746e+06;5092.51;1113.83;444.663;13.9902
221;2.2455e+06;6589.37;1441.63;575.649;18.1114
222;2.24297e+06;8524.72;1865.73;745.185;23.4454
223;2.23969e+06;11026;2414.32;964.595;30.3487
224;2.23546e+06;14257.1;3123.73;1248.52;39.2816
225;2.22999e+06;18428;4040.79;1615.87;50.8394
226;2.22294e+06;23807.4;5225.74;2091.07;65.7903
227;2.21384e+06;30737.8;6755.95;2705.61;85.1256
228;2.20213e+06;39653.3;8730.52;3500.11;110.123
229;2.18708e+06;51100.9;11276;4526.82;142.426
230;2.16777e+06;65763.8;14553.3;5852.88;184.147
231;2.14307e+06;84486.1;18765.9;7564.34;237.994
232;2.11158e+06;108294;24169.4;9771.21;307.428
233;2.07163e+06;138410;31081.6;12613.5;396.854
234;2.02121e+06;176246;39892.8;16268.7;511.856
235;1.95807e+06;223364;51074.6;20960.1;659.46
236;1.87975e+06;281376;65183;26966.5;848.436
237;1.78379e+06;351758;82853.4;34632;1089.61
238;1.66803e+06;435542;104778;44375.6;1396.17
239;1.53112e+06;532861;131659;56697.5;1783.85
240;1.37318e+06;642365;164126;72180.6;2270.99
241;1.19657e+06;760592;202609;91481.8;2878.26
242;1.00653e+06;881492;247170;115309;3627.91
243;811450;996443;297316;144376;4542.44
244;622196;1.09512e+06;351828;179340;5642.51
245;450391;1.16738e+06;408698;220715;6944.27
246;305840;1.20581e+06;465237;268778;8456.45
247;194028;1.20802e+06;518412;323490;10177.8
248;114925;1.17731e+06;565337;384455;12095.9
249;63786.4;1.12143e+06;603780;450939;14187.7
250;33444.9;1.04984e+06;632480;521943;16421.7
251;16763.2;971088;651190;596323;18761.9
252;8145.66;891434;660473;672903;21171.3
253;3893.91;814654;661389;750574;23615
254;1856.38;742640;655214;828354;26062.1
255;893.018;676097;643243;905407;28486.4
256;437.562;615095;626675;981052;30866.4
257;219.913;559401;606571;1.05475e+06;33185.1
258;113.924;508657;583844;1.12608e+06;35429.4
259;61.0208;462473;559260;1.19474e+06;37589.7
260;33.8512;420462;533461;1.26051e+06;39658.9
261;19.4608;382256;506972;1.32325e+06;41632.7
262;11.5917;347517;480223;1.38287e+06;43508.5
263;7.14799;315932;453562;1.43934e+06;45285.4
264;4.55787;287216;427263;1.49268e+06;46963.5
265;3.00087;261110;401544;1.54292e+06;48544.4
266;2.03677;237376;376571;1.59015e+06;50030.1
267;1.42269;215799;352471;1.63443e+06;51423.4
268;1.02095;196183;329332;1.67588e+06;52727.6
269;0.751424;178351;307217;1.71461e+06;53946.1
270;0.566268;162139;286164;1.75074e+06;55082.8
271;0.436231;147400;266191;1.78439e+06;56141.6
272;0.343002;134002;247300;1.8157e+06;57126.5
273;0.27487;121821;229484;1.84478e+06;58041.5
274;0.224183;110748;212721;1.87177e+06;58890.6
275;0.185848;100681;196985;1.89678e+06;59677.7
276;0.156409;91528.9;182242;1.91995e+06;60406.5
277;0.133479;83208.9;168456;1.94138e+06;61080.8
278;0.115386;75645.2;155586;1.96119e+06;61704.1
279;0.100936;68769.1;143590;1.97949e+06;62279.8
280;0.0892673;62518;132423;1.99637e+06;62811.1
281;0.0797477;56835.1;122043;2.01195e+06;63301
282;0.0719082;51668.8;112406;2.0263e+06;63752.6
283;0.0653962;46972.1;103468;2.03952e+06;64168.5
284;0.0599439;42702.4;95186.8;2.05169e+06;64551.3
285;0.0553453;38820.7;87522.3;2.06288e+06;64903.5
286;0.0514407;35291.9;80434.7;2.07317e+06;65227.4
287;0.048105;32083.9;73886;2.08263e+06;65525
288;0.0452392;29167.5;67840;2.09132e+06;65798.3
289;0.0427643;26516.2;62262.4;2.0993e+06;66049.3
290;0.040617;24105.8;57120.3;2.10662e+06;66279.7
291;0.0387457;21914.6;52382.8;2.11334e+06;66491.1
292;0.0371085;19922.6;48020.8;2.1195e+06;66684.9
293;0.0356709;18111.6;44006.8;2.12514e+06;66862.6
294;0.0344044;16465.3;40315.2;2.13032e+06;67025.4
295;0.0332853;14968.6;36921.6;2.13506e+06;67174.5
296;0.0322937;13607.9;33803.7;2.1394e+06;67311.2
297;0.0314128;12371;30940.2;2.14338e+06;67436.2
298;0.0306284;11246.5;28311.7;2.14702e+06;67550.7
299;0.0299286;10224.2;25899.8;2.15035e+06;67655.5
300;0.029303;9294.78;23687.5;2.15339e+06;67751.3
301;0.0287428;8449.89;21659.1;2.15618e+06;67838.9
302;0.0282403;7681.79;19800;2.15873e+06;67919.1
303;0.0277889;6983.52;18096.5;2.16105e+06;67992.3
304;0.027383;6348.72;16536.2;2.16318e+06;68059.3
305;0.0270175;5771.62;15107.5;2.16513e+06;68120.5
306;0.026688;5246.98;13799.6;2.1669e+06;68176.4
307;0.0263907;4770.03;12602.6;2.16853e+06;68227.4
308;0.0261222;4336.43;11507.5;2.17001e+06;68274.1
309;0.0258795;3942.25;10505.8;2.17136e+06;68316.6
310;0.02566;3583.9;9589.84;2.1726e+06;68355.5
311;0.0254613;3258.12;8752.37;2.17372e+06;68391
312;0.0252814;2961.96;7986.87;2.17475e+06;68423.4
313;0.0251184;2692.72;7287.3;2.17569e+06;68452.9
314;0.0249706;2447.95;6648.12;2.17655e+06;68479.9
315;0.0248366;2225.43;6064.22;2.17733e+06;68504.5
316;0.024715;2023.14;5530.93;2.17804e+06;68526.9
317;0.0246046;1839.24;5043.93;2.1787e+06;68547.4
318;0.0245044;1672.05;4599.29;2.17929e+06;68566.1
319;0.0244134;1520.06;4193.38;2.17983e+06;68583.1
320;0.0243307;1381.89;3822.9;2.18032e+06;68598.6
321;0.0242556;1256.27;3484.79;2.18077e+06;68612.7
322;0.0241874;1142.08;3176.28;2.18118e+06;68625.6
323;0.0241254;1038.26;2894.82;2.18156e+06;68637.4
324;0.024069;943.886;2638.05;2.1819e+06;68648.1
325;0.0240177;858.087;2403.86;2.18221e+06;68657.8
326;0.0239711;780.087;2190.27;2.18249e+06;68666.7
327;0.0239287;709.177;1995.5;2.18275e+06;68674.8
328;0.0238901;644.713;1817.91;2.18298e+06;68682.2
329;0.0238551;586.108;1656;2.18319e+06;68689
330;0.0238232;532.831;1508.41;2.18339e+06;68695.1
331;0.0237942;484.397;1373.87;2.18357e+06;68700.7
332;0.0237678;440.365;1251.25;2.18373e+06;68705.7
333;0.0237437;400.336;1139.5;2.18388e+06;68710.4
334;0.0237219;363.946;1037.67;2.18401e+06;68714.6
335;0.023702;330.863;944.886;2.18413e+06;68718.4
336;0.0236839;300.787;860.346;2.18424e+06;68721.9
337;0.0236675;273.446;783.328;2.18434e+06;68725.1
338;0.0236525;248.59;713.167;2.18444e+06;68728
339;0.0236389;225.993;649.256;2.18452e+06;68730.6
340;0.0236265;205.45;591.044;2.1846e+06;68733.1
341;0.0236152;186.775;538.026;2.18467e+06;68735.2
342;0.023605;169.797;489.741;2.18473e+06;68737.2
343;0.0235956;154.362;445.77;2.18479e+06;68739
344;0.0235871;140.331;405.73;2.18484e+06;68740.7
345;0.0235794;127.575;369.271;2.18489e+06;68742.2
346;0.0235724;115.978;336.075;2.18493e+06;68743.6
347;0.023566;105.436;305.851;2.18497e+06;68744.8
348;0.0235602;95.8517;278.336;2.18501e+06;68745.9
349;0.0235549;87.1388;253.287;2.18504e+06;68747
350;0.02355;79.2179;230.484;2.18507e+06;68747.9
351;0.0235457;72.017;209.727;2.1851e+06;68748.8
352;0.0235417;65.4707;190.833;2.18512e+06;68749.5
353;0.023538;59.5194;173.637;2.18514e+06;68750.2
354;0.0235347;54.1091;157.985;2.18516e+06;68750.9
355;0.0235317;49.1906;143.74;2.18518e+06;68751.5
356;0.023529;44.7191;130.776;2.1852e+06;68752
357;0.0235265;40.6542;118.977;2.18521e+06;68752.5
358;0.0235243;36.9587;108.241;2.18523e+06;68752.9
359;0.0235222;33.5992;98.4709;2.18524e+06;68753.3
360;0.0235203;30.545;89.5805;2.18525e+06;68753.7
361;0.0235186;27.7685;81.491;2.18526e+06;68754
362;0.0235171;25.2443;74.1303;2.18527e+06;68754.3
363;0.0235157;22.9496;67.433;2.18528e+06;68754.6
364;0.0235144;20.8635;61.3395;2.18529e+06;68754.8
365;0.0235132;18.967;55.7955;2.1853e+06;68755.1
366;0.0235122;17.2429;50.7516;2.1853e+06;68755.3
367;0.0235112;15.6755;46.1628;2.18531e+06;68755.5
368;0.0235103;14.2506;41.9882;2.18531e+06;68755.6
369;0.0235095;12.9552;38.1904;2.18532e+06;68755.8
370;0.0235088;11.7776;34.7355;2.18532e+06;68755.9
371;0.0235082;10.707;31.5927;2.18533e+06;68756.1
372;0.0235076;9.73376;28.7338;2.18533e+06;68756.2
373;0.023507;8.84896;26.1331;2.18533e+06;68756.3
374;0.0235065;8.04459;23.7676;2.18534e+06;68756.4
375;0.0235061;7.31334;21.6158;2.18534e+06;68756.5
376;0.0235057;6.64855;19.6586;2.18534e+06;68756.5
377;0.0235053;6.0442;17.8784;2.18535e+06;68756.6
378;0.0235049;5.49478;16.2591;2.18535e+06;68756.7
379;0.0235046;4.99531;14.7864;2.18535e+06;68756.7
380;0.0235044;4.54123;13.4469;2.18535e+06;68756.8
381;0.0235041;4.12844;12.2286;2.18535e+06;68756.8
382;0.0235039;3.75316;11.1205;2.18535e+06;68756.9
383;0.0235037;3.412;10.1128;2.18536e+06;68756.9
384;0.0235035;3.10185;9.19623;2.18536e+06;68757
385;0.0235033;2.81989;8.36268;2.18536e+06;68757
386;0.0235031;2.56356;7.60462;2.18536e+06;68757
387;0.023503;2.33054;6.91521;2.18536e+06;68757.1
388;0.0235029;2.11869;6.28824;2.18536e+06;68757.1
389;0.0235027;1.9261;5.71806;2.18536e+06;68757.1
390;0.0235026;1.75102;5.19954;2.18536e+06;68757.1
391;0.0235025;1.59185;4.72801;2.18536e+06;68757.2
392;0.0235024;1.44715;4.2992;2.18536e+06;68757.2
393;0.0235024;1.31561;3.90925;2.18536e+06;68757.2
394;0.0235023;1.19602;3.55465;2.18536e+06;68757.2
395;0.0235022;1.0873;3.23219;2.18536e+06;68757.2
396;0.0235022;0.988464;2.93896;2.18536e+06;68757.2
397;0.0235021;0.898613;2.67231;2.18537e+06;68757.2
398;0.023502;0.816929;2.42985;2.18537e+06;68757.2
399;0.023502;0.74267;2.20937;2.18537e+06;68757.3
400;0.023502;0.675161;2.00888;2.18537e+06;68757.3
401;0.0235019;0.613789;1.82657;2.18537e+06;68757.3
402;0.0235019;0.557996;1.6608;2.18537e+06;68757.3
403;0.0235019;0.507274;1.51007;2.18537e+06;68757.3
404;0.0235018;0.461163;1.37301;2.18537e+06;68757.3
405;0.0235018;0.419243;1.24838;2.18537e+06;68757.3
406;0.0235018;0.381134;1.13506;2.18537e+06;68757.3
407;0.0235018;0.346489;1.03203;2.18537e+06;68757.3
408;0.0235017;0.314993;0.938336;2.18537e+06;68757.3
409;0.0235017;0.28636;0.853149;2.18537e+06;68757.3
410;0.0235017;0.26033;0.775692;2.18537e+06;68757.3
411;0.0235017;0.236666;0.705265;2.18537e+06;68757.3
412;0.0235017;0.215153;0.641229;2.18537e+06;68757.3
413;0.0235017;0.195596;0.583005;2.18537e+06;68757.3
414;0.0235017;0.177816;0.530067;2.18537e+06;68757.3
415;0.0235016;0.161653;0.481933;2.18537e+06;68757.3
