169;2.09469e+08;1.7647;0.8787;0.1176;0.0037
170;2.09469e+08;3.15493;0.932525;0.220935;0.00695119
171;2.09469e+08;4.51377;1.10619;0.3306;0.0104015
172;2.09469e+08;6.05557;1.38231;0.460688;0.0144944
173;2.09469e+08;7.94449;1.76509;0.623248;0.019609
174;2.09469e+08;10.3372;2.27314;0.830823;0.0261398
175;2.09469e+08;13.4089;2.93706;1.09814;0.0345505
176;2.09469e+08;17.3731;3.79967;1.44354;0.0454176
177;2.09469e+08;22.4992;4.91798;1.89038;0.0594763
178;2.09469e+08;29.1327;6.3666;2.46874;0.0776729
179;2.09469e+08;37.7197;8.2425;3.21745;0.101229
180;2.09469e+08;48.8365;10.6714;4.18677;0.131727
181;2.09469e+08;63.2291;13.8162;5.44173;0.171211
182;2.09469e+08;81.863;17.8878;7.06651;0.222331
183;2.09469e+08;105.988;23.1594;9.17012;0.288516
184;2.09469e+08;137.223;29.9845;11.8937;0.374205
185;2.09469e+08;177.663;38.821;15.4198;0.485148
186;2.09469e+08;230.021;50.2616;19.9852;0.628786
187;2.09469e+08;297.809;65.0738;25.8959;0.814753
188;2.09469e+08;385.573;84.2511;33.5486;1.05553
189;2.09469e+08;499.202;109.08;43.4566;1.36726
190;2.09468e+08;646.318;141.226;56.2844;1.77085
191;2.09468e+08;836.788;182.846;72.8926;2.29339
192;2.09468e+08;1083.39;236.731;94.3952;2.96992
193;2.09467e+08;1402.67;306.495;122.235;3.84582
194;2.09467e+08;1816.03;396.82;158.279;4.97985
195;2.09466e+08;2351.21;513.763;204.945;6.44809
196;2.09465e+08;3044.11;665.169;265.363;8.34901
197;2.09464e+08;3941.2;861.193;343.587;10.8101
198;2.09463e+08;5102.66;1114.99;444.863;13.9965
199;2.09461e+08;6606.38;1443.57;575.986;18.122
200;2.09458e+08;8553.22;1868.98;745.749;23.4632
201;2.09455e+08;11073.8;2419.76;965.542;30.3784
202;2.09451e+08;14337;3132.85;1250.11;39.3316
203;2.09445e+08;18561.8;4056.07;1618.53;50.9231
204;2.09438e+08;24031.5;5251.34;2095.52;65.9306
205;2.09429e+08;31112.7;6798.81;2713.08;85.3606
206;2.09417e+08;40280.1;8802.26;3512.62;110.516
207;2.09401e+08;52148.1;11396;4547.77;143.085
208;2.09381e+08;67511.8;14753.9;5887.94;185.25
209;2.09355e+08;87400.3;19101.1;7623;239.839
210;2.09321e+08;113145;24728.8;9869.29;310.513
211;2.09278e+08;146468;32014.1;12777.4;402.01
212;2.09221e+08;189598;41444.7;16542.3;520.462
213;2.09148e+08;245415;53651.9;21416.2;673.808
214;2.09054e+08;317641;69452.1;27725.6;872.32
215;2.08931e+08;411087;89901.2;35893.2;1129.29
216;2.08773e+08;531961;116364;46465.6;1461.93
217;2.08568e+08;688272;150604;60150;1892.47
218;2.08304e+08;890339;194900;77861;2449.71
219;2.07962e+08;1.15144e+06;252190;100781;3170.84
220;2.0752e+08;1.48862e+06;326265;130439;4103.94
221;2.06949e+08;1.92371e+06;422005;168808;5311.13
222;2.06214e+08;2.48462e+06;545681;218435;6872.54
223;2.05266e+08;3.2068e+06;705342;282607;8891.56
224;2.04046e+08;4.13509e+06;911281;365556;11501.3
225;2.02479e+08;5.3258e+06;1.17662e+06;472722;14873.1
226;2.00472e+08;6.84892e+06;1.51801e+06;611093;19226.6
227;1.97908e+08;8.79036e+06;1.95644e+06;789611;24843.2
228;1.94646e+08;1.12537e+07;2.51817e+06;1.01969e+06;32082.1
229;1.90516e+08;1.43607e+07;3.23568e+06;1.31583e+06;41399.3
230;1.85321e+08;1.82497e+07;4.14858e+06;1.69634e+06;53371.3
231;1.78843e+08;2.30694e+07;5.30425e+06;2.18421e+06;68721
232;1.70848e+08;2.89669e+07;6.75786e+06;2.80799e+06;88346.8
233;1.61117e+08;3.60647e+07;8.57122e+06;3.60272e+06;113351
234;1.49477e+08;4.44269e+07;1.08098e+07;4.61069e+06;145064
235;1.35855e+08;5.40106e+07;1.3537e+07;5.88193e+06;185061
236;1.20348e+08;6.46081e+07;1.68045e+07;7.47388e+06;235147
237;1.03291e+08;7.57922e+07;2.0639e+07;9.45009e+06;297324
238;8.53054e+07;8.6888e+07;2.5025e+07;1.18772e+07;373688
239;6.72887e+07;9.70066e+07;2.98876e+07;1.48202e+07;466281
240;5.03082e+07;1.05169e+08;3.50801e+07;1.8335e+07;576865
241;3.53992e+07;1.10518e+08;4.03848e+07;2.24604e+07;706661
242;2.33147e+07;1.12557e+08;4.55322e+07;2.72096e+07;856085
243;1.43347e+07;1.11305e+08;5.02406e+07;3.25642e+07;1.02455e+06
244;8.23758e+06;1.07285e+08;5.4264e+07;3.84725e+07;1.21044e+06
245;4.44985e+06;1.0132e+08;5.7434e+07;4.4854e+07;1.41122e+06
246;2.28214e+06;9.4278e+07;5.96773e+07;5.16082e+07;1.62373e+06
247;1.12581e+06;8.68645e+07;6.10083e+07;5.86262e+07;1.84453e+06
248;542037;7.95523e+07;6.1504e+07;6.58008e+07;2.07026e+06
249;258378;7.26046e+07;6.12748e+07;7.30337e+07;2.29783e+06
250;123520;6.61397e+07;6.0442e+07;8.02396e+07;2.52455e+06
251;59856;6.01913e+07;5.91224e+07;8.73476e+07;2.74818e+06
252;29646.3;5.47501e+07;5.74223e+07;9.43004e+07;2.96693e+06
253;15098.5;4.97879e+07;5.54337e+07;1.01053e+08;3.1794e+06
254;7938.73;4.52693e+07;5.32353e+07;1.07572e+08;3.3845e+06
255;4319.83;4.11579e+07;5.08929e+07;1.13833e+08;3.58147e+06
256;2435.47;3.74186e+07;4.84608e+07;1.19818e+08;3.76978e+06
257;1422.93;3.40182e+07;4.59839e+07;1.25517e+08;3.94908e+06
258;861.102;3.09265e+07;4.34983e+07;1.30924e+08;4.11922e+06
259;539.216;2.81156e+07;4.10332e+07;1.3604e+08;4.28016e+06
260;348.927;2.55601e+07;3.86116e+07;1.40865e+08;4.43199e+06
261;232.972;2.32368e+07;3.62514e+07;1.45406e+08;4.57485e+06
262;160.232;2.11247e+07;3.39663e+07;1.49669e+08;4.70898e+06
263;113.327;1.92045e+07;3.17664e+07;1.53664e+08;4.83466e+06
264;82.2818;1.74588e+07;2.96589e+07;1.57399e+08;4.95219e+06
265;61.2247;1.58718e+07;2.76482e+07;1.60887e+08;5.06193e+06
266;46.6107;1.44291e+07;2.57373e+07;1.64139e+08;5.16423e+06
267;36.2488;1.31175e+07;2.39269e+07;1.67165e+08;5.25946e+06
268;28.7537;1.19251e+07;2.2217e+07;1.69979e+08;5.34799e+06
269;23.2309;1.08411e+07;2.06061e+07;1.72592e+08;5.43019e+06
270;19.0907;9.85569e+06;1.9092e+07;1.75015e+08;5.50643e+06
271;15.9372;8.95981e+06;1.7672e+07;1.7726e+08;5.57707e+06
272;13.4996;8.14537e+06;1.63429e+07;1.79339e+08;5.64246e+06
273;11.5895;7.40495e+06;1.51009e+07;1.81261e+08;5.70293e+06
274;10.0738;6.73184e+06;1.39423e+07;1.83036e+08;5.7588e+06
275;8.85711;6.11992e+06;1.2863e+07;1.84676e+08;5.81039e+06
276;7.86992;5.56362e+06;1.1859e+07;1.86189e+08;5.85798e+06
277;7.06104;5.05789e+06;1.09262e+07;1.87583e+08;5.90186e+06
278;6.39223;4.59813e+06;1.00606e+07;1.88868e+08;5.94228e+06
279;5.83462;4.18016e+06;9.25826e+06;1.90051e+08;5.97951e+06
280;5.36616;3.80018e+06;8.51521e+06;1.9114e+08;6.01376e+06
281;4.96983;3.45475e+06;7.82775e+06;1.92142e+08;6.04527e+06
282;4.63235;3.14071e+06;7.19228e+06;1.93062e+08;6.07423e+06
283;4.34329;2.85522e+06;6.60535e+06;1.93908e+08;6.10084e+06
284;4.09434;2.59568e+06;6.06366e+06;1.94685e+08;6.12528e+06
285;3.87889;2.35973e+06;5.56409e+06;1.95398e+08;6.14772e+06
286;3.69156;2.14523e+06;5.10366e+06;1.96052e+08;6.16831e+06
287;3.52802;1.95023e+06;4.67959e+06;1.96652e+08;6.18719e+06
288;3.3847;1.77296e+06;4.28923e+06;1.97203e+08;6.2045e+06
289;3.25866;1.61179e+06;3.93011e+06;1.97707e+08;6.22037e+06
290;3.14747;1.46528e+06;3.5999e+06;1.98169e+08;6.23492e+06
291;3.04908;1.33209e+06;3.29643e+06;1.98593e+08;6.24824e+06
292;2.9618;1.211e+06;3.01766e+06;1.9898e+08;6.26043e+06
293;2.88419;1.10092e+06;2.76169e+06;1.99335e+08;6.2716e+06
294;2.81501;1.00085e+06;2.52677e+06;1.9966e+08;6.28182e+06
295;2.75324;909871;2.31125e+06;1.99957e+08;6.29117e+06
296;2.69797;827164;2.11361e+06;2.00229e+08;6.29972e+06
297;2.64844;751975;1.93241e+06;2.00477e+08;6.30754e+06
298;2.60398;683620;1.76637e+06;2.00705e+08;6.31469e+06
299;2.56403;621479;1.61425e+06;2.00912e+08;6.32122e+06
300;2.52807;564987;1.47493e+06;2.01102e+08;6.3272e+06
301;2.49568;513630;1.34738e+06;2.01276e+08;6.33265e+06
302;2.46647;466941;1.23063e+06;2.01434e+08;6.33764e+06
303;2.4401;424496;1.1238e+06;2.01579e+08;6.34219e+06
304;2.41628;385909;1.02607e+06;2.01711e+08;6.34635e+06
305;2.39474;350830;936688;2.01832e+08;6.35015e+06
306;2.37525;318940;854958;2.01942e+08;6.35361e+06
307;2.35761;289948;780243;2.02042e+08;6.35678e+06
308;2.34162;263592;711956;2.02134e+08;6.35966e+06
309;2.32714;239631;649556;2.02218e+08;6.3623e+06
310;2.314;217849;592547;2.02294e+08;6.3647e+06
311;2.30209;198046;540474;2.02364e+08;6.36689e+06
312;2.29128;180044;492917;2.02427e+08;6.36889e+06
313;2.28147;163678;449492;2.02485e+08;6.37072e+06
314;2.27256;148800;409847;2.02538e+08;6.37238e+06
315;2.26446;135274;373658;2.02587e+08;6.3739e+06
316;2.25711;122977;340630;2.0263e+08;6.37528e+06
317;2.25043;111799;310490;2.02671e+08;6.37654e+06
318;2.24436;101636;282990;2.02707e+08;6.37769e+06
319;2.23884;92397.5;257902;2.0274e+08;6.37873e+06
320;2.23382;83998.6;235018;2.02771e+08;6.37969e+06
321;2.22926;76363.1;214146;2.02798e+08;6.38056e+06
322;2.22511;69421.7;195111;2.02823e+08;6.38135e+06
323;2.22134;63111.3;177755;2.02846e+08;6.38207e+06
324;2.21791;57374.5;161930;2.02867e+08;6.38273e+06
325;2.21479;52159.1;147503;2.02886e+08;6.38333e+06
326;2.21195;47417.9;134352;2.02904e+08;6.38387e+06
327;2.20937;43107.6;122366;2.02919e+08;6.38437e+06
328;2.20702;39189.1;111441;2.02934e+08;6.38482e+06
329;2.20488;35626.8;101486;2.02947e+08;6.38524e+06
330;2.20294;32388.3;92413.8;2.02959e+08;6.38561e+06
331;2.20117;29444.3;84148.1;2.0297e+08;6.38595e+06
332;2.19956;26767.8;76617.4;2.0298e+08;6.38627e+06
333;2.19809;24334.6;69756.9;2.02989e+08;6.38655e+06
334;2.19676;22122.6;63507.4;2.02997e+08;6.38681e+06
335;2.19555;20111.6;57814.9;2.03004e+08;6.38704e+06
336;2.19445;18283.5;52630.1;2.03011e+08;6.38726e+06
337;2.19344;16621.5;47908.1;2.03017e+08;6.38745e+06
338;2.19253;15110.6;43607.7;2.03023e+08;6.38763e+06
339;2.1917;13737.1;39691.6;2.03028e+08;6.38779e+06
340;2.19094;12488.4;36125.7;2.03033e+08;6.38794e+06
341;2.19026;11353.2;32878.9;2.03037e+08;6.38807e+06
342;2.18963;10321.2;29922.7;2.03041e+08;6.38819e+06
343;2.18906;9382.98;27231.3;2.03044e+08;6.3883e+06
344;2.18854;8530.07;24781;2.03048e+08;6.3884e+06
345;2.18807;7754.68;22550.5;2.03051e+08;6.38849e+06
346;2.18764;7049.78;20520;2.03053e+08;6.38858e+06
347;2.18725;6408.96;18671.7;2.03056e+08;6.38865e+06
348;2.1869;5826.38;16989.4;2.03058e+08;6.38872e+06
349;2.18658;5296.77;15458.2;2.0306e+08;6.38879e+06
350;2.18628;4815.29;14064.6;2.03062e+08;6.38884e+06
351;2.18601;4377.58;12796.3;2.03063e+08;6.3889e+06
352;2.18577;3979.66;11642;2.03065e+08;6.38894e+06
353;2.18555;3617.91;10591.6;2.03066e+08;6.38899e+06
354;2.18535;3289.04;9635.71;2.03067e+08;6.38902e+06
355;2.18517;2990.07;8765.87;2.03069e+08;6.38906e+06
356;2.185;2718.27;7974.37;2.0307e+08;6.38909e+06
357;2.18485;2471.18;7254.17;2.0307e+08;6.38912e+06
358;2.18471;2246.55;6598.87;2.03071e+08;6.38915e+06
359;2.18458;2042.34;6002.64;2.03072e+08;6.38917e+06
360;2.18447;1856.69;5460.16;2.03073e+08;6.3892e+06
361;2.18437;1687.92;4966.62;2.03073e+08;6.38922e+06
362;2.18427;1534.49;4517.6;2.03074e+08;6.38923e+06
363;2.18419;1395;4109.1;2.03075e+08;6.38925e+06
364;2.18411;1268.2;3737.47;2.03075e+08;6.38927e+06
365;2.18404;1152.92;3399.4;2.03075e+08;6.38928e+06
366;2.18397;1048.12;3091.85;2.03076e+08;6.38929e+06
367;2.18392;952.843;2812.08;2.03076e+08;6.3893e+06
368;2.18386;866.229;2557.59;2.03077e+08;6.38931e+06
369;2.18381;787.489;2326.09;2.03077e+08;6.38932e+06
370;2.18377;715.906;2115.52;2.03077e+08;6.38933e+06
371;2.18373;650.83;1923.98;2.03077e+08;6.38934e+06
372;2.18369;591.67;1749.77;2.03078e+08;6.38935e+06
373;2.18366;537.887;1591.3;2.03078e+08;6.38935e+06
374;2.18363;488.993;1447.17;2.03078e+08;6.38936e+06
375;2.1836;444.544;1316.08;2.03078e+08;6.38937e+06
376;2.18358;404.135;1196.85;2.03078e+08;6.38937e+06
377;2.18355;367.399;1088.41;2.03079e+08;6.38937e+06
378;2.18353;334.002;989.779;2.03079e+08;6.38938e+06
379;2.18351;303.642;900.079;2.03079e+08;6.38938e+06
380;2.1835;276.041;818.501;2.03079e+08;6.38939e+06
381;2.18348;250.949;744.309;2.03079e+08;6.38939e+06
382;2.18347;228.137;676.835;2.03079e+08;6.38939e+06
383;2.18345;207.4;615.473;2.03079e+08;6.38939e+06
384;2.18344;188.547;559.669;2.03079e+08;6.3894e+06
385;2.18343;171.408;508.92;2.03079e+08;6.3894e+06
386;2.18342;155.827;462.769;2.03079e+08;6.3894e+06
387;2.18341;141.662;420.8;2.03079e+08;6.3894e+06
388;2.18341;128.785;382.634;2.03079e+08;6.3894e+06
389;2.1834;117.079;347.927;2.03079e+08;6.3894e+06
390;2.18339;106.436;316.366;2.0308e+08;6.38941e+06
391;2.18339;96.7613;287.666;2.0308e+08;6.38941e+06
392;2.18338;87.9657;261.567;2.0308e+08;6.38941e+06
393;2.18338;79.9696;237.835;2.0308e+08;6.38941e+06
394;2.18337;72.7004;216.255;2.0308e+08;6.38941e+06
395;2.18337;66.0919;196.632;2.0308e+08;6.38941e+06
396;2.18336;60.0842;178.788;2.0308e+08;6.38941e+06
397;2.18336;54.6225;162.563;2.0308e+08;6.38941e+06
398;2.18336;49.6573;147.809;2.0308e+08;6.38941e+06
399;2.18335;45.1435;134.394;2.0308e+08;6.38941e+06
400;2.18335;41.0399;122.195;2.0308e+08;6.38941e+06
401;2.18335;37.3094;111.104;2.0308e+08;6.38941e+06
402;2.18335;33.918;101.018;2.0308e+08;6.38941e+06
403;2.18335;30.8348;91.8478;2.0308e+08;6.38942e+06
404;2.18334;28.032;83.5095;2.0308e+08;6.38942e+06
405;2.18334;25.4839;75.9279;2.0308e+08;6.38942e+06
406;2.18334;23.1674;69.0344;2.0308e+08;6.38942e+06
407;2.18334;21.0615;62.7664;2.0308e+08;6.38942e+06
408;2.18334;19.147;57.0673;2.0308e+08;6.38942e+06
409;2.18334;17.4065;51.8855;2.0308e+08;6.38942e+06
410;2.18334;15.8243;47.1741;2.0308e+08;6.38942e+06
411;2.18334;14.3858;42.8903;2.0308e+08;6.38942e+06
412;2.18333;13.0782;38.9954;2.0308e+08;6.38942e+06
413;2.18333;11.8894;35.454;2.0308e+08;6.38942e+06
414;2.18333;10.8086;32.2342;2.0308e+08;6.38942e+06
415;2.18333;9.82612;29.3067;2.0308e+08;6.38942e+06
416;2.18333;8.93292;26.645;2.0308e+08;6.38942e+06
417;2.18333;8.12092;24.2249;2.0308e+08;6.38942e+06
418;2.18333;7.38273;22.0247;2.0308e+08;6.38942e+06
419;2.18333;6.71164;20.0242;2.0308e+08;6.38942e+06
420;2.18333;6.10155;18.2053;2.0308e+08;6.38942e+06
421;2.18333;5.54692;16.5516;2.0308e+08;6.38942e+06
422;2.18333;5.04271;15.0481;2.0308e+08;6.38942e+06
423;2.18333;4.58433;13.6812;2.0308e+08;6.38942e+06
424;2.18333;4.16761;12.4384;2.0308e+08;6.38942e+06
425;2.18333;3.78878;11.3084;2.0308e+08;6.38942e+06
426;2.18333;3.44438;10.2811;2.0308e+08;6.38942e+06
427;2.18333;3.13128;9.34711;2.0308e+08;6.38942e+06
428;2.18333;2.84665;8.49794;2.0308e+08;6.38942e+06
429;2.18333;2.58789;7.7259;2.0308e+08;6.38942e+06
430;2.18333;2.35265;7.02399;2.0308e+08;6.38942e+06
431;2.18333;2.13879;6.38583;2.0308e+08;6.38942e+06
432;2.18333;1.94438;5.80565;2.0308e+08;6.38942e+06
433;2.18333;1.76763;5.27817;2.0308e+08;6.38942e+06
434;2.18333;1.60696;4.7986;2.0308e+08;6.38942e+06
435;2.18333;1.46088;4.36261;2.0308e+08;6.38942e+06
436;2.18333;1.32809;3.96622;2.0308e+08;6.38942e+06
437;2.18333;1.20737;3.60584;2.0308e+08;6.38942e+06
438;2.18333;1.09762;3.2782;2.0308e+08;6.38942e+06
439;2.18333;0.997843;2.98033;2.0308e+08;6.38942e+06
440;2.18333;0.90714;2.70952;2.0308e+08;6.38942e+06
441;2.18333;0.824681;2.46331;2.0308e+08;6.38942e+06
442;2.18333;0.749717;2.23948;2.0308e+08;6.38942e+06
443;2.18333;0.681568;2.03598;2.0308e+08;6.38942e+06
444;2.18333;0.619613;1.85097;2.0308e+08;6.38942e+06
445;2.18333;0.563291;1.68277;2.0308e+08;6.38942e+06
446;2.18333;0.512088;1.52985;2.0308e+08;6.38942e+06
447;2.18333;0.465539;1.39083;2.0308e+08;6.38942e+06
448;2.18333;0.423221;1.26444;2.0308e+08;6.38942e+06
449;2.18333;0.384751;1.14953;2.0308e+08;6.38942e+06
450;2.18333;0.349777;1.04507;2.0308e+08;6.38942e+06
451;2.18333;0.317982;0.950096;2.0308e+08;6.38942e+06
452;2.18333;0.289078;0.863754;2.0308e+08;6.38942e+06
453;2.18333;0.2628;0.785258;2.0308e+08;6.38942e+06
454;2.18333;0.238912;0.713895;2.0308e+08;6.38942e+06
455;2.18333;0.217195;0.649016;2.0308e+08;6.38942e+06
456;2.18333;0.197452;0.590034;2.0308e+08;6.38942e+06
457;2.18333;0.179503;0.536411;2.0308e+08;6.38942e+06
458;2.18333;0.163187;0.487661;2.0308e+08;6.38942e+06
