139;428960;1.7647;0.8787;0.1176;0.0037
140;428959;3.15492;0.932525;0.220935;0.00695119
141;428957;4.51376;1.10619;0.3306;0.0104015
142;428955;6.05553;1.38231;0.460688;0.0144944
143;428953;7.94441;1.76508;0.623248;0.019609
144;428950;10.337;2.27313;0.830822;0.0261398
145;428946;13.4087;2.93703;1.09814;0.0345504
146;428940;17.3726;3.79962;1.44354;0.0454174
147;428934;22.4983;4.9179;1.89037;0.059476
148;428925;29.1312;6.36645;2.46872;0.0776722
149;428914;37.7171;8.24223;3.21741;0.101228
150;428899;48.832;10.6709;4.1867;0.131724
151;428880;63.2214;13.8154;5.4416;0.171207
152;428856;81.85;17.8864;7.06629;0.222324
153;428824;105.966;23.1569;9.16973;0.288503
154;428784;137.186;29.9803;11.893;0.374184
155;428731;177.6;38.8139;15.4187;0.485111
156;428662;229.914;50.2496;19.9832;0.628723
157;428574;297.628;65.0535;25.8925;0.814646
158;428459;385.27;84.2169;33.5428;1.05534
159;428310;498.692;109.022;43.4467;1.36695
160;428118;645.461;141.129;56.2678;1.77033
161;427870;835.349;182.683;72.8646;2.29251
162;427548;1080.98;236.456;94.348;2.96843
163;427132;1398.61;306.035;122.155;3.84332
164;426595;1809.24;396.047;158.145;4.97565
165;425900;2339.82;512.466;204.72;6.44102
166;425002;3025.03;662.994;264.986;8.33715
167;423842;3909.25;857.548;342.954;10.7902
168;422347;5049.17;1108.88;443.802;13.9632
169;420420;6516.9;1433.34;574.206;18.066
170;417941;8403.63;1851.86;742.767;23.3694
171;414757;10823.9;2391.12;960.546;30.2213
172;410677;13920.1;3084.97;1241.74;39.0684
173;405465;17867.1;3976.1;1604.53;50.4828
174;398832;22875.9;5117.92;2072.12;65.1944
175;390435;29193.2;6575.66;2673.87;84.127
176;379871;37103.2;8431.69;3447.17;108.457
177;366692;46910.1;10781.6;4438.74;139.654
178;350423;58915.3;13737.9;5706.66;179.546
179;330610;73372.2;17426.9;7322.24;230.376
180;306896;90416.9;21982.6;9371.64;294.856
181;279124;109970;27535;11956.8;376.192
182;247479;131619;34191.3;15194.9;478.071
183;212631;154502;42008;19215.8;604.579
184;175835;177255;50956.7;24155.9;760.008
185;138910;198067;60888.1;30148.4;948.548
186;104039;214933;71506.6;37308.9;1173.83
187;73351.3;226084;82370.3;45718.1;1438.41
188;48412.6;230472;92929.8;55404.8;1743.18
189;29829.6;228105;102607;66333.3;2087.02
190;17177.1;220023;110896;78400;2466.67
191;9295.77;207904;117443;91441.2;2876.98
192;4774.41;193527;122096;105253;3311.52
193;2357.76;178352;124876;119611;3763.27
194;1135.85;163362;125941;134296;4225.31
195;541.533;149106;125514;149107;4691.29
196;258.835;135835;123843;163867;5155.69
197;125.368;123621;121168;178431;5613.91
198;62.05;112447;117708;192681;6062.23
199;31.5741;102256;113651;206523;6497.75
200;16.5854;92976.3;109160;219889;6918.26
201;9.01569;84532.3;104371;232726;7322.15
202;5.07763;76852.3;99394.6;245000;7708.33
203;2.96353;69868.5;94323.9;256689;8076.09
204;1.79157;63518.6;89233.4;267781;8425.08
205;1.12076;57745.5;84183.3;278275;8755.25
206;0.724556;52496.8;79220.9;288175;9066.73
207;0.483335;47725.1;74383.4;297491;9359.84
208;0.332143;43387;69698.9;306239;9635.06
209;0.234725;39443.2;65188.3;314435;9892.95
210;0.170295;35857.9;60866.3;322101;10134.1
211;0.126625;32598.5;56742.7;329259;10359.3
212;0.096337;29635.3;52823;335932;10569.3
213;0.0748749;26941.5;49109.4;342144;10764.7
214;0.0593596;24492.5;45601.5;347920;10946.4
215;0.047933;22266.1;42296.4;353282;11115.2
216;0.0393713;20242.2;39189.8;358256;11271.7
217;0.032853;18402.2;36276.1;362865;11416.7
218;0.0278165;16729.4;33548.6;367131;11550.9
219;0.0238715;15208.7;30999.8;371076;11675
220;0.0207422;13826.2;28622;374722;11789.7
221;0.018231;12569.4;26407;378088;11895.6
222;0.0161942;11426.9;24346.4;381193;11993.3
223;0.0145257;10388.2;22431.9;384057;12083.4
224;0.0131465;9443.89;20655.2;386695;12166.4
225;0.0119969;8585.44;19008.1;389124;12242.8
226;0.0110313;7805.03;17482.9;391359;12313.2
227;0.0102145;7095.55;16071.7;393415;12377.9
228;0.00951914;6450.57;14767.2;395305;12437.3
229;0.00892364;5864.21;13562.3;397042;12492
230;0.00841087;5331.15;12450.2;398636;12542.1
231;0.00796714;4846.55;11424.6;400101;12588.2
232;0.0075814;4406;10479.4;401444;12630.5
233;0.00724468;4005.5;9608.71;402677;12669.2
234;0.00694961;3641.4;8807.28;403807;12704.8
235;0.00669015;3310.39;8069.96;404842;12737.4
236;0.00646127;3009.48;7391.99;405791;12767.2
237;0.00625878;2735.92;6768.9;406661;12794.6
238;0.00607916;2487.22;6196.53;407457;12819.6
239;0.00591943;2261.13;5670.98;408185;12842.6
240;0.00577708;2055.6;5188.63;408852;12863.5
241;0.00564997;1868.74;4746.1;409462;12882.7
242;0.00553625;1698.88;4340.27;410021;12900.3
243;0.00543434;1544.45;3968.22;410531;12916.4
244;0.00534289;1404.06;3627.26;410998;12931
245;0.00526069;1276.43;3314.91;411424;12944.5
246;0.00518672;1160.4;3028.84;411814;12956.7
247;0.00512009;1054.92;2766.92;412170;12967.9
248;0.00506;959.029;2527.18;412496;12978.2
249;0.00500576;871.853;2307.81;412793;12987.5
250;0.00495675;792.602;2107.13;413064;12996.1
251;0.00491245;720.554;1923.58;413312;13003.9
252;0.00487236;655.056;1755.75;413538;13011
253;0.00483608;595.511;1602.32;413745;13017.5
254;0.0048032;541.379;1462.09;413933;13023.4
255;0.00477341;492.168;1333.95;414105;13028.8
256;0.0047464;447.43;1216.88;414262;13033.8
257;0.0047219;406.759;1109.94;414405;13038.3
258;0.00469966;369.784;1012.28;414536;13042.4
259;0.00467948;336.171;923.106;414655;13046.1
260;0.00466115;305.613;841.691;414763;13049.5
261;0.00464451;277.833;767.374;414862;13052.6
262;0.00462939;252.578;699.546;414952;13055.5
263;0.00461565;229.619;637.651;415035;13058.1
264;0.00460316;208.746;581.176;415110;13060.4
265;0.00459181;189.771;529.654;415178;13062.6
266;0.0045815;172.521;482.658;415240;13064.5
267;0.00457211;156.839;439.793;415297;13066.3
268;0.00456358;142.582;400.703;415349;13067.9
269;0.00455583;129.621;365.059;415396;13069.4
270;0.00454877;117.839;332.56;415439;13070.8
271;0.00454235;107.127;302.932;415478;13072
272;0.00453651;97.3895;275.924;415514;13073.1
273;0.0045312;88.5368;251.307;415546;13074.2
274;0.00452637;80.4888;228.871;415576;13075.1
275;0.00452198;73.1724;208.426;415602;13075.9
276;0.00451798;66.521;189.795;415627;13076.7
277;0.00451434;60.4743;172.82;415649;13077.4
278;0.00451103;54.9771;157.354;415670;13078
279;0.00450802;49.9797;143.264;415688;13078.6
280;0.00450528;45.4366;130.429;415705;13079.2
281;0.00450279;41.3064;118.739;415720;13079.6
282;0.00450052;37.5516;108.09;415734;13080.1
283;0.00449845;34.1382;98.3924;415747;13080.5
284;0.00449658;31.035;89.5605;415759;13080.8
285;0.00449487;28.214;81.5179;415769;13081.2
286;0.00449331;25.6493;74.1945;415779;13081.5
287;0.0044919;23.3178;67.5262;415787;13081.7
288;0.00449061;21.1982;61.4549;415795;13082
289;0.00448944;19.2713;55.9273;415803;13082.2
290;0.00448838;17.5195;50.8951;415809;13082.4
291;0.00448741;15.927;46.314;415815;13082.6
292;0.00448652;14.4792;42.1439;415821;13082.8
293;0.00448572;13.1631;38.348;415826;13082.9
294;0.00448499;11.9666;34.8929;415830;13083.1
295;0.00448433;10.8788;31.7482;415834;13083.2
296;0.00448372;9.88991;28.886;415838;13083.3
297;0.00448317;8.99092;26.2811;415841;13083.4
298;0.00448267;8.17365;23.9105;415844;13083.5
299;0.00448222;7.43066;21.7531;415847;13083.6
300;0.00448181;6.75522;19.7899;415850;13083.7
301;0.00448143;6.14117;18.0035;415852;13083.8
302;0.00448109;5.58294;16.3779;415854;13083.8
303;0.00448078;5.07545;14.8987;415856;13083.9
304;0.00448049;4.61409;13.5529;415858;13084
305;0.00448024;4.19467;12.3283;415859;13084
306;0.00448;3.81337;11.2142;415861;13084.1
307;0.00447979;3.46674;10.2005;415862;13084.1
308;0.00447959;3.15161;9.27835;415863;13084.1
309;0.00447942;2.86513;8.43937;415865;13084.2
310;0.00447926;2.60469;7.67611;415866;13084.2
311;0.00447911;2.36792;6.98177;415866;13084.2
312;0.00447898;2.15268;6.35012;415867;13084.3
313;0.00447886;1.957;5.77553;415868;13084.3
314;0.00447875;1.77911;5.25285;415869;13084.3
315;0.00447865;1.61739;4.7774;415869;13084.3
316;0.00447856;1.47037;4.34492;415870;13084.3
317;0.00447848;1.33671;3.95154;415870;13084.4
318;0.0044784;1.21521;3.59373;415871;13084.4
319;0.00447833;1.10474;3.26827;415871;13084.4
320;0.00447827;1.00432;2.97225;415872;13084.4
321;0.00447821;0.913029;2.70301;415872;13084.4
322;0.00447816;0.830035;2.45813;415872;13084.4
323;0.00447812;0.754585;2.23541;415873;13084.4
324;0.00447807;0.685993;2.03284;415873;13084.4
325;0.00447803;0.623636;1.84862;415873;13084.4
326;0.004478;0.566948;1.68107;415873;13084.4
327;0.00447797;0.515412;1.52869;415873;13084.5
328;0.00447794;0.468561;1.39011;415874;13084.5
329;0.00447791;0.425969;1.26408;415874;13084.5
330;0.00447789;0.387249;1.14947;415874;13084.5
331;0.00447787;0.352048;1.04524;415874;13084.5
332;0.00447785;0.320047;0.950454;415874;13084.5
333;0.00447783;0.290954;0.864256;415874;13084.5
334;0.00447781;0.264507;0.785869;415874;13084.5
335;0.0044778;0.240463;0.714587;415875;13084.5
336;0.00447778;0.218605;0.649766;415875;13084.5
337;0.00447777;0.198734;0.59082;415875;13084.5
338;0.00447776;0.180669;0.537219;415875;13084.5
339;0.00447775;0.164246;0.488477;415875;13084.5
