164;7.02504e+06;1.7647;0.8787;0.1176;0.0037
165;7.02503e+06;3.15493;0.932525;0.220935;0.00695119
166;7.02503e+06;4.51377;1.10619;0.3306;0.0104015
167;7.02503e+06;6.05557;1.38231;0.460688;0.0144944
168;7.02503e+06;7.94448;1.76509;0.623248;0.019609
169;7.02502e+06;10.3372;2.27314;0.830823;0.0261398
170;7.02502e+06;13.4089;2.93706;1.09814;0.0345505
171;7.02502e+06;17.3731;3.79966;1.44354;0.0454176
172;7.02501e+06;22.4991;4.91798;1.89038;0.0594763
173;7.025e+06;29.1327;6.36659;2.46874;0.0776728
174;7.02499e+06;37.7196;8.24248;3.21745;0.101229
175;7.02497e+06;48.8363;10.6714;4.18676;0.131726
176;7.02496e+06;63.2287;13.8162;5.44172;0.171211
177;7.02493e+06;81.8623;17.8877;7.0665;0.22233
178;7.0249e+06;105.987;23.1592;9.1701;0.288515
179;7.02486e+06;137.221;29.9842;11.8936;0.374204
180;7.02481e+06;177.66;38.8206;15.4198;0.485146
181;7.02474e+06;230.015;50.2609;19.9851;0.628782
182;7.02465e+06;297.798;65.0726;25.8957;0.814747
183;7.02453e+06;385.555;84.2491;33.5483;1.05552
184;7.02438e+06;499.172;109.077;43.456;1.36724
185;7.02419e+06;646.267;141.22;56.2834;1.77082
186;7.02394e+06;836.703;182.836;72.8909;2.29334
187;7.02362e+06;1083.25;236.714;94.3924;2.96983
188;7.0232e+06;1402.43;306.468;122.23;3.84567
189;7.02266e+06;1815.63;396.774;158.271;4.9796
190;7.02196e+06;2350.54;513.686;204.931;6.44767
191;7.02106e+06;3042.98;665.04;265.341;8.34831
192;7.01988e+06;3939.3;860.977;343.549;10.809
193;7.01837e+06;5099.47;1114.62;444.8;13.9946
194;7.0164e+06;6601.04;1442.96;575.88;18.1187
195;7.01386e+06;8544.27;1867.96;745.572;23.4576
196;7.01057e+06;11058.8;2418.06;965.245;30.3691
197;7.00631e+06;14311.9;3129.99;1249.61;39.3159
198;7.0008e+06;18519.7;4051.27;1617.69;50.8969
199;6.99367e+06;23960.9;5243.29;2094.12;65.8866
200;6.98446e+06;30994.5;6785.33;2710.74;85.2867
201;6.97256e+06;40082.1;8779.67;3508.69;110.392
202;6.95718e+06;51816.6;11358.2;4541.18;142.877
203;6.93733e+06;66957;14690.5;5876.9;184.902
204;6.91173e+06;86472;18995;7604.51;239.257
205;6.87875e+06;111592;24551.2;9838.31;309.539
206;6.83632e+06;143874;31716.9;12725.5;400.378
207;6.78185e+06;185266;40947.8;16455.4;517.731
208;6.71209e+06;238189;52821.5;21270.9;669.237
209;6.62302e+06;305608;68065.6;27482.7;864.677
210;6.50976e+06;391083;87589;35487.2;1116.52
211;6.36651e+06;498787;112514;45787.7;1440.6
212;6.18653e+06;633425;144206;59019.3;1856.9
213;5.96237e+06;800011;184292;75977.9;2390.46
214;5.68625e+06;1.00341e+06;234658;97650.7;3072.34
215;5.35092e+06;1.24753e+06;297404;125246;3940.58
216;4.95094e+06;1.53411e+06;374729;160221;5040.97
217;4.48456e+06;1.86104e+06;468725;204289;6427.47
218;3.95605e+06;2.22038e+06;581037;259411;8161.75
219;3.37796e+06;2.59663e+06;712390;327741;10311.6
220;2.77258e+06;2.96598e+06;862011;411518;12947.4
221;2.1711e+06;3.29785e+06;1.02706e+06;512891;16136.9
222;1.60967e+06;3.55951e+06;1.20225e+06;633673;19937
223;1.12216e+06;3.72346e+06;1.37998e+06;775057;24385.3
224;731805;3.77535e+06;1.55105e+06;937343;29491.2
225;445474;3.7185e+06;1.70609e+06;1.11975e+06;35230.1
226;253595;3.57237e+06;1.83715e+06;1.32038e+06;41542.6
227;135866;3.36537e+06;1.93903e+06;1.53643e+06;48340.1
228;69229.3;3.1261e+06;2.00974e+06;1.76446e+06;55514.5
229;34000.7;2.87716e+06;2.05012e+06;2.00081e+06;62950.5
230;16332.3;2.6333e+06;2.06297e+06;2.2419e+06;70536
231;7782.72;2.40248e+06;2.0521e+06;2.48451e+06;78169
232;3725.67;2.18815e+06;2.02157e+06;2.72583e+06;85761.7
233;1810.32;1.99116e+06;1.97525e+06;2.96357e+06;93241.5
234;899.985;1.81108e+06;1.91665e+06;3.19586e+06;100550
235;460.382;1.64689e+06;1.84879e+06;3.42126e+06;107642
236;243.246;1.4974e+06;1.77423e+06;3.63867e+06;114482
237;133.038;1.3614e+06;1.69513e+06;3.84732e+06;121047
238;75.3948;1.23771e+06;1.61326e+06;4.04667e+06;127319
239;44.2769;1.12523e+06;1.53008e+06;4.23639e+06;133288
240;26.9296;1.02296e+06;1.44677e+06;4.41633e+06;138949
241;16.9451;929987;1.36426e+06;4.58647e+06;144302
242;11.0162;845457;1.28331e+06;4.74691e+06;149350
243;7.38778;768609;1.2045e+06;4.89782e+06;154098
244;5.10232;698744;1.12826e+06;5.03947e+06;158555
245;3.62283;635230;1.05492e+06;5.17216e+06;162729
246;2.64003;577489;984699;5.29621e+06;166633
247;1.97114;524996;917748;5.41202e+06;170276
248;1.50542;477274;854148;5.51994e+06;173672
249;1.17423;433890;793924;5.62039e+06;176832
250;0.934002;394450;737061;5.71376e+06;179770
251;0.75653;358594;683511;5.80043e+06;182497
252;0.623171;325998;633198;5.88081e+06;185026
253;0.521368;296365;586024;5.95528e+06;187368
254;0.442515;269426;541879;6.0242e+06;189537
255;0.380609;244935;500640;6.08792e+06;191542
256;0.331402;222670;462177;6.1468e+06;193394
257;0.291837;202430;426355;6.20115e+06;195104
258;0.259689;184029;393039;6.25129e+06;196682
259;0.233311;167301;362092;6.29751e+06;198136
260;0.211473;152093;333378;6.34009e+06;199476
261;0.193246;138268;306764;6.3793e+06;200709
262;0.177917;125699;282122;6.41537e+06;201844
263;0.164935;114273;259327;6.44855e+06;202888
264;0.153871;103886;238258;6.47905e+06;203848
265;0.144387;94442.6;218801;6.50706e+06;204729
266;0.136212;85857.8;200845;6.5328e+06;205539
267;0.129133;78053.3;184287;6.55641e+06;206282
268;0.122974;70958.3;169028;6.57809e+06;206964
269;0.117594;64508.2;154975;6.59796e+06;207589
270;0.112877;58644.4;142040;6.61619e+06;208162
271;0.108727;53313.6;130142;6.63289e+06;208688
272;0.105063;48467.4;119202;6.6482e+06;209170
273;0.101821;44061.7;109148;6.66222e+06;209611
274;0.0989432;40056.5;99913.7;6.67505e+06;210014
275;0.0963834;36415.4;91435.3;6.6868e+06;210384
276;0.0941013;33105.2;83654.3;6.69755e+06;210722
277;0.0920627;30096;76516.3;6.70739e+06;211032
278;0.0902383;27360.2;69970.6;6.71639e+06;211315
279;0.0886031;24873.2;63970.2;6.72462e+06;211574
280;0.0871351;22612.2;58471.6;6.73214e+06;211811
281;0.0858154;20556.8;53434.5;6.73902e+06;212027
282;0.0846277;18688.2;48821.5;6.7453e+06;212225
283;0.0835575;16989.4;44598.2;6.75104e+06;212405
284;0.0825922;15445.1;40732.8;6.75629e+06;212570
285;0.0817208;14041.1;37195.8;6.76108e+06;212721
286;0.0809334;12764.8;33960.3;6.76545e+06;212859
287;0.0802214;11604.5;31001.2;6.76945e+06;212984
288;0.0795771;10549.6;28295.6;6.77309e+06;213099
289;0.0789938;9590.66;25822.3;6.77642e+06;213204
290;0.0784654;8718.87;23561.9;6.77946e+06;213299
291;0.0779864;7926.32;21496.4;6.78223e+06;213386
292;0.0775521;7205.82;19609.4;6.78476e+06;213466
293;0.0771581;6550.81;17885.8;6.78706e+06;213539
294;0.0768006;5955.34;16311.7;6.78917e+06;213605
295;0.076476;5414;14874.4;6.79108e+06;213665
296;0.0761813;4921.87;13562.3;6.79283e+06;213720
297;0.0759136;4474.47;12364.6;6.79443e+06;213770
298;0.0756704;4067.74;11271.5;6.79588e+06;213816
299;0.0754495;3697.99;10274;6.79721e+06;213858
300;0.0752486;3361.84;9363.92;6.79842e+06;213896
301;0.0750661;3056.25;8533.67;6.79952e+06;213930
302;0.0749001;2778.44;7776.35;6.80052e+06;213962
303;0.0747492;2525.88;7085.63;6.80143e+06;213991
304;0.074612;2296.27;6455.75;6.80227e+06;214017
305;0.0744872;2087.54;5881.4;6.80303e+06;214041
306;0.0743737;1897.79;5357.74;6.80372e+06;214063
307;0.0742704;1725.28;4880.36;6.80435e+06;214082
308;0.0741765;1568.45;4445.2;6.80492e+06;214100
309;0.0740911;1425.88;4048.57;6.80545e+06;214117
310;0.0740133;1296.26;3687.09;6.80592e+06;214132
311;0.0739426;1178.43;3357.67;6.80636e+06;214146
312;0.0738783;1071.31;3057.51;6.80675e+06;214158
313;0.0738198;973.932;2784.02;6.80711e+06;214169
314;0.0737665;885.402;2534.84;6.80744e+06;214180
315;0.0737181;804.919;2307.85;6.80774e+06;214189
316;0.073674;731.752;2101.08;6.80801e+06;214197
317;0.0736339;665.236;1912.73;6.80825e+06;214205
318;0.0735974;604.766;1741.19;6.80848e+06;214212
319;0.0735642;549.793;1584.95;6.80868e+06;214219
320;0.073534;499.816;1442.68;6.80887e+06;214225
321;0.0735065;454.383;1313.11;6.80904e+06;214230
322;0.0734815;413.08;1195.14;6.80919e+06;214235
323;0.0734587;375.531;1087.71;6.80933e+06;214239
324;0.073438;341.395;989.91;6.80946e+06;214243
325;0.0734192;310.362;900.867;6.80958e+06;214247
326;0.0734021;282.15;819.804;6.80968e+06;214250
327;0.0733865;256.503;746.009;6.80978e+06;214253
328;0.0733723;233.187;678.834;6.80987e+06;214256
329;0.0733594;211.99;617.688;6.80995e+06;214259
330;0.0733476;192.72;562.033;6.81002e+06;214261
331;0.073337;175.202;511.376;6.81009e+06;214263
332;0.0733273;159.276;465.272;6.81015e+06;214265
333;0.0733184;144.798;423.313;6.8102e+06;214267
334;0.0733104;131.636;385.127;6.81025e+06;214268
335;0.0733031;119.67;350.377;6.8103e+06;214270
336;0.0732964;108.792;318.754;6.81034e+06;214271
337;0.0732903;98.9029;289.979;6.81038e+06;214272
338;0.0732848;89.9127;263.794;6.81041e+06;214273
339;0.0732798;81.7396;239.969;6.81044e+06;214274
340;0.0732753;74.3095;218.291;6.81047e+06;214275
341;0.0732711;67.5548;198.567;6.8105e+06;214276
342;0.0732674;61.414;180.622;6.81052e+06;214277
343;0.0732639;55.8315;164.295;6.81054e+06;214277
344;0.0732608;50.7564;149.441;6.81056e+06;214278
345;0.073258;46.1427;135.927;6.81058e+06;214278
346;0.0732554;41.9483;123.634;6.81059e+06;214279
347;0.073253;38.1352;112.45;6.81061e+06;214279
348;0.0732509;34.6687;102.276;6.81062e+06;214280
349;0.073249;31.5173;93.0217;6.81063e+06;214280
350;0.0732472;28.6524;84.6031;6.81064e+06;214280
351;0.0732456;26.0479;76.9452;6.81065e+06;214281
352;0.0732441;23.6802;69.9795;6.81066e+06;214281
353;0.0732428;21.5276;63.6436;6.81067e+06;214281
354;0.0732416;19.5708;57.8805;6.81068e+06;214282
355;0.0732405;17.7918;52.6385;6.81068e+06;214282
356;0.0732395;16.1745;47.8708;6.81069e+06;214282
357;0.0732386;14.7043;43.5343;6.8107e+06;214282
358;0.0732378;13.3676;39.5902;6.8107e+06;214282
359;0.073237;12.1525;36.003;6.81071e+06;214282
360;0.0732363;11.0479;32.7405;6.81071e+06;214283
361;0.0732357;10.0436;29.7733;6.81071e+06;214283
362;0.0732352;9.13064;27.0748;6.81072e+06;214283
363;0.0732346;8.30067;24.6206;6.81072e+06;214283
364;0.0732342;7.54614;22.3887;6.81072e+06;214283
365;0.0732337;6.86019;20.3589;6.81073e+06;214283
366;0.0732334;6.2366;18.5129;6.81073e+06;214283
367;0.073233;5.6697;16.8342;6.81073e+06;214283
368;0.0732327;5.15432;15.3076;6.81073e+06;214283
369;0.0732324;4.68579;13.9193;6.81073e+06;214283
370;0.0732321;4.25985;12.6568;6.81074e+06;214283
371;0.0732319;3.87263;11.5088;6.81074e+06;214283
372;0.0732317;3.52061;10.4648;6.81074e+06;214283
373;0.0732315;3.20059;9.51544;6.81074e+06;214284
374;0.0732313;2.90966;8.65215;6.81074e+06;214284
375;0.0732311;2.64517;7.86713;6.81074e+06;214284
376;0.073231;2.40472;7.15329;6.81074e+06;214284
377;0.0732308;2.18613;6.50419;6.81074e+06;214284
378;0.0732307;1.98741;5.91395;6.81075e+06;214284
379;0.0732306;1.80676;5.37724;6.81075e+06;214284
380;0.0732305;1.64252;4.88922;6.81075e+06;214284
381;0.0732304;1.49322;4.44546;6.81075e+06;214284
382;0.0732303;1.35748;4.04196;6.81075e+06;214284
383;0.0732303;1.23409;3.67507;6.81075e+06;214284
384;0.0732302;1.12191;3.34146;6.81075e+06;214284
385;0.0732301;1.01993;3.03812;6.81075e+06;214284
386;0.0732301;0.927218;2.76231;6.81075e+06;214284
387;0.07323;0.842934;2.51153;6.81075e+06;214284
388;0.07323;0.766311;2.2835;6.81075e+06;214284
389;0.0732299;0.696653;2.07617;6.81075e+06;214284
390;0.0732299;0.633328;1.88766;6.81075e+06;214284
391;0.0732298;0.575758;1.71625;6.81075e+06;214284
392;0.0732298;0.523422;1.56041;6.81075e+06;214284
393;0.0732298;0.475843;1.41871;6.81075e+06;214284
394;0.0732298;0.432589;1.28987;6.81075e+06;214284
395;0.0732297;0.393266;1.17273;6.81075e+06;214284
396;0.0732297;0.357519;1.06623;6.81075e+06;214284
397;0.0732297;0.32502;0.969394;6.81075e+06;214284
398;0.0732297;0.295476;0.881351;6.81075e+06;214284
399;0.0732297;0.268617;0.801302;6.81075e+06;214284
400;0.0732296;0.2442;0.728521;6.81075e+06;214284
401;0.0732296;0.222002;0.662349;6.81075e+06;214284
402;0.0732296;0.201822;0.602186;6.81075e+06;214284
403;0.0732296;0.183476;0.547487;6.81075e+06;214284
404;0.0732296;0.166798;0.497755;6.81075e+06;214284
