136;1.97515e+07;1.7647;0.8787;0.1176;0.0037
137;1.97515e+07;3.15493;0.932525;0.220935;0.00695119
138;1.97515e+07;4.51377;1.10619;0.3306;0.0104015
139;1.97515e+07;6.05557;1.38231;0.460688;0.0144944
140;1.97515e+07;7.94449;1.76509;0.623248;0.019609
141;1.97515e+07;10.3372;2.27314;0.830823;0.0261398
142;1.97515e+07;13.4089;2.93706;1.09814;0.0345505
143;1.97515e+07;17.3731;3.79966;1.44354;0.0454176
144;1.97515e+07;22.4991;4.91798;1.89038;0.0594763
145;1.97515e+07;29.1327;6.3666;2.46874;0.0776728
146;1.97515e+07;37.7197;8.24249;3.21745;0.101229
147;1.97515e+07;48.8364;10.6714;4.18677;0.131726
148;1.97515e+07;63.229;13.8162;5.44172;0.171211
149;1.97514e+07;81.8628;17.8878;7.06651;0.222331
150;1.97514e+07;105.988;23.1593;9.17011;0.288515
151;1.97514e+07;137.223;29.9844;11.8936;0.374205
152;1.97513e+07;177.662;38.8208;15.4198;0.485147
153;1.97512e+07;230.019;50.2613;19.9851;0.628784
154;1.97511e+07;297.805;65.0734;25.8959;0.814751
155;1.9751e+07;385.567;84.2504;33.5485;1.05552
156;1.97509e+07;499.192;109.079;43.4564;1.36725
157;1.97507e+07;646.301;141.224;56.284;1.77084
158;1.97504e+07;836.76;182.842;72.892;2.29337
159;1.97501e+07;1083.34;236.725;94.3943;2.96989
160;1.97497e+07;1402.59;306.486;122.233;3.84577
161;1.97492e+07;1815.9;396.804;158.276;4.97977
162;1.97485e+07;2350.99;513.737;204.94;6.44795
163;1.97476e+07;3043.73;665.126;265.356;8.34877
164;1.97464e+07;3940.57;861.121;343.574;10.8097
165;1.97449e+07;5101.6;1114.87;444.842;13.9959
166;1.97429e+07;6604.6;1443.37;575.95;18.1209
167;1.97403e+07;8550.24;1868.64;745.69;23.4613
168;1.97371e+07;11068.8;2419.19;965.443;30.3753
169;1.97328e+07;14328.6;3131.9;1249.94;39.3264
170;1.97273e+07;18547.8;4054.47;1618.25;50.9144
171;1.97201e+07;24007.9;5248.66;2095.06;65.9159
172;1.97109e+07;31073.2;6794.31;2712.3;85.3359
173;1.96989e+07;40213.9;8794.72;3511.31;110.475
174;1.96834e+07;52037.3;11383.4;4545.57;143.015
175;1.96634e+07;67326.2;14732.8;5884.25;185.134
176;1.96375e+07;87089.3;19065.6;7616.82;239.645
177;1.96041e+07;112624;24669.4;9858.94;310.188
178;1.95609e+07;145596;31914.5;12760.1;401.464
179;1.95051e+07;188139;41278;16513.2;519.548
180;1.94332e+07;242973;53372.8;21367.5;672.277
181;1.93405e+07;313559;68984.9;27644.1;869.756
182;1.92213e+07;404265;89119.5;35756.8;1125
183;1.90682e+07;520573;115057;46237.2;1454.74
184;1.88722e+07;669284;148421;59767.9;1880.45
185;1.86219e+07;858727;191255;77222.2;2429.61
186;1.83037e+07;1.09891e+06;246114;99713.8;3137.25
187;1.79011e+07;1.40156e+06;316151;128657;4047.87
188;1.73954e+07;1.77991e+06;405204;165836;5217.63
189;1.67654e+07;2.24804e+06;517847;213488;6716.89
190;1.59895e+07;2.81965e+06;659379;274387;8632.92
191;1.50471e+07;3.50573e+06;835702;351930;11072.6
192;1.3923e+07;4.31119e+06;1.053e+06;450208;14164.7
193;1.26122e+07;5.23012e+06;1.31716e+06;574041;18060.8
194;1.11266e+07;6.24028e+06;1.63281e+06;728940;22934.3
195;9.50151e+06;7.2981e+06;2.00199e+06;920958;28975.7
196;7.7995e+06;8.33671e+06;2.42254e+06;1.15639e+06;36383.1
197;6.10825e+06;9.27016e+06;2.8865e+06;1.44128e+06;45346.5
198;4.52935e+06;1.00064e+07;3.37902e+06;1.78073e+06;56026.5
199;3.15805e+06;1.04681e+07;3.87873e+06;2.17811e+06;68528.9
200;2.05984e+06;1.06148e+07;4.35979e+06;2.63425e+06;82880.2
201;1.2541e+06;1.04556e+07;4.79583e+06;3.14696e+06;99011.4
202;714032;1.00453e+07;5.16451e+06;3.71095e+06;116756
203;382602;9.4636e+06;5.45117e+06;4.31829e+06;135865
204;194971;8.79099e+06;5.65019e+06;4.95935e+06;156034
205;95763;8.0911e+06;5.76392e+06;5.62381e+06;176940
206;46001.5;7.40538e+06;5.80024e+06;6.30165e+06;198266
207;21920.8;6.75631e+06;5.76982e+06;6.98376e+06;219727
208;10493.4;6.15359e+06;5.68409e+06;7.66229e+06;241075
209;5098.56;5.59962e+06;5.55397e+06;8.33074e+06;262107
210;2534.54;5.09318e+06;5.38928e+06;8.98389e+06;282656
211;1296.43;4.63145e+06;5.19853e+06;9.61766e+06;302597
212;684.919;4.21106e+06;4.98895e+06;1.0229e+07;321831
213;374.569;3.82859e+06;4.76657e+06;1.08157e+07;340290
214;212.255;3.48073e+06;4.5364e+06;1.13763e+07;357927
215;124.64;3.16442e+06;4.30254e+06;1.19097e+07;374711
216;75.8004;2.87682e+06;4.06828e+06;1.24157e+07;390631
217;47.6926;2.61535e+06;3.8363e+06;1.28941e+07;405683
218;31.003;2.37763e+06;3.6087e+06;1.33453e+07;419878
219;20.7899;2.16151e+06;3.38709e+06;1.37697e+07;433230
220;14.3574;1.96504e+06;3.17272e+06;1.4168e+07;445762
221;10.1936;1.78642e+06;2.96649e+06;1.45411e+07;457501
222;7.42783;1.62404e+06;2.76904e+06;1.489e+07;468477
223;5.54555;1.47641e+06;2.58078e+06;1.52156e+07;478722
224;4.2351;1.34221e+06;2.40194e+06;1.55191e+07;488271
225;3.30321;1.2202e+06;2.23259e+06;1.58016e+07;497159
226;2.6273;1.10929e+06;2.07269e+06;1.60641e+07;505419
227;2.12799;1.00845e+06;1.92211e+06;1.63079e+07;513088
228;1.7528;916786;1.78062e+06;1.65339e+07;520200
229;1.46641;833450;1.64797e+06;1.67433e+07;526788
230;1.24458;757690;1.52383e+06;1.69371e+07;532886
231;1.07044;688816;1.40787e+06;1.71163e+07;538524
232;0.932018;626203;1.2997e+06;1.72819e+07;543733
233;0.820727;569281;1.19897e+06;1.74347e+07;548542
234;0.730297;517533;1.10528e+06;1.75757e+07;552978
235;0.656102;470490;1.01826e+06;1.77057e+07;557068
236;0.59468;427722;937510;1.78255e+07;560835
237;0.543413;388842;862670;1.79357e+07;564304
238;0.500298;353497;793374;1.80372e+07;567496
239;0.463786;321364;729271;1.81305e+07;570431
240;0.432668;292152;670022;1.82162e+07;573130
241;0.405994;265595;615305;1.8295e+07;575609
242;0.383004;241453;564811;1.83674e+07;577885
243;0.363094;219505;518248;1.84338e+07;579975
244;0.345773;199552;475337;1.84948e+07;581893
245;0.330643;181412;435818;1.85506e+07;583651
246;0.317376;164922;399444;1.86019e+07;585264
247;0.305704;149931;365983;1.86489e+07;586742
248;0.295402;136302;335218;1.86919e+07;588096
249;0.286283;123912;306946;1.87313e+07;589336
250;0.278191;112649;280977;1.87674e+07;590472
251;0.270992;102409;257134;1.88005e+07;591512
252;0.264574;93099.8;235253;1.88307e+07;592463
253;0.258841;84637.1;215179;1.88584e+07;593333
254;0.253711;76943.6;196771;1.88837e+07;594130
255;0.249112;69949.4;179897;1.89068e+07;594858
256;0.244984;63591;164434;1.8928e+07;595523
257;0.241273;57810.6;150269;1.89473e+07;596132
258;0.237933;52555.6;137296;1.8965e+07;596688
259;0.234923;47778.3;125419;1.89811e+07;597196
260;0.232208;43435.3;114549;1.89959e+07;597660
261;0.229758;39487;104603;1.90094e+07;598084
262;0.227544;35897.6;95503.6;1.90217e+07;598471
263;0.225541;32634.5;87182.1;1.90329e+07;598824
264;0.22373;29668.1;79573.4;1.90431e+07;599147
265;0.222089;26971.2;72618;1.90525e+07;599441
266;0.220603;24519.6;66261.1;1.9061e+07;599710
267;0.219256;22290.7;60452.5;1.90688e+07;599955
268;0.218035;20264.5;55145.8;1.90759e+07;600178
269;0.216927;18422.5;50298.7;1.90824e+07;600383
270;0.215922;16747.9;45872;1.90883e+07;600569
271;0.215009;15225.5;41830.1;1.90937e+07;600738
272;0.21418;13841.5;38140.1;1.90987e+07;600893
273;0.213427;12583.3;34771.9;1.91031e+07;601034
274;0.212744;11439.5;31697.9;1.91072e+07;601163
275;0.212122;10399.6;28892.8;1.9111e+07;601280
276;0.211557;9454.3;26333.4;1.91144e+07;601387
277;0.211044;8594.9;23998.6;1.91175e+07;601485
278;0.210577;7813.63;21868.8;1.91203e+07;601573
279;0.210153;7103.37;19926.4;1.91228e+07;601654
280;0.209767;6457.67;18155;1.91252e+07;601728
281;0.209416;5870.67;16539.8;1.91273e+07;601795
282;0.209097;5337.03;15067.2;1.91293e+07;601856
283;0.208807;4851.89;13724.7;1.9131e+07;601912
284;0.208543;4410.86;12500.9;1.91327e+07;601963
285;0.208302;4009.91;11385.5;1.91341e+07;602009
286;0.208084;3645.41;10368.9;1.91355e+07;602051
287;0.207885;3314.04;9442.55;1.91367e+07;602090
288;0.207704;3012.8;8598.42;1.91378e+07;602125
289;0.207539;2738.93;7829.29;1.91388e+07;602156
290;0.20739;2489.96;7128.57;1.91397e+07;602185
291;0.207253;2263.63;6490.21;1.91406e+07;602212
292;0.207129;2057.86;5908.71;1.91413e+07;602236
293;0.207017;1870.8;5379.04;1.9142e+07;602258
294;0.206914;1700.75;4896.62;1.91427e+07;602277
295;0.206821;1546.15;4457.26;1.91432e+07;602296
296;0.206736;1405.6;4057.14;1.91438e+07;602312
297;0.206658;1277.83;3692.78;1.91442e+07;602327
298;0.206588;1161.68;3361;1.91447e+07;602341
299;0.206524;1056.08;3058.91;1.91451e+07;602353
300;0.206466;960.085;2783.86;1.91454e+07;602365
301;0.206413;872.814;2533.45;1.91458e+07;602375
302;0.206365;793.475;2305.48;1.9146e+07;602384
303;0.206321;721.348;2097.95;1.91463e+07;602393
304;0.206281;655.778;1909.04;1.91466e+07;602400
305;0.206245;596.167;1737.08;1.91468e+07;602408
306;0.206212;541.976;1580.57;1.9147e+07;602414
307;0.206182;492.71;1438.11;1.91472e+07;602420
308;0.206154;447.923;1308.46;1.91474e+07;602425
309;0.206129;407.207;1190.46;1.91475e+07;602430
310;0.206107;370.192;1083.07;1.91476e+07;602434
311;0.206086;336.541;985.343;1.91478e+07;602438
312;0.206068;305.95;896.412;1.91479e+07;602442
313;0.206051;278.139;815.488;1.9148e+07;602445
314;0.206035;252.856;741.852;1.91481e+07;602448
315;0.206021;229.871;674.85;1.91482e+07;602451
316;0.206008;208.976;613.886;1.91483e+07;602454
317;0.205997;189.98;558.418;1.91483e+07;602456
318;0.205986;172.711;507.951;1.91484e+07;602458
319;0.205976;157.012;462.036;1.91485e+07;602460
320;0.205968;142.739;420.263;1.91485e+07;602462
321;0.20596;129.764;382.26;1.91486e+07;602463
322;0.205952;117.969;347.688;1.91486e+07;602465
323;0.205946;107.245;316.237;1.91486e+07;602466
324;0.20594;97.4968;287.626;1.91487e+07;602467
325;0.205934;88.6343;261.599;1.91487e+07;602468
326;0.205929;80.5775;237.924;1.91487e+07;602469
327;0.205925;73.253;216.388;1.91488e+07;602470
328;0.205921;66.5943;196.799;1.91488e+07;602471
329;0.205917;60.5409;178.981;1.91488e+07;602471
330;0.205914;55.0377;162.774;1.91488e+07;602472
331;0.20591;50.0348;148.032;1.91489e+07;602473
332;0.205908;45.4866;134.624;1.91489e+07;602473
333;0.205905;41.3519;122.429;1.91489e+07;602474
334;0.205903;37.593;111.337;1.91489e+07;602474
335;0.205901;34.1758;101.249;1.91489e+07;602475
336;0.205899;31.0692;92.0742;1.91489e+07;602475
337;0.205897;28.245;83.7298;1.91489e+07;602475
338;0.205895;25.6776;76.1408;1.9149e+07;602476
339;0.205894;23.3435;69.239;1.9149e+07;602476
340;0.205893;21.2216;62.9623;1.9149e+07;602476
341;0.205891;19.2925;57.254;1.9149e+07;602476
342;0.20589;17.5388;52.0628;1.9149e+07;602477
343;0.205889;15.9445;47.3418;1.9149e+07;602477
344;0.205888;14.4952;43.0486;1.9149e+07;602477
345;0.205888;13.1776;39.1444;1.9149e+07;602477
346;0.205887;11.9797;35.5941;1.9149e+07;602477
347;0.205886;10.8908;32.3655;1.9149e+07;602477
348;0.205886;9.90081;29.4295;1.9149e+07;602478
349;0.205885;9.00083;26.7597;1.9149e+07;602478
350;0.205885;8.18265;24.3319;1.9149e+07;602478
351;0.205884;7.43885;22.1243;1.9149e+07;602478
352;0.205884;6.76266;20.1168;1.9149e+07;602478
353;0.205883;6.14793;18.2913;1.9149e+07;602478
354;0.205883;5.58909;16.6314;1.9149e+07;602478
355;0.205883;5.08104;15.1221;1.9149e+07;602478
356;0.205882;4.61917;13.7497;1.9149e+07;602478
357;0.205882;4.19929;12.5017;1.9149e+07;602478
358;0.205882;3.81757;11.367;1.9149e+07;602478
359;0.205882;3.47056;10.3352;1.9149e+07;602478
360;0.205881;3.15508;9.39698;1.9149e+07;602478
361;0.205881;2.86829;8.54393;1.9149e+07;602478
362;0.205881;2.60756;7.76828;1.9149e+07;602478
363;0.205881;2.37053;7.06301;1.9149e+07;602478
364;0.205881;2.15505;6.42175;1.9149e+07;602478
365;0.205881;1.95916;5.83868;1.9149e+07;602478
366;0.205881;1.78107;5.30854;1.9149e+07;602478
367;0.20588;1.61917;4.82651;1.9149e+07;602479
368;0.20588;1.47199;4.38824;1.9149e+07;602479
369;0.20588;1.33818;3.98975;1.9149e+07;602479
370;0.20588;1.21654;3.62743;1.9149e+07;602479
371;0.20588;1.10596;3.29801;1.9149e+07;602479
372;0.20588;1.00543;2.99849;1.9149e+07;602479
373;0.20588;0.914035;2.72617;1.9149e+07;602479
374;0.20588;0.830949;2.47857;1.9149e+07;602479
375;0.20588;0.755416;2.25345;1.91491e+07;602479
376;0.20588;0.686749;2.04878;1.91491e+07;602479
377;0.20588;0.624323;1.86269;1.91491e+07;602479
378;0.20588;0.567572;1.69349;1.91491e+07;602479
379;0.20588;0.51598;1.53966;1.91491e+07;602479
380;0.20588;0.469077;1.39981;1.91491e+07;602479
381;0.20588;0.426438;1.27265;1.91491e+07;602479
382;0.20588;0.387675;1.15704;1.91491e+07;602479
383;0.20588;0.352435;1.05193;1.91491e+07;602479
384;0.20588;0.320399;0.956368;1.91491e+07;602479
385;0.20588;0.291275;0.869484;1.91491e+07;602479
386;0.20588;0.264798;0.790493;1.91491e+07;602479
387;0.20588;0.240728;0.718676;1.91491e+07;602479
388;0.20588;0.218846;0.653383;1.91491e+07;602479
389;0.20588;0.198953;0.594021;1.91491e+07;602479
390;0.20588;0.180868;0.540051;1.91491e+07;602479
391;0.20588;0.164427;0.490984;1.91491e+07;602479
