171;1.11754e+07;1.7647;0.8787;0.1176;0.0037
172;1.11754e+07;3.15493;0.932525;0.220935;0.00695119
173;1.11754e+07;4.51377;1.10619;0.3306;0.0104015
174;1.11754e+07;6.05557;1.38231;0.460688;0.0144944
175;1.11754e+07;7.94449;1.76509;0.623248;0.019609
176;1.11754e+07;10.3372;2.27314;0.830823;0.0261398
177;1.11754e+07;13.4089;2.93706;1.09814;0.0345505
178;1.11754e+07;17.3731;3.79966;1.44354;0.0454176
179;1.11753e+07;22.4991;4.91798;1.89038;0.0594763
180;1.11753e+07;29.1327;6.3666;2.46874;0.0776728
181;1.11753e+07;37.7196;8.24249;3.21745;0.101229
182;1.11753e+07;48.8364;10.6714;4.18677;0.131726
183;1.11753e+07;63.2288;13.8162;5.44172;0.171211
184;1.11753e+07;81.8626;17.8878;7.0665;0.22233
185;1.11752e+07;105.988;23.1593;9.17011;0.288515
186;1.11752e+07;137.222;29.9843;11.8936;0.374205
187;1.11751e+07;177.661;38.8207;15.4198;0.485147
188;1.11751e+07;230.017;50.2611;19.9851;0.628783
189;1.1175e+07;297.802;65.073;25.8958;0.81475
190;1.11749e+07;385.562;84.2499;33.5484;1.05552
191;1.11747e+07;499.184;109.078;43.4562;1.36724
192;1.11745e+07;646.286;141.223;56.2838;1.77083
193;1.11743e+07;836.736;182.84;72.8915;2.29336
194;1.1174e+07;1083.3;236.721;94.3935;2.96986
195;1.11735e+07;1402.52;306.479;122.232;3.84573
196;1.1173e+07;1815.78;396.792;158.274;4.9797
197;1.11723e+07;2350.8;513.715;204.936;6.44783
198;1.11714e+07;3043.41;665.089;265.349;8.34858
199;1.11702e+07;3940.03;861.06;343.564;10.8094
200;1.11687e+07;5100.7;1114.76;444.824;13.9953
201;1.11667e+07;6603.09;1443.2;575.921;18.1199
202;1.11642e+07;8547.71;1868.36;745.64;23.4598
203;1.11609e+07;11064.5;2418.71;965.359;30.3727
204;1.11566e+07;14321.5;3131.09;1249.8;39.3219
205;1.11511e+07;18535.9;4053.11;1618.02;50.9069
206;1.1144e+07;23988;5246.38;2094.66;65.9035
207;1.11348e+07;31039.8;6790.51;2711.64;85.3151
208;1.11228e+07;40158;8788.34;3510.2;110.44
209;1.11074e+07;51943.6;11372.7;4543.71;142.957
210;1.10874e+07;67169.4;14714.8;5881.14;185.036
211;1.10617e+07;86827.1;19035.6;7611.6;239.481
212;1.10284e+07;112186;24619.2;9850.19;309.913
213;1.09855e+07;144863;31830.6;12745.4;401.004
214;1.09303e+07;186914;41137.6;16488.7;518.777
215;1.08593e+07;240930;53138.1;21326.5;670.986
216;1.07682e+07;310156;68593;27575.5;867.596
217;1.06515e+07;398607;88465.9;35642;1121.39
218;1.05027e+07;511187;113968;46045.6;1448.71
219;1.03137e+07;653758;146611;59448.3;1870.4
220;1.00749e+07;833146;188254;76689.7;2412.86
221;9.77532e+06;1.05697e+06;241151;98828.4;3109.4
222;9.40297e+06;1.33324e+06;307979;127188;4001.66
223;8.94551e+06;1.66951e+06;391813;163406;5141.18
224;8.39179e+06;2.07147e+06;496044;209483;6590.88
225;7.73407e+06;2.54089e+06;624171;267818;8426.25
226;6.97121e+06;3.07279e+06;779426;341221;10735.7
227;6.11238e+06;3.6523e+06;964198;432881;13619.6
228;5.1806e+06;4.25209e+06;1.17924e+06;546271;17187.1
229;4.21442e+06;4.83175e+06;1.42271e+06;684949;21550.3
230;3.26578e+06;5.34118e+06;1.68934e+06;852259;26814.3
231;2.3925e+06;5.72895e+06;1.96994e+06;1.05093e+06;33064.8
232;1.64605e+06;5.95464e+06;2.25175e+06;1.28259e+06;40353.6
233;1.05864e+06;6.00077e+06;2.51989e+06;1.5474e+06;48685.1
234;635551;5.87839e+06;2.75969e+06;1.84373e+06;58008.6
235;357144;5.62245e+06;2.95929e+06;2.16827e+06;68219.5
236;189226;5.27929e+06;3.11141e+06;2.51629e+06;79168.9
237;95592.1;4.89304e+06;3.21388e+06;2.88219e+06;90681.1
238;46682.1;4.49717e+06;3.26881e+06;3.26014e+06;102572
239;22362.7;4.1127e+06;3.2811e+06;3.64455e+06;114667
240;10656.1;3.75056e+06;3.25695e+06;4.03041e+06;126807
241;5112.74;3.41518e+06;3.2028e+06;4.41343e+06;138858
242;2494.43;3.10736e+06;3.12474e+06;4.79008e+06;150708
243;1246.79;2.82614e+06;3.02817e+06;5.15755e+06;162270
244;641.818;2.56985e+06;2.91775e+06;5.51366e+06;173474
245;341.444;2.33655e+06;2.79743e+06;5.85679e+06;184270
246;188.086;2.12431e+06;2.67049e+06;6.18576e+06;194620
247;107.365;1.93129e+06;2.53966e+06;6.49981e+06;204501
248;63.5054;1.75578e+06;2.40716e+06;6.79848e+06;213898
249;38.8952;1.59621e+06;2.27477e+06;7.08156e+06;222804
250;24.6395;1.45113e+06;2.14393e+06;7.34907e+06;231221
251;16.1217;1.31923e+06;2.01578e+06;7.6012e+06;239153
252;10.8778;1.19932e+06;1.89119e+06;7.83826e+06;246612
253;7.55597;1.0903e+06;1.7708e+06;8.06066e+06;253609
254;5.39406;991195;1.65511e+06;8.26891e+06;260161
255;3.95068;901096;1.54445e+06;8.46355e+06;266285
256;2.96366;819188;1.43902e+06;8.64517e+06;272000
257;2.27342;744724;1.33893e+06;8.8144e+06;277324
258;1.78052;677029;1.24421e+06;8.97186e+06;282278
259;1.42163;615488;1.15483e+06;9.11818e+06;286881
260;1.15556;559540;1.0707e+06;9.25399e+06;291154
261;0.954956;508678;991683;9.3799e+06;295116
262;0.801358;462439;917631;9.49652e+06;298785
263;0.68205;420404;848358;9.60444e+06;302180
264;0.588141;382189;783667;9.7042e+06;305319
265;0.513315;347448;723349;9.79636e+06;308219
266;0.453019;315865;667190;9.88143e+06;310895
267;0.403926;287153;614972;9.95989e+06;313364
268;0.363569;261051;566478;1.00322e+07;315639
269;0.330102;237322;521494;1.00988e+07;317735
270;0.302123;215749;479809;1.01602e+07;319665
271;0.278558;196137;441220;1.02166e+07;321440
272;0.258575;178309;405529;1.02685e+07;323073
273;0.241524;162100;372546;1.03162e+07;324573
274;0.226891;147365;342091;1.036e+07;325951
275;0.214266;133970;313991;1.04002e+07;327217
276;0.203322;121792;288082;1.04371e+07;328379
277;0.193793;110721;264209;1.0471e+07;329445
278;0.185462;100657;242225;1.05021e+07;330422
279;0.178152;91507;221992;1.05306e+07;331319
280;0.171716;83189;203383;1.05567e+07;332140
281;0.166032;75627.1;186274;1.05806e+07;332893
282;0.160999;68752.6;170554;1.06025e+07;333582
283;0.156529;62503;156115;1.06225e+07;334213
284;0.152551;56821.5;142860;1.06409e+07;334790
285;0.149004;51656.4;130696;1.06577e+07;335319
286;0.145833;46960.8;119538;1.06731e+07;335803
287;0.142995;42692.1;109307;1.06871e+07;336245
288;0.140451;38811.4;99928.8;1.07e+07;336649
289;0.138166;35283.4;91335.4;1.07117e+07;337019
290;0.136111;32076.2;83463.6;1.07225e+07;337357
291;0.134261;29160.5;76255.2;1.07323e+07;337666
292;0.132594;26509.8;69656.2;1.07413e+07;337948
293;0.13109;24100;63616.6;1.07495e+07;338206
294;0.129732;21909.3;58090.6;1.07569e+07;338441
295;0.128505;19917.8;53035.8;1.07638e+07;338656
296;0.127395;18107.3;48413.1;1.077e+07;338852
297;0.126391;16461.3;44186.5;1.07757e+07;339031
298;0.125481;14965;40323;1.07809e+07;339195
299;0.124657;13604.7;36792.1;1.07856e+07;339344
300;0.12391;12368;33565.9;1.079e+07;339480
301;0.123233;11243.8;30618.6;1.07939e+07;339604
302;0.122619;10221.7;27926.6;1.07975e+07;339718
303;0.122061;9292.54;25468.3;1.08008e+07;339821
304;0.121555;8447.85;23223.7;1.08038e+07;339915
305;0.121095;7679.94;21174.6;1.08065e+07;340001
306;0.120677;6981.84;19304.2;1.0809e+07;340080
307;0.120298;6347.19;17597.2;1.08113e+07;340151
308;0.119953;5770.23;16039.7;1.08134e+07;340216
309;0.11964;5245.71;14618.6;1.08152e+07;340275
310;0.119355;4768.88;13322.2;1.0817e+07;340329
311;0.119096;4335.39;12139.7;1.08185e+07;340379
312;0.11886;3941.3;11061.2;1.082e+07;340424
313;0.118646;3583.04;10077.8;1.08213e+07;340465
314;0.118452;3257.34;9181.03;1.08224e+07;340502
315;0.118274;2961.25;8363.46;1.08235e+07;340536
316;0.118113;2692.07;7618.15;1.08245e+07;340567
317;0.117967;2447.36;6938.78;1.08254e+07;340595
318;0.117833;2224.9;6319.57;1.08262e+07;340621
319;0.117712;2022.65;5755.25;1.0827e+07;340644
320;0.117602;1838.79;5241;1.08276e+07;340665
321;0.117501;1671.65;4772.41;1.08283e+07;340685
322;0.11741;1519.7;4345.47;1.08288e+07;340702
323;0.117327;1381.56;3956.5;1.08293e+07;340718
324;0.117251;1255.97;3602.16;1.08298e+07;340733
325;0.117183;1141.8;3279.39;1.08302e+07;340746
326;0.11712;1038.01;2985.39;1.08306e+07;340759
327;0.117063;943.659;2717.62;1.08309e+07;340770
328;0.117011;857.88;2473.75;1.08313e+07;340780
329;0.116964;779.899;2251.66;1.08316e+07;340789
330;0.116921;709.006;2049.43;1.08318e+07;340797
331;0.116882;644.558;1865.28;1.08321e+07;340805
332;0.116847;585.967;1697.61;1.08323e+07;340812
333;0.116814;532.703;1544.96;1.08325e+07;340818
334;0.116785;484.28;1405.98;1.08327e+07;340824
335;0.116758;440.259;1279.45;1.08328e+07;340829
336;0.116734;400.24;1164.28;1.0833e+07;340834
337;0.116712;363.858;1059.43;1.08331e+07;340838
338;0.116692;330.783;963.996;1.08332e+07;340842
339;0.116673;300.715;877.132;1.08334e+07;340845
340;0.116657;273.38;798.071;1.08335e+07;340849
341;0.116641;248.53;726.115;1.08336e+07;340852
342;0.116628;225.939;660.629;1.08336e+07;340854
343;0.116615;205.401;601.032;1.08337e+07;340857
344;0.116604;186.73;546.798;1.08338e+07;340859
345;0.116593;169.756;497.445;1.08339e+07;340861
346;0.116584;154.325;452.536;1.08339e+07;340863
347;0.116575;140.297;411.671;1.0834e+07;340864
348;0.116567;127.544;374.489;1.0834e+07;340866
349;0.11656;115.95;340.657;1.08341e+07;340867
350;0.116554;105.41;309.875;1.08341e+07;340869
351;0.116548;95.8287;281.869;1.08341e+07;340870
352;0.116543;87.1178;256.389;1.08342e+07;340871
353;0.116538;79.1988;233.208;1.08342e+07;340872
354;0.116533;71.9997;212.119;1.08342e+07;340873
355;0.116529;65.4549;192.934;1.08342e+07;340873
356;0.116526;59.5051;175.481;1.08343e+07;340874
357;0.116522;54.096;159.604;1.08343e+07;340875
358;0.116519;49.1787;145.161;1.08343e+07;340875
359;0.116517;44.7084;132.024;1.08343e+07;340876
360;0.116514;40.6444;120.073;1.08343e+07;340876
361;0.116512;36.9498;109.203;1.08344e+07;340877
362;0.11651;33.5911;99.3153;1.08344e+07;340877
363;0.116508;30.5377;90.3218;1.08344e+07;340878
364;0.116506;27.7618;82.1416;1.08344e+07;340878
365;0.116504;25.2382;74.7014;1.08344e+07;340878
366;0.116503;22.9441;67.9343;1.08344e+07;340879
367;0.116502;20.8585;61.7795;1.08344e+07;340879
368;0.116501;18.9624;56.1817;1.08344e+07;340879
369;0.1165;17.2387;51.0905;1.08344e+07;340879
370;0.116499;15.6717;46.4602;1.08344e+07;340879
371;0.116498;14.2472;42.2492;1.08344e+07;340880
372;0.116497;12.9521;38.4194;1.08344e+07;340880
373;0.116496;11.7748;34.9365;1.08345e+07;340880
374;0.116496;10.7044;31.769;1.08345e+07;340880
375;0.116495;9.73141;28.8885;1.08345e+07;340880
376;0.116494;8.84683;26.2689;1.08345e+07;340880
377;0.116494;8.04265;23.8866;1.08345e+07;340880
378;0.116493;7.31157;21.7203;1.08345e+07;340880
379;0.116493;6.64695;19.7502;1.08345e+07;340880
380;0.116493;6.04274;17.9587;1.08345e+07;340881
381;0.116492;5.49346;16.3296;1.08345e+07;340881
382;0.116492;4.9941;14.8482;1.08345e+07;340881
383;0.116492;4.54014;13.5011;1.08345e+07;340881
384;0.116491;4.12744;12.2761;1.08345e+07;340881
385;0.116491;3.75226;11.1622;1.08345e+07;340881
386;0.116491;3.41118;10.1493;1.08345e+07;340881
387;0.116491;3.1011;9.22826;1.08345e+07;340881
388;0.116491;2.81921;8.39076;1.08345e+07;340881
389;0.11649;2.56295;7.62923;1.08345e+07;340881
390;0.11649;2.32997;6.93677;1.08345e+07;340881
391;0.11649;2.11818;6.30714;1.08345e+07;340881
392;0.11649;1.92564;5.73463;1.08345e+07;340881
393;0.11649;1.7506;5.21406;1.08345e+07;340881
394;0.11649;1.59147;4.74072;1.08345e+07;340881
395;0.11649;1.4468;4.31034;1.08345e+07;340881
396;0.11649;1.31529;3.91901;1.08345e+07;340881
397;0.11649;1.19573;3.56319;1.08345e+07;340881
398;0.11649;1.08704;3.23967;1.08345e+07;340881
399;0.116489;0.988226;2.94551;1.08345e+07;340881
400;0.116489;0.898396;2.67805;1.08345e+07;340881
401;0.116489;0.816732;2.43486;1.08345e+07;340881
402;0.116489;0.742491;2.21376;1.08345e+07;340881
403;0.116489;0.674999;2.01272;1.08345e+07;340881
404;0.116489;0.613641;1.82993;1.08345e+07;340881
405;0.116489;0.557861;1.66374;1.08345e+07;340881
406;0.116489;0.507152;1.51264;1.08345e+07;340881
407;0.116489;0.461052;1.37526;1.08345e+07;340881
408;0.116489;0.419142;1.25035;1.08345e+07;340881
409;0.116489;0.381042;1.13678;1.08345e+07;340881
410;0.116489;0.346406;1.03353;1.08345e+07;340881
411;0.116489;0.314917;0.939648;1.08345e+07;340881
412;0.116489;0.286291;0.854295;1.08345e+07;340881
413;0.116489;0.260267;0.776693;1.08345e+07;340881
414;0.116489;0.236609;0.706138;1.08345e+07;340881
415;0.116489;0.215101;0.641991;1.08345e+07;340881
416;0.116489;0.195549;0.58367;1.08345e+07;340881
417;0.116489;0.177773;0.530647;1.08345e+07;340881
418;0.116489;0.161614;0.482439;1.08345e+07;340881
