147;1.62498e+07;1.7647;0.8787;0.1176;0.0037
148;1.62498e+07;3.15493;0.932525;0.220935;0.00695119
149;1.62498e+07;4.51377;1.10619;0.3306;0.0104015
150;1.62498e+07;6.05557;1.38231;0.460688;0.0144944
151;1.62498e+07;7.94449;1.76509;0.623248;0.019609
152;1.62498e+07;10.3372;2.27314;0.830823;0.0261398
153;1.62498e+07;13.4089;2.93706;1.09814;0.0345505
154;1.62498e+07;17.3731;3.79966;1.44354;0.0454176
155;1.62498e+07;22.4991;4.91798;1.89038;0.0594763
156;1.62498e+07;29.1327;6.3666;2.46874;0.0776728
157;1.62497e+07;37.7197;8.24249;3.21745;0.101229
158;1.62497e+07;48.8364;10.6714;4.18677;0.131726
159;1.62497e+07;63.2289;13.8162;5.44172;0.171211
160;1.62497e+07;81.8627;17.8878;7.06651;0.222331
161;1.62497e+07;105.988;23.1593;9.17011;0.288515
162;1.62496e+07;137.222;29.9844;11.8936;0.374205
163;1.62496e+07;177.662;38.8208;15.4198;0.485147
164;1.62495e+07;230.018;50.2613;19.9851;0.628784
165;1.62494e+07;297.804;65.0733;25.8959;0.814751
166;1.62493e+07;385.566;84.2503;33.5485;1.05552
167;1.62491e+07;499.19;109.079;43.4563;1.36725
168;1.6249e+07;646.297;141.224;56.284;1.77084
169;1.62487e+07;836.753;182.842;72.8919;2.29337
170;1.62484e+07;1083.33;236.724;94.3941;2.96988
171;1.6248e+07;1402.57;306.484;122.233;3.84576
172;1.62474e+07;1815.86;396.801;158.275;4.97975
173;1.62467e+07;2350.93;513.731;204.939;6.44791
174;1.62458e+07;3043.64;665.115;265.354;8.34872
175;1.62446e+07;3940.42;861.104;343.571;10.8096
176;1.62431e+07;5101.34;1114.84;444.837;13.9957
177;1.62412e+07;6604.18;1443.32;575.942;18.1206
178;1.62386e+07;8549.53;1868.56;745.676;23.4609
179;1.62353e+07;11067.6;2419.06;965.419;30.3746
180;1.62311e+07;14326.6;3131.67;1249.9;39.3251
181;1.62255e+07;18544.4;4054.09;1618.19;50.9123
182;1.62184e+07;24002.3;5248.02;2094.95;65.9124
183;1.62091e+07;31063.8;6793.24;2712.11;85.3301
184;1.61972e+07;40198.2;8792.93;3511;110.465
185;1.61817e+07;52010.9;11380.4;4545.05;142.999
186;1.61617e+07;67282.1;14727.7;5883.38;185.106
187;1.61359e+07;87015.6;19057.2;7615.36;239.599
188;1.61025e+07;112501;24655.3;9856.48;310.11
189;1.60594e+07;145390;31890.9;12755.9;401.335
190;1.60037e+07;187794;41238.5;16506.3;519.331
191;1.59321e+07;242397;53306.7;21356;671.914
192;1.58398e+07;312598;68874.5;27624.8;869.148
193;1.57213e+07;402665;88935.2;35724.5;1123.98
194;1.55695e+07;517914;114750;46183.2;1453.04
195;1.53755e+07;664873;147909;59677.8;1877.62
196;1.51285e+07;851435;190404;77071.9;2424.88
197;1.48156e+07;1.08691e+06;244704;99463.4;3129.38
198;1.44218e+07;1.3819e+06;313821;128241;4034.78
199;1.39302e+07;1.74791e+06;401369;165146;5195.92
200;1.33228e+07;2.1964e+06;511568;212347;6680.99
201;1.25823e+07;2.73721e+06;649168;272507;8573.79
202;1.16948e+07;3.3759e+06;819236;348849;10975.7
203;1.06537e+07;4.11019e+06;1.02673e+06;445192;14006.9
204;9.46475e+06;4.9255e+06;1.27581e+06;565935;17805.8
205;8.15197e+06;5.79055e+06;1.56878e+06;715970;22526.3
206;6.76122e+06;6.65494e+06;1.90485e+06;900458;28330.7
207;5.36013e+06;7.4511e+06;2.27872e+06;1.12447e+06;35378.7
208;4.03079e+06;8.10313e+06;2.67962e+06;1.39245e+06;43810
209;2.85466e+06;8.54269e+06;3.09116e+06;1.70757e+06;53724.5
210;1.89319e+06;8.72763e+06;3.49273e+06;2.07109e+06;65161.8
211;1.1722e+06;8.65527e+06;3.8624e+06;2.48183e+06;78084.9
212;678148;8.36256e+06;4.18066e+06;2.93605e+06;92375.8
213;368501;7.91205e+06;4.4337e+06;3.4277e+06;107844
214;189885;7.37146e+06;4.6151e+06;3.9491e+06;124249
215;93983.3;6.7973e+06;4.72535e+06;4.49184e+06;141325
216;45331.3;6.22808e+06;4.77004e+06;5.04754e+06;158809
217;21617.1;5.68566e+06;4.75757e+06;5.6085e+06;176458
218;10325.7;5.18012e+06;4.6973e+06;6.16799e+06;194061
219;4994.73;4.71458e+06;4.59839e+06;6.72039e+06;211441
220;2467.59;4.28855e+06;4.46916e+06;7.26116e+06;228455
221;1252.89;3.89994e+06;4.31688e+06;7.78673e+06;244991
222;656.537;3.54603e+06;4.14775e+06;8.2944e+06;260963
223;355.981;3.224e+06;3.96696e+06;8.78217e+06;276310
224;199.97;2.93109e+06;3.77883e+06;9.24869e+06;290988
225;116.411;2.66474e+06;3.58689e+06;9.69308e+06;304969
226;70.1983;2.42256e+06;3.39403e+06;1.01149e+07;318241
227;43.8074;2.20238e+06;3.20254e+06;1.0514e+07;330799
228;28.255;2.0022e+06;3.01427e+06;1.08907e+07;342648
229;18.8067;1.82021e+06;2.83064e+06;1.12451e+07;353801
230;12.8968;1.65475e+06;2.65274e+06;1.1578e+07;364274
231;9.09626;1.50434e+06;2.48138e+06;1.189e+07;374089
232;6.5873;1.3676e+06;2.31713e+06;1.21818e+07;383271
233;4.88966;1.24329e+06;2.16038e+06;1.24543e+07;391844
234;3.71413;1.13027e+06;2.01134e+06;1.27083e+07;399837
235;2.8824;1.02753e+06;1.87011e+06;1.29449e+07;407279
236;2.28196;934130;1.73667e+06;1.31648e+07;414199
237;1.84033;849218;1.61092e+06;1.3369e+07;420624
238;1.50982;772024;1.49271e+06;1.35585e+07;426585
239;1.25848;701847;1.38182e+06;1.3734e+07;432108
240;1.06447;638050;1.278e+06;1.38965e+07;437221
241;0.912645;580051;1.18098e+06;1.40468e+07;441949
242;0.792324;527325;1.09045e+06;1.41857e+07;446319
243;0.695846;479391;1.00612e+06;1.43139e+07;450353
244;0.617649;435814;927651;1.44323e+07;454076
245;0.553638;396199;854742;1.45413e+07;457508
246;0.500759;360184;787077;1.46419e+07;460671
247;0.456707;327444;724345;1.47344e+07;463583
248;0.419727;297679;666247;1.48196e+07;466263
249;0.388461;270620;612490;1.4898e+07;468728
250;0.361855;246021;562794;1.497e+07;470995
251;0.339079;223658;516891;1.50362e+07;473077
252;0.319475;203327;474522;1.5097e+07;474989
253;0.302516;184845;435445;1.51528e+07;476745
254;0.287778;168042;399428;1.5204e+07;478356
255;0.274916;152767;366252;1.52509e+07;479834
256;0.263649;138881;335713;1.5294e+07;481189
257;0.253744;126256;307615;1.53335e+07;482431
258;0.245008;114780;281778;1.53697e+07;483570
259;0.23728;104346;258032;1.54028e+07;484612
260;0.230427;94861.2;236218;1.54332e+07;485567
261;0.224334;86238.4;216187;1.54609e+07;486441
262;0.218904;78399.3;197803;1.54864e+07;487241
263;0.214057;71272.8;180936;1.55096e+07;487973
264;0.20972;64794.1;165467;1.55309e+07;488642
265;0.205835;58904.3;151286;1.55504e+07;489254
266;0.202348;53549.9;138289;1.55681e+07;489814
267;0.199215;48682.2;126382;1.55844e+07;490326
268;0.196396;44257;115477;1.55993e+07;490793
269;0.193856;40234.1;105493;1.56129e+07;491221
270;0.191566;36576.8;96353.9;1.56253e+07;491611
271;0.189499;33252;87991;1.56366e+07;491967
272;0.187632;30229.4;80340.3;1.56469e+07;492293
273;0.185944;27481.5;73342.9;1.56564e+07;492590
274;0.184416;24983.4;66944.4;1.5665e+07;492862
275;0.183034;22712.5;61095.1;1.56729e+07;493109
276;0.181781;20647.9;55748.8;1.56801e+07;493335
277;0.180646;18771;50863.4;1.56866e+07;493542
278;0.179617;17064.7;46399.9;1.56926e+07;493730
279;0.178684;15513.5;42322.8;1.56981e+07;493902
280;0.177837;14103.4;38599.2;1.5703e+07;494058
281;0.177068;12821.4;35199.1;1.57076e+07;494201
282;0.17637;11655.9;32094.9;1.57117e+07;494331
283;0.175736;10596.4;29261.3;1.57155e+07;494450
284;0.17516;9633.17;26675.2;1.57189e+07;494558
285;0.174636;8757.51;24315.1;1.57221e+07;494657
286;0.174161;7961.46;22161.7;1.57249e+07;494747
287;0.173728;7237.76;20197.2;1.57275e+07;494829
288;0.173335;6579.85;18405.2;1.57299e+07;494904
289;0.172978;5981.74;16770.8;1.57321e+07;494972
290;0.172653;5438;15280.2;1.5734e+07;495034
291;0.172358;4943.69;13921;1.57358e+07;495090
292;0.172089;4494.31;12681.8;1.57375e+07;495142
293;0.171844;4085.77;11552;1.5739e+07;495189
294;0.171622;3714.38;10522.2;1.57403e+07;495231
295;0.17142;3376.74;9583.46;1.57416e+07;495270
296;0.171236;3069.8;8727.94;1.57427e+07;495306
297;0.171068;2790.75;7948.28;1.57437e+07;495338
298;0.170916;2537.07;7237.83;1.57447e+07;495368
299;0.170778;2306.45;6590.5;1.57455e+07;495394
300;0.170651;2096.8;6000.73;1.57463e+07;495419
301;0.170537;1906.2;5463.44;1.5747e+07;495441
302;0.170432;1732.92;4974;1.57476e+07;495461
303;0.170337;1575.4;4528.18;1.57482e+07;495480
304;0.170251;1432.2;4122.11;1.57487e+07;495496
305;0.170172;1302.01;3752.29;1.57492e+07;495512
306;0.170101;1183.66;3415.49;1.57497e+07;495525
307;0.170036;1076.06;3108.78;1.57501e+07;495538
308;0.169977;978.249;2829.5;1.57504e+07;495550
309;0.169923;889.327;2575.21;1.57508e+07;495560
310;0.169874;808.487;2343.67;1.57511e+07;495570
311;0.169829;734.995;2132.88;1.57514e+07;495578
312;0.169789;668.184;1940.97;1.57516e+07;495586
313;0.169752;607.446;1766.27;1.57518e+07;495593
314;0.169718;552.23;1607.24;1.5752e+07;495600
315;0.169688;502.032;1462.48;1.57522e+07;495606
316;0.16966;456.397;1330.71;1.57524e+07;495611
317;0.169634;414.911;1210.78;1.57526e+07;495616
318;0.169611;377.195;1101.63;1.57527e+07;495621
319;0.16959;342.908;1002.29;1.57528e+07;495625
320;0.169571;311.738;911.883;1.57529e+07;495628
321;0.169554;283.401;829.609;1.57531e+07;495632
322;0.169538;257.64;754.738;1.57532e+07;495635
323;0.169524;234.22;686.608;1.57532e+07;495638
324;0.169511;212.93;624.613;1.57533e+07;495640
325;0.169499;193.575;568.203;1.57534e+07;495643
326;0.169488;175.979;516.876;1.57535e+07;495645
327;0.169479;159.982;470.175;1.57535e+07;495647
328;0.16947;145.44;427.685;1.57536e+07;495648
329;0.169461;132.219;389.028;1.57536e+07;495650
330;0.169454;120.201;353.857;1.57537e+07;495651
331;0.169447;109.274;321.861;1.57537e+07;495653
332;0.169441;99.3413;292.752;1.57538e+07;495654
333;0.169436;90.3112;266.271;1.57538e+07;495655
334;0.169431;82.1019;242.182;1.57538e+07;495656
335;0.169426;74.6389;220.268;1.57538e+07;495657
336;0.169422;67.8542;200.334;1.57539e+07;495658
337;0.169418;61.6863;182.202;1.57539e+07;495658
338;0.169415;56.079;165.708;1.57539e+07;495659
339;0.169411;50.9814;150.705;1.57539e+07;495660
340;0.169409;46.3472;137.059;1.5754e+07;495660
341;0.169406;42.1342;124.647;1.5754e+07;495661
342;0.169404;38.3042;113.357;1.5754e+07;495661
343;0.169402;34.8224;103.089;1.5754e+07;495662
344;0.1694;31.657;93.7493;1.5754e+07;495662
345;0.169398;28.7794;85.2552;1.5754e+07;495662
346;0.169396;26.1634;77.5298;1.5754e+07;495663
347;0.169395;23.7851;70.5036;1.5754e+07;495663
348;0.169393;21.6231;64.1136;1.5754e+07;495663
349;0.169392;19.6575;58.3022;1.57541e+07;495663
350;0.169391;17.8707;53.017;1.57541e+07;495664
351;0.16939;16.2462;48.2105;1.57541e+07;495664
352;0.169389;14.7694;43.8393;1.57541e+07;495664
353;0.169388;13.4269;39.8642;1.57541e+07;495664
354;0.169388;12.2064;36.2491;1.57541e+07;495664
355;0.169387;11.0968;32.9617;1.57541e+07;495664
356;0.169386;10.0881;29.9721;1.57541e+07;495665
357;0.169386;9.17112;27.2535;1.57541e+07;495665
358;0.169385;8.33746;24.7813;1.57541e+07;495665
359;0.169385;7.57959;22.5332;1.57541e+07;495665
360;0.169384;6.8906;20.4889;1.57541e+07;495665
361;0.169384;6.26425;18.63;1.57541e+07;495665
362;0.169383;5.69483;16.9396;1.57541e+07;495665
363;0.169383;5.17717;15.4025;1.57541e+07;495665
364;0.169383;4.70656;14.0048;1.57541e+07;495665
365;0.169383;4.27874;12.7338;1.57541e+07;495665
366;0.169382;3.8898;11.5781;1.57541e+07;495665
367;0.169382;3.53622;10.5273;1.57541e+07;495665
368;0.169382;3.21478;9.57177;1.57541e+07;495665
369;0.169382;2.92255;8.70294;1.57541e+07;495665
370;0.169382;2.65689;7.91293;1.57541e+07;495665
371;0.169381;2.41538;7.1946;1.57541e+07;495665
372;0.169381;2.19582;6.54146;1.57541e+07;495665
373;0.169381;1.99622;5.94758;1.57541e+07;495666
374;0.169381;1.81477;5.40759;1.57541e+07;495666
375;0.169381;1.6498;4.91661;1.57541e+07;495666
376;0.169381;1.49984;4.4702;1.57541e+07;495666
377;0.169381;1.3635;4.0643;1.57541e+07;495666
378;0.169381;1.23956;3.69524;1.57541e+07;495666
379;0.169381;1.12688;3.35968;1.57541e+07;495666
380;0.169381;1.02445;3.05459;1.57541e+07;495666
381;0.169381;0.931328;2.77719;1.57541e+07;495666
382;0.16938;0.84667;2.52497;1.57541e+07;495666
383;0.16938;0.769708;2.29566;1.57541e+07;495666
384;0.16938;0.699742;2.08716;1.57541e+07;495666
385;0.16938;0.636135;1.89759;1.57541e+07;495666
386;0.16938;0.57831;1.72524;1.57541e+07;495666
387;0.16938;0.525742;1.56854;1.57541e+07;495666
388;0.16938;0.477952;1.42606;1.57541e+07;495666
389;0.16938;0.434506;1.29653;1.57541e+07;495666
390;0.16938;0.39501;1.17876;1.57541e+07;495666
391;0.16938;0.359103;1.07168;1.57541e+07;495666
392;0.16938;0.326461;0.974327;1.57541e+07;495666
393;0.16938;0.296786;0.885816;1.57541e+07;495666
394;0.16938;0.269808;0.805345;1.57541e+07;495666
395;0.16938;0.245282;0.732182;1.57541e+07;495666
396;0.16938;0.222986;0.665664;1.57541e+07;495666
397;0.16938;0.202717;0.605189;1.57541e+07;495666
398;0.16938;0.18429;0.550206;1.57541e+07;495666
399;0.16938;0.167538;0.500218;1.57541e+07;495666
400;0.16938;0.152309;0.454771;1.57541e+07;495666
