206;2.52162e+07;1.7647;0.8787;0.1176;0.0037
207;2.52162e+07;3.15493;0.932525;0.220935;0.00695119
208;2.52162e+07;4.51377;1.10619;0.3306;0.0104015
209;2.52162e+07;6.05557;1.38231;0.460688;0.0144944
210;2.52162e+07;7.94449;1.76509;0.623248;0.019609
211;2.52162e+07;10.3372;2.27314;0.830823;0.0261398
212;2.52162e+07;13.4089;2.93706;1.09814;0.0345505
213;2.52162e+07;17.3731;3.79967;1.44354;0.0454176
214;2.52162e+07;22.4991;4.91798;1.89038;0.0594763
215;2.52162e+07;29.1327;6.3666;2.46874;0.0776729
216;2.52162e+07;37.7197;8.2425;3.21745;0.101229
217;2.52162e+07;48.8365;10.6714;4.18677;0.131727
218;2.52162e+07;63.229;13.8162;5.44172;0.171211
219;2.52161e+07;81.8628;17.8878;7.06651;0.222331
220;2.52161e+07;105.988;23.1593;9.17011;0.288515
221;2.52161e+07;137.223;29.9844;11.8937;0.374205
222;2.5216e+07;177.662;38.8209;15.4198;0.485147
223;2.52159e+07;230.019;50.2614;19.9852;0.628785
224;2.52158e+07;297.806;65.0735;25.8959;0.814752
225;2.52157e+07;385.569;84.2506;33.5485;1.05552
226;2.52156e+07;499.195;109.079;43.4564;1.36725
227;2.52154e+07;646.305;141.225;56.2841;1.77084
228;2.52151e+07;836.767;182.843;72.8921;2.29338
229;2.52148e+07;1083.35;236.726;94.3945;2.9699
230;2.52144e+07;1402.6;306.488;122.234;3.84578
231;2.52139e+07;1815.93;396.808;158.277;4.97979
232;2.52132e+07;2351.04;513.743;204.941;6.44798
233;2.52123e+07;3043.82;665.136;265.357;8.34883
234;2.52111e+07;3940.72;861.139;343.577;10.8098
235;2.52096e+07;5101.85;1114.89;444.847;13.996
236;2.52076e+07;6605.03;1443.42;575.959;18.1212
237;2.5205e+07;8550.95;1868.73;745.704;23.4618
238;2.52018e+07;11070;2419.33;965.467;30.3761
239;2.51975e+07;14330.6;3132.12;1249.98;39.3276
240;2.5192e+07;18551.1;4054.85;1618.32;50.9165
241;2.51848e+07;24013.6;5249.3;2095.17;65.9194
242;2.51756e+07;31082.6;6795.39;2712.49;85.3418
243;2.51636e+07;40229.8;8796.52;3511.62;110.485
244;2.51481e+07;52063.7;11386.4;4546.1;143.032
245;2.51281e+07;67370.5;14737.8;5885.13;185.162
246;2.51021e+07;87163.6;19074.1;7618.3;239.691
247;2.50686e+07;112748;24683.6;9861.42;310.266
248;2.50253e+07;145804;31938.3;12764.2;401.595
249;2.49694e+07;188486;41317.8;16520.1;519.767
250;2.48972e+07;243554;53439.4;21379.1;672.642
251;2.48041e+07;314529;69096.2;27663.6;870.368
252;2.46841e+07;405883;89305.5;35789.3;1126.02
253;2.45299e+07;523267;115368;46291.6;1456.45
254;2.43318e+07;673761;148938;59858.9;1883.31
255;2.40782e+07;866148;192117;77374;2434.39
256;2.37544e+07;1.11117e+06;247546;99967;3145.22
257;2.33428e+07;1.42174e+06;318525;129078;4061.14
258;2.28224e+07;1.81293e+06;409124;166537;5239.68
259;2.21688e+07;2.30171e+06;524292;214650;6753.44
260;2.13552e+07;2.90611e+06;669921;276307;8693.32
261;2.03537e+07;3.64348e+06;852824;355089;11172
262;1.91384e+07;4.52759e+06;1.08057e+06;455381;14327.5
263;1.76903e+07;5.56412e+06;1.36105e+06;582456;18325.6
264;1.60041e+07;6.74457e+06;1.70174e+06;742516;23361.5
265;1.40963e+07;8.03921e+06;2.1084e+06;942640;29657.9
266;1.2014e+07;9.39082e+06;2.58341e+06;1.19059e+06;37459
267;9.83867e+06;1.07125e+07;3.12367e+06;1.4944e+06;47017.6
268;7.6839e+06;1.18935e+07;3.71853e+06;1.86174e+06;58575.2
269;5.67964e+06;1.28166e+07;4.34859e+06;2.29904e+06;72333.8
270;3.9462e+06;1.3385e+07;4.98614e+06;2.81043e+06;88423.5
271;2.56436e+06;1.35502e+07;5.59802e+06;3.39681e+06;106872
272;1.55546e+06;1.33274e+07;6.15069e+06;4.05513e+06;127585
273;882519;1.27888e+07;6.61607e+06;4.77845e+06;150343
274;471453;1.20374e+07;6.97605e+06;5.5565e+06;174822
275;239682;1.1175e+07;7.22405e+06;6.37689e+06;200633
276;117537;1.02813e+07;7.36358e+06;7.22644e+06;227362
277;56416.4;9.40787e+06;7.40495e+06;8.09239e+06;254608
278;26882.2;8.58223e+06;7.36191e+06;8.96322e+06;282006
279;12875.7;7.81611e+06;7.24903e+06;9.82898e+06;309245
280;6262.68;7.11224e+06;7.08021e+06;1.06815e+07;336066
281;3117.66;6.46888e+06;6.86788e+06;1.15141e+07;362263
282;1597.37;5.88238e+06;6.62283e+06;1.23218e+07;387674
283;845.457;5.34842e+06;6.35419e+06;1.31006e+07;412179
284;463.25;4.86263e+06;6.0696e+06;1.38479e+07;435689
285;263.017;4.42082e+06;5.77537e+06;1.45616e+07;458147
286;154.745;4.01908e+06;5.47667e+06;1.52408e+07;479516
287;94.286;3.6538e+06;5.17768e+06;1.58849e+07;499779
288;59.4308;3.32171e+06;4.88176e+06;1.64938e+07;518937
289;38.7004;3.01978e+06;4.59155e+06;1.70679e+07;536999
290;25.9943;2.7453e+06;4.30909e+06;1.76078e+07;553988
291;17.9793;2.49576e+06;4.03594e+06;1.81146e+07;569932
292;12.7837;2.2689e+06;3.77325e+06;1.85892e+07;584865
293;9.32786;2.06266e+06;3.5218e+06;1.90329e+07;598826
294;6.97295;1.87517e+06;3.2821e+06;1.94471e+07;611856
295;5.33151;1.70472e+06;3.05443e+06;1.98331e+07;624000
296;4.16294;1.54976e+06;2.83889e+06;2.01923e+07;635301
297;3.3145;1.40889e+06;2.6354e+06;2.05261e+07;645805
298;2.68713;1.28082e+06;2.4438e+06;2.08361e+07;655556
299;2.21531;1.16439e+06;2.26379e+06;2.11235e+07;664598
300;1.85484;1.05855e+06;2.09504e+06;2.13897e+07;672974
301;1.57544;962328;1.93713e+06;2.16361e+07;680726
302;1.35594;874853;1.78963e+06;2.18639e+07;687893
303;1.18135;795329;1.65207e+06;2.20743e+07;694515
304;1.0409;723034;1.52397e+06;2.22686e+07;700628
305;0.926713;657310;1.40484e+06;2.24478e+07;706266
306;0.832979;597561;1.29418e+06;2.2613e+07;711464
307;0.755346;543242;1.19152e+06;2.27652e+07;716253
308;0.690519;493862;1.09637e+06;2.29053e+07;720661
309;0.63598;448970;1.00827e+06;2.30343e+07;724718
310;0.589776;408158;926777;2.31529e+07;728449
311;0.550387;371057;851460;2.32618e+07;731878
312;0.51661;337328;781907;2.3362e+07;735028
313;0.487493;306665;717725;2.34539e+07;737921
314;0.462269;278789;658541;2.35383e+07;740577
315;0.44032;253447;604002;2.36158e+07;743013
316;0.421142;230409;553775;2.36868e+07;745248
317;0.404324;209465;507546;2.37519e+07;747297
318;0.389524;190424;465021;2.38116e+07;749175
319;0.37646;173115;425923;2.38663e+07;750896
320;0.364894;157379;389995;2.39164e+07;752472
321;0.354629;143073;356994;2.39623e+07;753915
322;0.345496;130068;326696;2.40042e+07;755235
323;0.337353;118244;298891;2.40427e+07;756444
324;0.330078;107496;273384;2.40778e+07;757550
325;0.323568;97724.7;249994;2.411e+07;758562
326;0.317731;88841.5;228553;2.41394e+07;759487
327;0.312491;80765.8;208905;2.41662e+07;760332
328;0.307781;73424.2;190907;2.41908e+07;761105
329;0.303541;66749.9;174424;2.42133e+07;761812
330;0.29972;60682.4;159334;2.42338e+07;762457
331;0.296274;55166.4;145523;2.42525e+07;763046
332;0.293162;50151.7;132885;2.42696e+07;763585
333;0.290351;45592.9;121325;2.42852e+07;764077
334;0.287809;41448.5;110753;2.42995e+07;764525
335;0.285508;37680.9;101086;2.43125e+07;764935
336;0.283425;34255.7;92249.6;2.43244e+07;765309
337;0.281538;31141.8;84173.6;2.43353e+07;765651
338;0.279828;28311.1;76794.1;2.43452e+07;765962
339;0.278277;25737.6;70052.5;2.43542e+07;766246
340;0.27687;23398;63894.6;2.43624e+07;766505
341;0.275593;21271.2;58271.1;2.437e+07;766742
342;0.274434;19337.6;53136.4;2.43768e+07;766957
343;0.273381;17579.8;48448.7;2.43831e+07;767154
344;0.272425;15981.8;44169.9;2.43888e+07;767333
345;0.271557;14529.1;40264.8;2.43939e+07;767497
346;0.270768;13208.4;36701.4;2.43987e+07;767646
347;0.27005;12007.7;33450.2;2.4403e+07;767781
348;0.269398;10916.2;30484.2;2.44069e+07;767905
349;0.268806;9923.95;27778.7;2.44105e+07;768018
350;0.268267;9021.86;25311.2;2.44138e+07;768121
351;0.267776;8201.78;23061.1;2.44168e+07;768214
352;0.267331;7456.24;21009.3;2.44195e+07;768300
353;0.266925;6778.46;19138.7;2.44219e+07;768377
354;0.266557;6162.3;17433.3;2.44242e+07;768448
355;0.266221;5602.15;15878.8;2.44262e+07;768513
356;0.265916;5092.91;14461.9;2.44281e+07;768572
357;0.265638;4629.97;13170.6;2.44298e+07;768625
358;0.265386;4209.1;11993.9;2.44314e+07;768674
359;0.265156;3826.5;10921.7;2.44328e+07;768718
360;0.264947;3478.67;9944.69;2.44341e+07;768759
361;0.264757;3162.46;9054.61;2.44352e+07;768795
362;0.264584;2874.99;8243.75;2.44363e+07;768829
363;0.264426;2613.65;7505.12;2.44373e+07;768859
364;0.264283;2376.07;6832.33;2.44381e+07;768887
365;0.264153;2160.09;6219.55;2.44389e+07;768912
366;0.264034;1963.74;5661.47;2.44397e+07;768935
367;0.263926;1785.23;5153.24;2.44403e+07;768956
368;0.263828;1622.96;4690.43;2.44409e+07;768975
369;0.263739;1475.43;4269.01;2.44415e+07;768993
370;0.263658;1341.31;3885.29;2.4442e+07;769009
371;0.263584;1219.39;3535.93;2.44425e+07;769023
372;0.263516;1108.54;3217.87;2.44429e+07;769036
373;0.263455;1007.78;2928.31;2.44433e+07;769048
374;0.263399;916.171;2664.71;2.44436e+07;769059
375;0.263349;832.891;2424.76;2.44439e+07;769069
376;0.263303;757.182;2206.35;2.44442e+07;769078
377;0.263261;688.354;2007.54;2.44445e+07;769086
378;0.263223;625.782;1826.6;2.44447e+07;769093
379;0.263188;568.899;1661.92;2.44449e+07;769100
380;0.263156;517.186;1512.04;2.44451e+07;769106
381;0.263128;470.174;1375.64;2.44453e+07;769112
382;0.263101;427.435;1251.52;2.44454e+07;769117
383;0.263078;388.581;1138.56;2.44456e+07;769121
384;0.263056;353.259;1035.77;2.44457e+07;769126
385;0.263036;321.148;942.247;2.44458e+07;769129
386;0.263018;291.956;857.145;2.4446e+07;769133
387;0.263002;265.417;779.712;2.44461e+07;769136
388;0.262987;241.291;709.259;2.44461e+07;769139
389;0.262974;219.357;645.159;2.44462e+07;769142
390;0.262962;199.418;586.841;2.44463e+07;769144
391;0.262951;181.291;533.784;2.44464e+07;769146
392;0.26294;164.811;485.516;2.44464e+07;769148
393;0.262931;149.83;441.604;2.44465e+07;769150
394;0.262923;136.21;401.657;2.44465e+07;769152
395;0.262915;123.829;365.317;2.44466e+07;769153
396;0.262908;112.573;332.26;2.44466e+07;769154
397;0.262902;102.34;302.19;2.44467e+07;769156
398;0.262896;93.0373;274.837;2.44467e+07;769157
399;0.262891;84.5802;249.957;2.44467e+07;769158
400;0.262886;76.8919;227.325;2.44468e+07;769159
401;0.262882;69.9024;206.74;2.44468e+07;769160
402;0.262878;63.5483;188.017;2.44468e+07;769160
403;0.262874;57.7717;170.987;2.44468e+07;769161
404;0.262871;52.5203;155.498;2.44469e+07;769162
405;0.262868;47.7462;141.41;2.44469e+07;769162
406;0.262866;43.4061;128.597;2.44469e+07;769163
407;0.262863;39.4605;116.944;2.44469e+07;769163
408;0.262861;35.8735;106.345;2.44469e+07;769164
409;0.262859;32.6126;96.7066;2.44469e+07;769164
410;0.262857;29.6481;87.9406;2.4447e+07;769164
411;0.262855;26.9531;79.9684;2.4447e+07;769165
412;0.262854;24.5031;72.7183;2.4447e+07;769165
413;0.262853;22.2758;66.1249;2.4447e+07;769165
414;0.262851;20.2509;60.1288;2.4447e+07;769166
415;0.26285;18.4101;54.676;2.4447e+07;769166
416;0.262849;16.7366;49.7173;2.4447e+07;769166
417;0.262848;15.2153;45.2079;2.4447e+07;769166
418;0.262847;13.8322;41.1073;2.4447e+07;769166
419;0.262847;12.5748;37.3783;2.4447e+07;769166
420;0.262846;11.4318;33.9874;2.4447e+07;769167
421;0.262845;10.3926;30.9038;2.4447e+07;769167
422;0.262845;9.44795;28.0999;2.4447e+07;769167
423;0.262844;8.58913;25.5502;2.4447e+07;769167
424;0.262844;7.80838;23.2317;2.4447e+07;769167
425;0.262843;7.0986;21.1235;2.4447e+07;769167
426;0.262843;6.45334;19.2065;2.4447e+07;769167
427;0.262842;5.86673;17.4633;2.4447e+07;769167
428;0.262842;5.33344;15.8783;2.4447e+07;769167
429;0.262842;4.84863;14.4371;2.44471e+07;769167
430;0.262841;4.40789;13.1266;2.44471e+07;769167
431;0.262841;4.00722;11.935;2.44471e+07;769168
432;0.262841;3.64296;10.8516;2.44471e+07;769168
433;0.262841;3.31181;9.86641;2.44471e+07;769168
434;0.262841;3.01077;8.97066;2.44471e+07;769168
435;0.26284;2.73709;8.1562;2.44471e+07;769168
436;0.26284;2.48829;7.41566;2.44471e+07;769168
437;0.26284;2.26211;6.74232;2.44471e+07;769168
438;0.26284;2.05648;6.1301;2.44471e+07;769168
439;0.26284;1.86955;5.57346;2.44471e+07;769168
440;0.26284;1.6996;5.06734;2.44471e+07;769168
441;0.26284;1.54511;4.60716;2.44471e+07;769168
442;0.26284;1.40466;4.18877;2.44471e+07;769168
443;0.262839;1.27698;3.80835;2.44471e+07;769168
444;0.262839;1.1609;3.46248;2.44471e+07;769168
445;0.262839;1.05537;3.148;2.44471e+07;769168
446;0.262839;0.95944;2.86208;2.44471e+07;769168
447;0.262839;0.872227;2.60213;2.44471e+07;769168
448;0.262839;0.792942;2.36577;2.44471e+07;769168
449;0.262839;0.720863;2.15088;2.44471e+07;769168
450;0.262839;0.655337;1.95551;2.44471e+07;769168
451;0.262839;0.595767;1.77788;2.44471e+07;769168
452;0.262839;0.541612;1.61637;2.44471e+07;769168
453;0.262839;0.492379;1.46954;2.44471e+07;769168
454;0.262839;0.447622;1.33604;2.44471e+07;769168
455;0.262839;0.406933;1.21467;2.44471e+07;769168
456;0.262839;0.369943;1.10432;2.44471e+07;769168
457;0.262839;0.336315;1.00399;2.44471e+07;769168
458;0.262839;0.305744;0.912781;2.44471e+07;769168
459;0.262839;0.277952;0.829852;2.44471e+07;769168
460;0.262839;0.252686;0.754457;2.44471e+07;769168
461;0.262839;0.229717;0.685911;2.44471e+07;769168
462;0.262839;0.208836;0.623591;2.44471e+07;769168
463;0.262839;0.189853;0.566933;2.44471e+07;769168
464;0.262839;0.172595;0.515421;2.44471e+07;769168
465;0.262839;0.156906;0.46859;2.44471e+07;769168
