257;3.70578e+07;1.7647;0.8787;0.1176;0.0037
258;3.70578e+07;3.15493;0.932525;0.220935;0.00695119
259;3.70578e+07;4.51377;1.10619;0.3306;0.0104015
260;3.70578e+07;6.05557;1.38231;0.460688;0.0144944
261;3.70578e+07;7.94449;1.76509;0.623248;0.019609
262;3.70578e+07;10.3372;2.27314;0.830823;0.0261398
263;3.70577e+07;13.4089;2.93706;1.09814;0.0345505
264;3.70577e+07;17.3731;3.79967;1.44354;0.0454176
265;3.70577e+07;22.4991;4.91798;1.89038;0.0594763
266;3.70577e+07;29.1327;6.3666;2.46874;0.0776729
267;3.70577e+07;37.7197;8.2425;3.21745;0.101229
268;3.70577e+07;48.8365;10.6714;4.18677;0.131727
269;3.70577e+07;63.229;13.8162;5.44172;0.171211
270;3.70577e+07;81.8629;17.8878;7.06651;0.222331
271;3.70576e+07;105.988;23.1594;9.17012;0.288516
272;3.70576e+07;137.223;29.9844;11.8937;0.374205
273;3.70575e+07;177.663;38.8209;15.4198;0.485148
274;3.70575e+07;230.02;50.2615;19.9852;0.628785
275;3.70574e+07;297.807;65.0736;25.8959;0.814752
276;3.70573e+07;385.57;84.2508;33.5486;1.05552
277;3.70571e+07;499.197;109.08;43.4565;1.36725
278;3.70569e+07;646.31;141.225;56.2842;1.77085
279;3.70567e+07;836.774;182.844;72.8923;2.29338
280;3.70563e+07;1083.37;236.728;94.3948;2.9699
281;3.70559e+07;1402.63;306.491;122.234;3.8458
282;3.70554e+07;1815.97;396.812;158.277;4.97981
283;3.70547e+07;2351.1;513.75;204.942;6.44802
284;3.70538e+07;3043.93;665.148;265.359;8.34889
285;3.70526e+07;3940.9;861.158;343.581;10.8099
286;3.70511e+07;5102.14;1114.93;444.853;13.9962
287;3.70491e+07;6605.52;1443.47;575.969;18.1215
288;3.70466e+07;8551.78;1868.82;745.721;23.4623
289;3.70433e+07;11071.3;2419.49;965.494;30.3769
290;3.7039e+07;14333;3132.39;1250.03;39.329
291;3.70335e+07;18555;4055.3;1618.39;50.9189
292;3.70263e+07;24020.1;5250.04;2095.3;65.9235
293;3.70171e+07;31093.5;6796.63;2712.7;85.3486
294;3.70051e+07;40248;8798.61;3511.99;110.496
295;3.69896e+07;52094.3;11389.9;4546.7;143.051
296;3.69695e+07;67421.8;14743.7;5886.15;185.194
297;3.69436e+07;87249.5;19083.9;7620.01;239.745
298;3.691e+07;112892;24700;9864.27;310.356
299;3.68666e+07;146045;31965.8;12769;401.746
300;3.68105e+07;188889;41363.8;16528.2;520.019
301;3.6738e+07;244228;53516.4;21392.6;673.065
302;3.66443e+07;315655;69225.2;27686.1;871.076
303;3.65235e+07;407763;89521.2;35827;1127.21
304;3.63678e+07;526403;115728;46354.7;1458.44
305;3.61674e+07;678983;149540;59964.3;1886.63
306;3.59098e+07;874830;193120;77550.2;2439.93
307;3.55796e+07;1.12557e+06;249217;100261;3154.47
308;3.51573e+07;1.44554e+06;321301;129569;4076.58
309;3.46193e+07;1.85212e+06;413727;167354;5265.39
310;3.39371e+07;2.36593e+06;531901;216008;6796.18
311;3.30774e+07;3.01062e+06;682444;278560;8764.22
312;3.20022e+07;3.81216e+06;873329;358815;11289.3
313;3.06709e+07;4.79695e+06;1.11392e+06;461519;14520.6
314;2.90433e+07;5.98849e+06;1.41484e+06;592516;18642.1
315;2.70855e+07;7.40192e+06;1.78758e+06;758901;23877
316;2.47784e+07;9.03622e+06;2.24358e+06;969121;30491
317;2.21289e+07;1.08643e+07;2.79282e+06;1.23297e+06;38792.3
318;1.91828e+07;1.28229e+07;3.44162e+06;1.5614e+06;49125.7
319;1.60347e+07;1.48053e+07;4.18975e+06;1.96614e+06;61859.7
320;1.28302e+07;1.66641e+07;5.02734e+06;2.45885e+06;77361.8
321;9.75216e+06;1.82273e+07;5.93228e+06;3.05007e+06;95962.9
322;6.99005e+06;1.93325e+07;6.86956e+06;3.7477e+06;117912
323;4.6961e+06;1.98692e+07;7.79361e+06;4.55556e+06;143330
324;2.94645e+06;1.98127e+07;8.65435e+06;5.47209e+06;172166
325;1.72649e+06;1.92317e+07;9.40555e+06;6.48984e+06;204187
326;948918;1.82611e+07;1.00128e+07;7.59594e+06;238988
327;493525;1.70566e+07;1.04582e+07;8.77344e+06;276035
328;245894;1.57538e+07;1.07401e+07;1.00033e+07;314731
329;119056;1.44486e+07;1.08693e+07;1.12664e+07;354469
330;56837.5;1.31974e+07;1.08642e+07;1.25446e+07;394685
331;27115.7;1.20275e+07;1.07461e+07;1.38222e+07;434883
332;13075;1.09482e+07;1.05359e+07;1.5086e+07;474643
333;6429.91;9.95969e+06;1.0253e+07;1.6325e+07;513626
334;3246.37;9.05753e+06;9.91469e+06;1.75307e+07;551562
335;1690.47;8.23576e+06;9.53537e+06;1.86967e+07;588247
336;910.487;7.48791e+06;9.12736e+06;1.98181e+07;623527
337;507.974;6.80766e+06;8.70086e+06;2.08914e+07;657299
338;293.701;6.18906e+06;8.26426e+06;2.19147e+07;689492
339;175.925;5.62659e+06;7.82439e+06;2.28865e+07;720070
340;109.076;5.1152e+06;7.38675e+06;2.38067e+07;749020
341;69.9164;4.65027e+06;6.95571e+06;2.46754e+07;776351
342;46.2623;4.22758e+06;6.53469e+06;2.54934e+07;802087
343;31.5477;3.84331e+06;6.12632e+06;2.62618e+07;826265
344;22.1342;3.49396e+06;5.73256e+06;2.69823e+07;848933
345;15.9502;3.17637e+06;5.3548e+06;2.76564e+07;870143
346;11.7852;2.88764e+06;4.99399e+06;2.82862e+07;889956
347;8.91352;2.62516e+06;4.65071e+06;2.88735e+07;908434
348;6.88985;2.38653e+06;4.3252e+06;2.94204e+07;925641
349;5.43442;2.1696e+06;4.01749e+06;2.9929e+07;941645
350;4.36763;1.97238e+06;3.72739e+06;3.04015e+07;956509
351;3.57184;1.79309e+06;3.45454e+06;3.08398e+07;970301
352;2.96845;1.6301e+06;3.1985e+06;3.12461e+07;983082
353;2.504;1.48193e+06;2.9587e+06;3.16222e+07;994917
354;2.14147;1.34722e+06;2.73452e+06;3.19702e+07;1.00586e+06
355;1.85483;1.22476e+06;2.52528e+06;3.22917e+07;1.01598e+06
356;1.62549;1.11343e+06;2.33029e+06;3.25887e+07;1.02533e+06
357;1.43998;1.01222e+06;2.14884e+06;3.28628e+07;1.03395e+06
358;1.2884;920206;1.9802e+06;3.31155e+07;1.0419e+06
359;1.16339;836560;1.82365e+06;3.33483e+07;1.04922e+06
360;1.05942;760517;1.67848e+06;3.35628e+07;1.05597e+06
361;0.972253;691386;1.54401e+06;3.37602e+07;1.06218e+06
362;0.898657;628539;1.41957e+06;3.39418e+07;1.0679e+06
363;0.836105;571405;1.30451e+06;3.41087e+07;1.07315e+06
364;0.782617;519464;1.19821e+06;3.42621e+07;1.07797e+06
365;0.736623;472245;1.10009e+06;3.4403e+07;1.08241e+06
366;0.696873;429318;1.00958e+06;3.45324e+07;1.08648e+06
367;0.662358;390293;926140;3.46511e+07;1.09021e+06
368;0.632261;354815;849276;3.476e+07;1.09364e+06
369;0.605913;322563;778512;3.48599e+07;1.09678e+06
370;0.582765;293242;713399;3.49515e+07;1.09966e+06
371;0.562362;266586;653520;3.50354e+07;1.1023e+06
372;0.544324;242353;598480;3.51122e+07;1.10472e+06
373;0.528334;220323;547915;3.51826e+07;1.10694e+06
374;0.514124;200296;501480;3.5247e+07;1.10896e+06
375;0.501468;182089;458857;3.5306e+07;1.11082e+06
376;0.490172;165537;419750;3.536e+07;1.11252e+06
377;0.480071;150490;383882;3.54093e+07;1.11407e+06
378;0.471023;136810;350996;3.54545e+07;1.11549e+06
379;0.462906;124374;320856;3.54957e+07;1.11679e+06
380;0.455613;113069;293242;3.55335e+07;1.11798e+06
381;0.449053;102791;267950;3.5568e+07;1.11906e+06
382;0.443145;93447.1;244791;3.55995e+07;1.12005e+06
383;0.437818;84952.8;223592;3.56283e+07;1.12096e+06
384;0.433011;77230.6;204193;3.56546e+07;1.12178e+06
385;0.428669;70210.3;186445;3.56786e+07;1.12254e+06
386;0.424744;63828.2;170211;3.57005e+07;1.12323e+06
387;0.421194;58026.2;155366;3.57205e+07;1.12386e+06
388;0.41798;52751.6;141795;3.57388e+07;1.12443e+06
389;0.415069;47956.5;129390;3.57555e+07;1.12496e+06
390;0.412432;43597.3;118055;3.57707e+07;1.12544e+06
391;0.410041;39634.3;107698;3.57846e+07;1.12587e+06
392;0.407872;36031.5;98236.6;3.57972e+07;1.12627e+06
393;0.405904;32756.3;89595.8;3.58088e+07;1.12664e+06
394;0.404118;29778.7;81705.3;3.58193e+07;1.12697e+06
395;0.402496;27071.8;74501.4;3.58289e+07;1.12727e+06
396;0.401023;24611;67925.2;3.58377e+07;1.12755e+06
397;0.399686;22373.9;61923;3.58457e+07;1.1278e+06
398;0.39847;20340.1;56445.5;3.5853e+07;1.12803e+06
399;0.397365;18491.2;51447.6;3.58596e+07;1.12824e+06
400;0.396361;16810.3;46887.8;3.58656e+07;1.12843e+06
401;0.395448;15282.3;42728.4;3.58712e+07;1.1286e+06
402;0.394618;13893.1;38934.6;3.58762e+07;1.12876e+06
403;0.393864;12630.2;35474.7;3.58808e+07;1.1289e+06
404;0.393178;11482.1;32319.7;3.58849e+07;1.12903e+06
405;0.392553;10438.4;29443.1;3.58887e+07;1.12915e+06
406;0.391986;9489.57;26820.5;3.58922e+07;1.12926e+06
407;0.391469;8626.96;24429.8;3.58953e+07;1.12936e+06
408;0.391;7842.77;22250.6;3.58982e+07;1.12945e+06
409;0.390572;7129.87;20264.5;3.59008e+07;1.12953e+06
410;0.390184;6481.76;18454.5;3.59032e+07;1.12961e+06
411;0.38983;5892.57;16805.2;3.59054e+07;1.12968e+06
412;0.389508;5356.94;15302.4;3.59074e+07;1.12974e+06
413;0.389215;4869.99;13933.1;3.59092e+07;1.1298e+06
414;0.388949;4427.31;12685.7;3.59108e+07;1.12985e+06
415;0.388707;4024.87;11549.4;3.59123e+07;1.12989e+06
416;0.388486;3659.01;10514.3;3.59137e+07;1.12994e+06
417;0.388285;3326.4;9571.53;3.59149e+07;1.12998e+06
418;0.388103;3024.03;8712.87;3.5916e+07;1.13001e+06
419;0.387937;2749.15;7930.89;3.5917e+07;1.13004e+06
420;0.387786;2499.25;7218.77;3.5918e+07;1.13007e+06
421;0.387648;2272.07;6570.31;3.59188e+07;1.1301e+06
422;0.387523;2065.54;5979.86;3.59196e+07;1.13012e+06
423;0.387409;1877.78;5442.26;3.59203e+07;1.13015e+06
424;0.387306;1707.09;4952.81;3.59209e+07;1.13017e+06
425;0.387212;1551.92;4507.21;3.59215e+07;1.13018e+06
426;0.387126;1410.85;4101.55;3.59221e+07;1.1302e+06
427;0.387048;1282.6;3732.28;3.59225e+07;1.13022e+06
428;0.386977;1166.01;3396.14;3.5923e+07;1.13023e+06
429;0.386912;1060.02;3090.18;3.59234e+07;1.13024e+06
430;0.386854;963.667;2811.7;3.59237e+07;1.13025e+06
431;0.3868;876.069;2558.24;3.59241e+07;1.13026e+06
432;0.386752;796.435;2327.56;3.59244e+07;1.13027e+06
433;0.386707;724.039;2117.62;3.59246e+07;1.13028e+06
434;0.386667;658.224;1926.57;3.59249e+07;1.13029e+06
435;0.386631;598.391;1752.71;3.59251e+07;1.1303e+06
436;0.386597;543.997;1594.5;3.59253e+07;1.1303e+06
437;0.386567;494.548;1450.53;3.59255e+07;1.13031e+06
438;0.386539;449.594;1319.54;3.59257e+07;1.13031e+06
439;0.386514;408.726;1200.35;3.59258e+07;1.13032e+06
440;0.386492;371.573;1091.9;3.5926e+07;1.13032e+06
441;0.386471;337.797;993.227;3.59261e+07;1.13033e+06
442;0.386452;307.091;903.454;3.59262e+07;1.13033e+06
443;0.386435;279.176;821.78;3.59263e+07;1.13034e+06
444;0.386419;253.799;747.475;3.59264e+07;1.13034e+06
445;0.386405;230.729;679.877;3.59265e+07;1.13034e+06
446;0.386392;209.756;618.381;3.59266e+07;1.13034e+06
447;0.38638;190.689;562.438;3.59267e+07;1.13035e+06
448;0.38637;173.355;511.548;3.59267e+07;1.13035e+06
449;0.38636;157.597;465.255;3.59268e+07;1.13035e+06
450;0.386351;143.272;423.145;3.59268e+07;1.13035e+06
451;0.386343;130.248;384.841;3.59269e+07;1.13035e+06
452;0.386336;118.409;350;3.59269e+07;1.13035e+06
453;0.386329;107.645;318.308;3.5927e+07;1.13036e+06
454;0.386323;97.8604;289.482;3.5927e+07;1.13036e+06
455;0.386318;88.9649;263.264;3.59271e+07;1.13036e+06
456;0.386313;80.878;239.417;3.59271e+07;1.13036e+06
457;0.386308;73.5262;217.727;3.59271e+07;1.13036e+06
458;0.386304;66.8427;198;3.59271e+07;1.13036e+06
459;0.3863;60.7667;180.059;3.59272e+07;1.13036e+06
460;0.386297;55.243;163.741;3.59272e+07;1.13036e+06
461;0.386294;50.2214;148.901;3.59272e+07;1.13036e+06
462;0.386291;45.6563;135.405;3.59272e+07;1.13036e+06
463;0.386288;41.5061;123.13;3.59272e+07;1.13036e+06
464;0.386286;37.7332;111.967;3.59273e+07;1.13036e+06
465;0.386284;34.3033;101.816;3.59273e+07;1.13036e+06
466;0.386282;31.1851;92.5836;3.59273e+07;1.13037e+06
467;0.38628;28.3504;84.188;3.59273e+07;1.13037e+06
468;0.386279;25.7733;76.553;3.59273e+07;1.13037e+06
469;0.386277;23.4305;69.6099;3.59273e+07;1.13037e+06
470;0.386276;21.3007;63.2961;3.59273e+07;1.13037e+06
471;0.386275;19.3645;57.5545;3.59273e+07;1.13037e+06
472;0.386274;17.6042;52.3334;3.59273e+07;1.13037e+06
473;0.386273;16.004;47.5856;3.59273e+07;1.13037e+06
474;0.386272;14.5493;43.2682;3.59273e+07;1.13037e+06
475;0.386271;13.2267;39.3423;3.59273e+07;1.13037e+06
476;0.38627;12.0244;35.7724;3.59274e+07;1.13037e+06
477;0.386269;10.9314;32.5262;3.59274e+07;1.13037e+06
478;0.386269;9.93774;29.5745;3.59274e+07;1.13037e+06
479;0.386268;9.0344;26.8904;3.59274e+07;1.13037e+06
480;0.386268;8.21317;24.4498;3.59274e+07;1.13037e+06
481;0.386267;7.4666;22.2306;3.59274e+07;1.13037e+06
482;0.386267;6.78788;20.2128;3.59274e+07;1.13037e+06
483;0.386266;6.17087;18.378;3.59274e+07;1.13037e+06
484;0.386266;5.60993;16.7097;3.59274e+07;1.13037e+06
485;0.386266;5.09999;15.1927;3.59274e+07;1.13037e+06
486;0.386265;4.6364;13.8134;3.59274e+07;1.13037e+06
487;0.386265;4.21495;12.5593;3.59274e+07;1.13037e+06
488;0.386265;3.83181;11.419;3.59274e+07;1.13037e+06
489;0.386265;3.4835;10.3822;3.59274e+07;1.13037e+06
490;0.386265;3.16685;9.43949;3.59274e+07;1.13037e+06
491;0.386264;2.87899;8.58235;3.59274e+07;1.13037e+06
492;0.386264;2.61729;7.80301;3.59274e+07;1.13037e+06
493;0.386264;2.37938;7.09441;3.59274e+07;1.13037e+06
494;0.386264;2.16309;6.45015;3.59274e+07;1.13037e+06
495;0.386264;1.96647;5.86437;3.59274e+07;1.13037e+06
496;0.386264;1.78771;5.33177;3.59274e+07;1.13037e+06
497;0.386264;1.62521;4.84753;3.59274e+07;1.13037e+06
498;0.386264;1.47748;4.40726;3.59274e+07;1.13037e+06
499;0.386263;1.34318;4.00696;3.59274e+07;1.13037e+06
500;0.386263;1.22108;3.64301;3.59274e+07;1.13037e+06
501;0.386263;1.11009;3.31211;3.59274e+07;1.13037e+06
502;0.386263;1.00918;3.01126;3.59274e+07;1.13037e+06
503;0.386263;0.917444;2.73773;3.59274e+07;1.13037e+06
504;0.386263;0.834049;2.48904;3.59274e+07;1.13037e+06
505;0.386263;0.758234;2.26293;3.59274e+07;1.13037e+06
506;0.386263;0.68931;2.05736;3.59274e+07;1.13037e+06
507;0.386263;0.626652;1.87046;3.59274e+07;1.13037e+06
508;0.386263;0.569689;1.70054;3.59274e+07;1.13037e+06
509;0.386263;0.517905;1.54605;3.59274e+07;1.13037e+06
510;0.386263;0.470827;1.40559;3.59274e+07;1.13037e+06
511;0.386263;0.428029;1.27789;3.59274e+07;1.13037e+06
512;0.386263;0.389121;1.16179;3.59274e+07;1.13037e+06
513;0.386263;0.35375;1.05623;3.59274e+07;1.13037e+06
514;0.386263;0.321594;0.96027;3.59274e+07;1.13037e+06
515;0.386263;0.292361;0.873022;3.59274e+07;1.13037e+06
516;0.386263;0.265786;0.7937;3.59274e+07;1.13037e+06
517;0.386263;0.241626;0.721584;3.59274e+07;1.13037e+06
518;0.386263;0.219662;0.65602;3.59274e+07;1.13037e+06
519;0.386263;0.199695;0.596412;3.59274e+07;1.13037e+06
520;0.386263;0.181543;0.542219;3.59274e+07;1.13037e+06
521;0.386263;0.16504;0.49295;3.59274e+07;1.13037e+06
