68;1.54777e+07;1.7647;0.8787;0.1176;0.0037
69;1.54777e+07;3.15493;0.932525;0.220935;0.00695119
70;1.54777e+07;4.51377;1.10619;0.3306;0.0104015
71;1.54777e+07;6.05557;1.38231;0.460688;0.0144944
72;1.54777e+07;7.94449;1.76509;0.623248;0.019609
73;1.54777e+07;10.3372;2.27314;0.830823;0.0261398
74;1.54777e+07;13.4089;2.93706;1.09814;0.0345505
75;1.54777e+07;17.3731;3.79966;1.44354;0.0454176
76;1.54777e+07;22.4991;4.91798;1.89038;0.0594763
77;1.54777e+07;29.1327;6.3666;2.46874;0.0776728
78;1.54777e+07;37.7196;8.24249;3.21745;0.101229
79;1.54777e+07;48.8364;10.6714;4.18677;0.131726
80;1.54777e+07;63.2289;13.8162;5.44172;0.171211
81;1.54776e+07;81.8627;17.8878;7.06651;0.222331
82;1.54776e+07;105.988;23.1593;9.17011;0.288515
83;1.54776e+07;137.222;29.9844;11.8936;0.374205
84;1.54775e+07;177.662;38.8208;15.4198;0.485147
85;1.54775e+07;230.018;50.2613;19.9851;0.628784
86;1.54774e+07;297.804;65.0732;25.8959;0.814751
87;1.54772e+07;385.565;84.2502;33.5485;1.05552
88;1.54771e+07;499.189;109.079;43.4563;1.36725
89;1.54769e+07;646.296;141.224;56.2839;1.77084
90;1.54767e+07;836.751;182.841;72.8918;2.29337
91;1.54763e+07;1083.33;236.723;94.394;2.96988
92;1.54759e+07;1402.56;306.483;122.233;3.84576
93;1.54754e+07;1815.86;396.8;158.275;4.97974
94;1.54747e+07;2350.92;513.729;204.939;6.4479
95;1.54738e+07;3043.62;665.112;265.353;8.3487
96;1.54726e+07;3940.38;861.099;343.571;10.8096
97;1.54711e+07;5101.27;1114.83;444.836;13.9957
98;1.54691e+07;6604.06;1443.31;575.94;18.1206
99;1.54666e+07;8549.33;1868.54;745.672;23.4608
100;1.54633e+07;11067.2;2419.02;965.413;30.3744
101;1.5459e+07;14326.1;3131.6;1249.89;39.3248
102;1.54535e+07;18543.5;4053.98;1618.17;50.9117
103;1.54463e+07;24000.8;5247.84;2094.91;65.9114
104;1.54371e+07;31061.2;6792.94;2712.06;85.3284
105;1.54251e+07;40193.8;8792.42;3510.91;110.462
106;1.54097e+07;52003.5;11379.5;4544.9;142.994
107;1.53897e+07;67269.7;14726.3;5883.13;185.099
108;1.53638e+07;86994.8;19054.8;7614.94;239.586
109;1.53305e+07;112466;24651.3;9855.79;310.089
110;1.52874e+07;145332;31884.3;12754.8;401.298
111;1.52318e+07;187697;41227.4;16504.4;519.27
112;1.51602e+07;242235;53288.1;21352.7;671.812
113;1.50681e+07;312328;68843.5;27619.4;868.978
114;1.49498e+07;402217;88883.4;35715.4;1123.7
115;1.47983e+07;517169;114663;46168.1;1452.57
116;1.46048e+07;663640;147765;59652.5;1876.82
117;1.43587e+07;849399;190166;77029.7;2423.55
118;1.40474e+07;1.08356e+06;244309;99393.1;3127.16
119;1.3656e+07;1.37643e+06;313169;128124;4031.11
120;1.31683e+07;1.73904e+06;400300;164953;5189.83
121;1.25671e+07;2.18217e+06;509822;212028;6670.94
122;1.18363e+07;2.71461e+06;646340;271983;8557.28
123;1.09635e+07;3.34058e+06;814697;347992;10948.7
124;9.94443e+06;4.05602e+06;1.01953e+06;443801;13963.1
125;8.78743e+06;4.84434e+06;1.26456e+06;563698;17735.4
126;7.51901e+06;5.6724e+06;1.55152e+06;712410;22414.2
127;6.187e+06;6.48879e+06;1.87894e+06;894868;28154.9
128;4.85916e+06;7.2268e+06;2.24085e+06;1.11583e+06;35106.9
129;3.61487e+06;7.81418e+06;2.62595e+06;1.37936e+06;43398.1
130;2.52954e+06;8.1892e+06;3.01773e+06;1.68817e+06;53114.1
131;1.65621e+06;8.31813e+06;3.39608e+06;2.04305e+06;64279.7
132;1.01224e+06;8.20598e+06;3.74025e+06;2.44243e+06;76845.2
133;578423;7.89387e+06;4.03248e+06;2.88229e+06;90684.1
134;310918;7.44383e+06;4.2609e+06;3.35651e+06;105604
135;158834;6.91926e+06;4.42069e+06;3.85759e+06;121370
136;78145;6.37099e+06;4.51342e+06;4.37746e+06;137726
137;37570.7;5.83244e+06;4.54507e+06;4.90824e+06;154426
138;17905.1;5.32194e+06;4.52392e+06;5.44274e+06;171243
139;8566.43;4.84751e+06;4.45893e+06;5.97475e+06;187981
140;4157.84;4.41128e+06;4.3587e+06;6.49912e+06;204479
141;2063.9;4.01239e+06;4.23098e+06;7.01171e+06;220606
142;1053.89;3.64868e+06;4.08249e+06;7.50927e+06;236261
143;555.737;3.31751e+06;3.91895e+06;7.98937e+06;251366
144;303.324;3.0162e+06;3.74514e+06;8.45024e+06;265866
145;171.54;2.74216e+06;3.56503e+06;8.89067e+06;279723
146;100.532;2.49297e+06;3.38185e+06;9.30991e+06;292914
147;61.0207;2.2664e+06;3.19824e+06;9.70762e+06;305427
148;38.3217;2.0604e+06;3.01631e+06;1.00837e+07;317260
149;24.8669;1.87313e+06;2.83772e+06;1.04384e+07;328421
150;16.6469;1.70287e+06;2.66378e+06;1.07722e+07;338920
151;11.4779;1.54808e+06;2.49545e+06;1.10854e+07;348776
152;8.13694;1.40736e+06;2.33347e+06;1.13789e+07;358009
153;5.92084;1.27944e+06;2.17835e+06;1.16533e+07;366643
154;4.41463;1.16314e+06;2.03042e+06;1.19095e+07;374703
155;3.3673;1.05741e+06;1.88986e+06;1.21483e+07;382216
156;2.62337;961292;1.75674e+06;1.23705e+07;389208
157;2.08437;873911;1.63103e+06;1.25771e+07;395708
158;1.68659;794473;1.51262e+06;1.27689e+07;401743
159;1.38796;722256;1.40136e+06;1.29468e+07;407340
160;1.16021;656603;1.29703e+06;1.31116e+07;412525
161;0.983937;596918;1.19938e+06;1.32641e+07;417324
162;0.845658;542658;1.10816e+06;1.34052e+07;421761
163;0.735819;493331;1.02307e+06;1.35355e+07;425861
164;0.647561;448487;943811;1.36558e+07;429647
165;0.575888;407720;870094;1.37668e+07;433139
166;0.517113;370658;801614;1.38691e+07;436358
167;0.46848;336965;738071;1.39634e+07;439324
168;0.427905;306335;679173;1.40502e+07;442055
169;0.393796;278489;624635;1.41301e+07;444568
170;0.364921;253175;574182;1.42035e+07;446879
171;0.340321;230161;527546;1.4271e+07;449004
172;0.31924;209240;484476;1.43331e+07;450956
173;0.301077;190220;444729;1.439e+07;452748
174;0.28535;172929;408075;1.44423e+07;454394
175;0.271673;157209;374294;1.44903e+07;455903
176;0.259727;142919;343183;1.45344e+07;457288
177;0.249255;129928;314546;1.45747e+07;458558
178;0.240043;118117;288202;1.46117e+07;459722
179;0.231914;107381;263980;1.46456e+07;460788
180;0.22472;97619.6;241720;1.46766e+07;461765
181;0.218336;88746;221273;1.47051e+07;462659
182;0.212658;80679;202500;1.47311e+07;463478
183;0.207597;73345.3;185270;1.47549e+07;464227
184;0.203076;66678.2;169464;1.47767e+07;464913
185;0.199031;60617.2;154969;1.47966e+07;465540
186;0.195405;55107.1;141681;1.48148e+07;466113
187;0.19215;50097.8;129505;1.48315e+07;466637
188;0.189225;45544;118350;1.48467e+07;467117
189;0.186592;41404;108134;1.48607e+07;467555
190;0.18422;37640.4;98780.8;1.48734e+07;467955
191;0.182081;34218.9;90220.2;1.4885e+07;468320
192;0.180149;31108.4;82387;1.48956e+07;468654
193;0.178404;28280.6;75221.2;1.49053e+07;468959
194;0.176826;25709.9;68667.6;1.49141e+07;469237
195;0.175399;23372.9;62675.2;1.49222e+07;469491
196;0.174106;21248.3;57197.3;1.49296e+07;469723
197;0.172935;19316.8;52190.8;1.49363e+07;469935
198;0.171874;17560.9;47615.9;1.49424e+07;470128
199;0.170912;15964.6;43436.4;1.4948e+07;470304
200;0.170039;14513.5;39618.7;1.49531e+07;470465
201;0.169246;13194.2;36132.3;1.49578e+07;470611
202;0.168527;11994.8;32948.8;1.49621e+07;470745
203;0.167874;10904.5;30042.4;1.49659e+07;470867
204;0.167281;9913.29;27389.5;1.49695e+07;470978
205;0.166743;9012.17;24968.3;1.49727e+07;471079
206;0.166253;8192.96;22758.8;1.49756e+07;471172
207;0.165808;7448.22;20742.9;1.49783e+07;471256
208;0.165404;6771.18;18903.8;1.49807e+07;471333
209;0.165036;6155.68;17226.3;1.4983e+07;471403
210;0.164702;5596.13;15696.3;1.4985e+07;471466
211;0.164398;5087.44;14301;1.49868e+07;471524
212;0.164121;4624.99;13028.8;1.49885e+07;471577
213;0.16387;4204.58;11868.8;1.499e+07;471626
214;0.163641;3822.39;10811.3;1.49914e+07;471670
215;0.163433;3474.93;9847.35;1.49927e+07;471710
216;0.163244;3159.06;8968.73;1.49939e+07;471746
217;0.163071;2871.9;8167.99;1.49949e+07;471779
218;0.162915;2610.85;7438.26;1.49959e+07;471809
219;0.162772;2373.52;6773.33;1.49968e+07;471837
220;0.162643;2157.77;6167.48;1.49976e+07;471862
221;0.162525;1961.63;5615.5;1.49983e+07;471885
222;0.162417;1783.31;5112.65;1.49989e+07;471906
223;0.16232;1621.21;4654.59;1.49995e+07;471924
224;0.162231;1473.84;4237.36;1.50001e+07;471942
225;0.16215;1339.87;3857.34;1.50006e+07;471957
226;0.162076;1218.08;3511.24;1.5001e+07;471972
227;0.162009;1107.35;3196.05;1.50015e+07;471985
228;0.161949;1006.7;2909.03;1.50018e+07;471996
229;0.161893;915.187;2647.67;1.50022e+07;472007
230;0.161843;831.996;2409.7;1.50025e+07;472017
231;0.161797;756.368;2193.03;1.50028e+07;472026
232;0.161755;687.614;1995.77;1.5003e+07;472034
233;0.161717;625.11;1816.19;1.50033e+07;472041
234;0.161683;568.288;1652.71;1.50035e+07;472048
235;0.161651;516.63;1503.89;1.50037e+07;472054
236;0.161623;469.669;1368.43;1.50038e+07;472060
237;0.161597;426.976;1245.13;1.5004e+07;472065
238;0.161573;388.164;1132.91;1.50042e+07;472069
239;0.161551;352.88;1030.77;1.50043e+07;472074
240;0.161532;320.803;937.816;1.50044e+07;472077
241;0.161514;291.642;853.22;1.50045e+07;472081
242;0.161498;265.132;776.235;1.50046e+07;472084
243;0.161483;241.031;706.178;1.50047e+07;472087
244;0.16147;219.122;642.428;1.50048e+07;472090
245;0.161458;199.203;584.42;1.50049e+07;472092
246;0.161446;181.096;531.637;1.50049e+07;472094
247;0.161436;164.634;483.611;1.5005e+07;472096
248;0.161427;149.669;439.914;1.50051e+07;472098
249;0.161419;136.064;400.158;1.50051e+07;472100
250;0.161411;123.696;363.987;1.50052e+07;472101
251;0.161404;112.452;331.079;1.50052e+07;472102
252;0.161398;102.23;301.141;1.50052e+07;472104
253;0.161392;92.9373;273.905;1.50053e+07;472105
254;0.161387;84.4893;249.129;1.50053e+07;472106
255;0.161382;76.8093;226.589;1.50053e+07;472107
256;0.161378;69.8273;206.086;1.50054e+07;472107
257;0.161374;63.48;187.435;1.50054e+07;472108
258;0.161371;57.7097;170.47;1.50054e+07;472109
259;0.161367;52.4639;155.037;1.50054e+07;472110
260;0.161364;47.6949;141;1.50054e+07;472110
261;0.161362;43.3594;128.233;1.50055e+07;472111
262;0.161359;39.4181;116.619;1.50055e+07;472111
263;0.161357;35.835;106.056;1.50055e+07;472112
264;0.161355;32.5776;96.4492;1.50055e+07;472112
265;0.161353;29.6163;87.7112;1.50055e+07;472112
266;0.161352;26.9242;79.764;1.50055e+07;472113
267;0.16135;24.4768;72.536;1.50055e+07;472113
268;0.161349;22.2518;65.9623;1.50055e+07;472113
269;0.161347;20.2291;59.9838;1.50056e+07;472113
270;0.161346;18.3903;54.5466;1.50056e+07;472114
271;0.161345;16.7186;49.6018;1.50056e+07;472114
272;0.161344;15.1989;45.1048;1.50056e+07;472114
273;0.161343;13.8173;41.0152;1.50056e+07;472114
274;0.161343;12.5613;37.296;1.50056e+07;472114
275;0.161342;11.4195;33.9138;1.50056e+07;472114
276;0.161341;10.3815;30.8381;1.50056e+07;472115
277;0.161341;9.4378;28.0411;1.50056e+07;472115
278;0.16134;8.5799;25.4976;1.50056e+07;472115
279;0.16134;7.79999;23.1847;1.50056e+07;472115
280;0.161339;7.09097;21.0814;1.50056e+07;472115
281;0.161339;6.4464;19.1688;1.50056e+07;472115
282;0.161339;5.86042;17.4296;1.50056e+07;472115
283;0.161338;5.32771;15.8481;1.50056e+07;472115
284;0.161338;4.84342;14.41;1.50056e+07;472115
285;0.161338;4.40316;13.1023;1.50056e+07;472115
286;0.161337;4.00291;11.9133;1.50056e+07;472115
287;0.161337;3.63905;10.8321;1.50056e+07;472115
288;0.161337;3.30826;9.84892;1.50056e+07;472115
289;0.161337;3.00754;8.95497;1.50056e+07;472116
290;0.161337;2.73415;8.14212;1.50056e+07;472116
291;0.161336;2.48562;7.40301;1.50056e+07;472116
292;0.161336;2.25967;6.73097;1.50056e+07;472116
293;0.161336;2.05427;6.11991;1.50056e+07;472116
294;0.161336;1.86754;5.5643;1.50056e+07;472116
295;0.161336;1.69778;5.05911;1.50056e+07;472116
296;0.161336;1.54345;4.59976;1.50056e+07;472116
297;0.161336;1.40315;4.18211;1.50056e+07;472116
298;0.161336;1.2756;3.80237;1.50056e+07;472116
299;0.161336;1.15965;3.45709;1.50056e+07;472116
300;0.161336;1.05424;3.14316;1.50056e+07;472116
301;0.161336;0.958409;2.85773;1.50056e+07;472116
302;0.161335;0.87129;2.5982;1.50056e+07;472116
303;0.161335;0.79209;2.36224;1.50056e+07;472116
304;0.161335;0.720089;2.1477;1.50056e+07;472116
305;0.161335;0.654633;1.95264;1.50056e+07;472116
306;0.161335;0.595127;1.77529;1.50056e+07;472116
307;0.161335;0.54103;1.61405;1.50056e+07;472116
308;0.161335;0.49185;1.46744;1.50056e+07;472116
309;0.161335;0.447141;1.33415;1.50056e+07;472116
310;0.161335;0.406496;1.21296;1.50056e+07;472116
311;0.161335;0.369545;1.10278;1.50056e+07;472116
312;0.161335;0.335954;1.00261;1.50056e+07;472116
313;0.161335;0.305416;0.911528;1.50056e+07;472116
314;0.161335;0.277653;0.828722;1.50056e+07;472116
315;0.161335;0.252415;0.753437;1.50056e+07;472116
316;0.161335;0.22947;0.684989;1.50056e+07;472116
317;0.161335;0.208611;0.622759;1.50056e+07;472116
318;0.161335;0.189649;0.566181;1.50056e+07;472116
319;0.161335;0.17241;0.514742;1.50056e+07;472116
320;0.161335;0.156738;0.467976;1.50056e+07;472116
