81;1.87292e+07;1.7647;0.8787;0.1176;0.0037
82;1.87292e+07;3.15493;0.932525;0.220935;0.00695119
83;1.87292e+07;4.51377;1.10619;0.3306;0.0104015
84;1.87292e+07;6.05557;1.38231;0.460688;0.0144944
85;1.87292e+07;7.94449;1.76509;0.623248;0.019609
86;1.87291e+07;10.3372;2.27314;0.830823;0.0261398
87;1.87291e+07;13.4089;2.93706;1.09814;0.0345505
88;1.87291e+07;17.3731;3.79966;1.44354;0.0454176
89;1.87291e+07;22.4991;4.91798;1.89038;0.0594763
90;1.87291e+07;29.1327;6.3666;2.46874;0.0776728
91;1.87291e+07;37.7197;8.24249;3.21745;0.101229
92;1.87291e+07;48.8364;10.6714;4.18677;0.131726
93;1.87291e+07;63.229;13.8162;5.44172;0.171211
94;1.87291e+07;81.8628;17.8878;7.06651;0.222331
95;1.8729e+07;105.988;23.1593;9.17011;0.288515
96;1.8729e+07;137.223;29.9844;11.8936;0.374205
97;1.87289e+07;177.662;38.8208;15.4198;0.485147
98;1.87289e+07;230.019;50.2613;19.9851;0.628784
99;1.87288e+07;297.805;65.0733;25.8959;0.814751
100;1.87287e+07;385.567;84.2504;33.5485;1.05552
101;1.87285e+07;499.192;109.079;43.4563;1.36725
102;1.87283e+07;646.3;141.224;56.284;1.77084
103;1.87281e+07;836.758;182.842;72.892;2.29337
104;1.87277e+07;1083.34;236.725;94.3942;2.96989
105;1.87273e+07;1402.58;306.486;122.233;3.84577
106;1.87268e+07;1815.89;396.804;158.276;4.97977
107;1.87261e+07;2350.97;513.736;204.94;6.44794
108;1.87252e+07;3043.71;665.123;265.355;8.34876
109;1.8724e+07;3940.53;861.117;343.574;10.8097
110;1.87225e+07;5101.53;1114.86;444.841;13.9958
111;1.87205e+07;6604.49;1443.35;575.948;18.1208
112;1.8718e+07;8550.06;1868.62;745.687;23.4612
113;1.87147e+07;11068.5;2419.16;965.437;30.3751
114;1.87104e+07;14328.1;3131.84;1249.93;39.326
115;1.87049e+07;18546.9;4054.37;1618.23;50.9138
116;1.86977e+07;24006.5;5248.49;2095.03;65.915
117;1.86885e+07;31070.8;6794.04;2712.25;85.3344
118;1.86765e+07;40210;8794.26;3511.23;110.472
119;1.86611e+07;52030.6;11382.6;4545.44;143.011
120;1.8641e+07;67315;14731.5;5884.03;185.127
121;1.86152e+07;87070.6;19063.5;7616.45;239.633
122;1.85817e+07;112593;24665.8;9858.32;310.168
123;1.85385e+07;145544;31908.5;12759;401.432
124;1.84828e+07;188051;41268;16511.5;519.493
125;1.84109e+07;242827;53356;21364.6;672.185
126;1.83184e+07;313315;68956.9;27639.2;869.602
127;1.81994e+07;403859;89072.8;35748.6;1124.74
128;1.80466e+07;519898;114979;46223.5;1454.31
129;1.78511e+07;668163;148291;59745.1;1879.73
130;1.76016e+07;856872;191039;77184.1;2428.41
131;1.72848e+07;1.09585e+06;245756;99650.3;3135.26
132;1.68845e+07;1.39655e+06;315559;128551;4044.55
133;1.63823e+07;1.77173e+06;404228;165661;5212.12
134;1.57582e+07;2.23481e+06;516244;213198;6707.76
135;1.49914e+07;2.79844e+06;656767;273908;8617.86
136;1.40633e+07;3.47219e+06;831480;351144;11047.9
137;1.29609e+07;4.25899e+06;1.04624e+06;448926;14124.4
138;1.16822e+07;5.15048e+06;1.30647e+06;571964;17995.5
139;1.02428e+07;6.12175e+06;1.61618e+06;725606;22829.4
140;8.68112e+06;7.12696e+06;1.9766e+06;915668;28809.3
141;7.06187e+06;8.09837e+06;2.38468e+06;1.14812e+06;36122.7
142;5.47207e+06;8.95202e+06;2.83156e+06;1.42855e+06;44946
143;4.00864e+06;9.60172e+06;3.30183e+06;1.76155e+06;55422.8
144;2.75783e+06;9.97973e+06;3.77412e+06;2.14984e+06;67639.6
145;1.77358e+06;1.00568e+07;4.22347e+06;2.59368e+06;81603.8
146;1.06471e+06;9.85153e+06;4.62533e+06;3.09036e+06;97230.7
147;598277;9.42246e+06;4.95978e+06;3.6343e+06;114344
148;316973;8.84726e+06;5.21466e+06;4.21757e+06;132696
149;160122;8.1999e+06;5.38634e+06;4.83081e+06;151990
150;78193.2;7.53645e+06;5.47835e+06;5.46424e+06;171919
151;37457.5;6.89213e+06;5.49889e+06;6.1085e+06;192189
152;17849;6.28524e+06;5.45837e+06;6.75517e+06;212535
153;8563.91;5.7232e+06;5.36759e+06;7.39707e+06;232731
154;4178.26;5.20734e+06;5.23674e+06;8.0283e+06;252591
155;2088.46;4.73609e+06;5.07487e+06;8.64414e+06;271967
156;1075.12;4.30659e+06;4.8898e+06;9.24095e+06;290744
157;571.971;3.91562e+06;4.68814e+06;9.81599e+06;308836
158;315.081;3.55995e+06;4.4754e+06;1.03673e+07;326182
159;179.862;3.23649e+06;4.25613e+06;1.08936e+07;342741
160;106.389;2.94236e+06;4.03406e+06;1.13941e+07;358489
161;65.162;2.67494e+06;3.81219e+06;1.18685e+07;373415
162;41.2802;2.43181e+06;3.59292e+06;1.23169e+07;387520
163;27.0103;2.21078e+06;3.37815e+06;1.27394e+07;400814
164;18.225;2.00983e+06;3.16934e+06;1.31367e+07;413313
165;12.6598;1.82714e+06;2.96759e+06;1.35094e+07;425040
166;9.03778;1.66106e+06;2.77371e+06;1.38584e+07;436020
167;6.61951;1.51007e+06;2.58825e+06;1.41845e+07;446283
168;4.96581;1.3728e+06;2.41156e+06;1.44889e+07;455859
169;3.80932;1.24802e+06;2.24383e+06;1.47725e+07;464782
170;2.98347;1.13457e+06;2.08509e+06;1.50364e+07;473084
171;2.38214;1.03144e+06;1.9353e+06;1.52816e+07;480799
172;1.93632;937684;1.79431e+06;1.55092e+07;487960
173;1.6002;852449;1.6619e+06;1.57202e+07;494598
174;1.34283;774961;1.5378e+06;1.59156e+07;500747
175;1.14292;704518;1.42171e+06;1.60965e+07;506437
176;0.985565;640477;1.31329e+06;1.62637e+07;511698
177;0.860185;582258;1.21221e+06;1.64181e+07;516557
178;0.759151;529331;1.1181e+06;1.65607e+07;521042
179;0.676886;481215;1.03059e+06;1.66922e+07;525179
180;0.609262;437472;949319;1.68134e+07;528992
181;0.553181;397706;873933;1.6925e+07;532505
182;0.506297;361555;804077;1.70278e+07;535738
183;0.46681;328689;739407;1.71223e+07;538713
184;0.433325;298812;679595;1.72093e+07;541449
185;0.404752;271650;624322;1.72892e+07;543964
186;0.38023;246957;573285;1.73626e+07;546274
187;0.359075;224508;526194;1.74301e+07;548395
188;0.340735;204101;482774;1.74919e+07;550342
189;0.324767;185548;442766;1.75487e+07;552128
190;0.310806;168682;405925;1.76008e+07;553766
191;0.298557;153348;372020;1.76485e+07;555268
192;0.287772;139409;340833;1.76923e+07;556644
193;0.278247;126737;312162;1.77324e+07;557906
194;0.269812;115216;285817;1.77691e+07;559061
195;0.262323;104743;261621;1.78027e+07;560118
196;0.255657;95222.1;239407;1.78334e+07;561086
197;0.249712;86566.4;219023;1.78616e+07;561972
198;0.244399;78697.5;200324;1.78874e+07;562782
199;0.239643;71543.9;183179;1.79109e+07;563523
200;0.235379;65040.6;167462;1.79325e+07;564201
201;0.23155;59128.4;153061;1.79521e+07;564821
202;0.228106;53753.6;139870;1.79701e+07;565387
203;0.225007;48867.4;127790;1.79866e+07;565905
204;0.222213;44425.4;116731;1.80016e+07;566378
205;0.219693;40387.1;106610;1.80153e+07;566809
206;0.217417;36715.9;97349.2;1.80279e+07;567204
207;0.215361;33378.5;88878.2;1.80393e+07;567564
208;0.213501;30344.4;81131.4;1.80498e+07;567893
209;0.211818;27586.1;74048.5;1.80593e+07;568193
210;0.210294;25078.5;67574;1.8068e+07;568467
211;0.208913;22798.9;61656.9;1.8076e+07;568717
212;0.207661;20726.4;56250.3;1.80832e+07;568945
213;0.206526;18842.4;51311.2;1.80898e+07;569153
214;0.205496;17129.6;46799.9;1.80959e+07;569343
215;0.204562;15572.6;42680.2;1.81014e+07;569516
216;0.203713;14157;38918.6;1.81064e+07;569674
217;0.202943;12870.1;35484.6;1.8111e+07;569818
218;0.202243;11700.2;32350.3;1.81152e+07;569950
219;0.201607;10636.7;29489.7;1.8119e+07;570069
220;0.201029;9669.81;26879.5;1.81224e+07;570178
221;0.200504;8790.83;24498;1.81256e+07;570278
222;0.200027;7991.74;22325.5;1.81285e+07;570369
223;0.199593;7265.29;20343.8;1.81311e+07;570451
224;0.199198;6604.88;18536.6;1.81335e+07;570526
225;0.198839;6004.5;16888.5;1.81357e+07;570595
226;0.198513;5458.69;15385.7;1.81377e+07;570657
227;0.198216;4962.49;14015.6;1.81395e+07;570714
228;0.197946;4511.4;12766.6;1.81411e+07;570766
229;0.197701;4101.32;11628.1;1.81426e+07;570813
230;0.197477;3728.51;10590.4;1.8144e+07;570856
231;0.197274;3389.59;9644.72;1.81452e+07;570896
232;0.197089;3081.47;8782.93;1.81464e+07;570931
233;0.196921;2801.37;7997.67;1.81474e+07;570964
234;0.196768;2546.72;7282.19;1.81483e+07;570993
235;0.196629;2315.23;6630.36;1.81492e+07;571020
236;0.196502;2104.77;6036.55;1.815e+07;571045
237;0.196387;1913.45;5495.64;1.81507e+07;571067
238;0.196282;1739.52;5002.95;1.81513e+07;571088
239;0.196186;1581.39;4554.22;1.81519e+07;571106
240;0.196099;1437.65;4145.54;1.81524e+07;571123
241;0.19602;1306.96;3773.37;1.81529e+07;571138
242;0.195949;1188.16;3434.46;1.81534e+07;571152
243;0.195883;1080.16;3125.86;1.81538e+07;571165
244;0.195824;981.971;2844.88;1.81542e+07;571177
245;0.195769;892.71;2589.06;1.81545e+07;571187
246;0.19572;811.562;2356.15;1.81548e+07;571197
247;0.195675;737.791;2144.12;1.81551e+07;571205
248;0.195635;670.726;1951.11;1.81553e+07;571213
249;0.195598;609.757;1775.41;1.81555e+07;571221
250;0.195564;554.33;1615.48;1.81558e+07;571227
251;0.195533;503.942;1469.91;1.81559e+07;571233
252;0.195505;458.133;1337.42;1.81561e+07;571238
253;0.19548;416.489;1216.83;1.81563e+07;571243
254;0.195457;378.63;1107.09;1.81564e+07;571248
255;0.195436;344.213;1007.22;1.81566e+07;571252
256;0.195416;312.924;916.331;1.81567e+07;571256
257;0.195399;284.479;833.624;1.81568e+07;571259
258;0.195383;258.62;758.365;1.81569e+07;571262
259;0.195369;235.111;689.884;1.8157e+07;571265
260;0.195356;213.74;627.573;1.8157e+07;571268
261;0.195344;194.311;570.877;1.81571e+07;571270
262;0.195333;176.648;519.292;1.81572e+07;571272
263;0.195323;160.591;472.36;1.81572e+07;571274
264;0.195314;145.993;429.66;1.81573e+07;571276
265;0.195306;132.722;390.813;1.81574e+07;571277
266;0.195299;120.658;355.472;1.81574e+07;571279
267;0.195292;109.69;323.321;1.81574e+07;571280
268;0.195286;99.7192;294.073;1.81575e+07;571281
269;0.19528;90.6548;267.466;1.81575e+07;571282
270;0.195275;82.4143;243.263;1.81575e+07;571283
271;0.19527;74.9228;221.247;1.81576e+07;571284
272;0.195266;68.1123;201.22;1.81576e+07;571285
273;0.195262;61.9209;183.004;1.81576e+07;571286
274;0.195259;56.2923;166.434;1.81576e+07;571286
275;0.195256;51.1753;151.362;1.81577e+07;571287
276;0.195253;46.5235;137.654;1.81577e+07;571288
277;0.19525;42.2945;125.185;1.81577e+07;571288
278;0.195248;38.45;113.845;1.81577e+07;571289
279;0.195246;34.9549;103.531;1.81577e+07;571289
280;0.195244;31.7775;94.1499;1.81577e+07;571289
281;0.195242;28.8889;85.6181;1.81578e+07;571290
282;0.19524;26.2629;77.8586;1.81578e+07;571290
283;0.195239;23.8756;70.8016;1.81578e+07;571290
284;0.195238;21.7053;64.3837;1.81578e+07;571291
285;0.195236;19.7323;58.547;1.81578e+07;571291
286;0.195235;17.9386;53.2389;1.81578e+07;571291
287;0.195234;16.308;48.4116;1.81578e+07;571291
288;0.195233;14.8256;44.0217;1.81578e+07;571291
289;0.195232;13.478;40.0295;1.81578e+07;571292
290;0.195232;12.2528;36.3991;1.81578e+07;571292
291;0.195231;11.139;33.0977;1.81578e+07;571292
292;0.19523;10.1265;30.0954;1.81578e+07;571292
293;0.19523;9.206;27.3654;1.81578e+07;571292
294;0.195229;8.36918;24.8828;1.81578e+07;571292
295;0.195229;7.60842;22.6253;1.81578e+07;571292
296;0.195228;6.91681;20.5724;1.81578e+07;571292
297;0.195228;6.28808;18.7057;1.81578e+07;571293
298;0.195228;5.71649;17.0083;1.81578e+07;571293
299;0.195227;5.19686;15.4648;1.81578e+07;571293
300;0.195227;4.72447;14.0613;1.81578e+07;571293
301;0.195227;4.29501;12.7851;1.81578e+07;571293
302;0.195227;3.9046;11.6247;1.81578e+07;571293
303;0.195226;3.54967;10.5696;1.81578e+07;571293
304;0.195226;3.227;9.61015;1.81578e+07;571293
305;0.195226;2.93367;8.73778;1.81579e+07;571293
306;0.195226;2.667;7.94455;1.81579e+07;571293
307;0.195226;2.42457;7.22331;1.81579e+07;571293
308;0.195225;2.20418;6.56752;1.81579e+07;571293
309;0.195225;2.00382;5.97124;1.81579e+07;571293
310;0.195225;1.82167;5.42907;1.81579e+07;571293
311;0.195225;1.65608;4.93612;1.81579e+07;571293
312;0.195225;1.50554;4.4879;1.81579e+07;571293
313;0.195225;1.36869;4.08037;1.81579e+07;571293
314;0.195225;1.24428;3.70984;1.81579e+07;571293
315;0.195225;1.13117;3.37294;1.81579e+07;571293
316;0.195225;1.02835;3.06663;1.81579e+07;571293
317;0.195225;0.934871;2.78812;1.81579e+07;571293
318;0.195225;0.849891;2.5349;1.81579e+07;571293
319;0.195225;0.772636;2.30467;1.81579e+07;571293
320;0.195225;0.702403;2.09535;1.81579e+07;571293
321;0.195225;0.638555;1.90503;1.81579e+07;571293
322;0.195224;0.58051;1.732;1.81579e+07;571293
323;0.195224;0.527742;1.57467;1.81579e+07;571293
324;0.195224;0.47977;1.43164;1.81579e+07;571293
325;0.195224;0.436159;1.30159;1.81579e+07;571293
326;0.195224;0.396512;1.18335;1.81579e+07;571293
327;0.195224;0.360469;1.07586;1.81579e+07;571293
328;0.195224;0.327703;0.978122;1.81579e+07;571293
329;0.195224;0.297915;0.889264;1.81579e+07;571293
330;0.195224;0.270834;0.808476;1.81579e+07;571293
331;0.195224;0.246215;0.735027;1.81579e+07;571293
332;0.195224;0.223834;0.668249;1.81579e+07;571293
333;0.195224;0.203488;0.607537;1.81579e+07;571293
334;0.195224;0.184991;0.55234;1.81579e+07;571293
335;0.195224;0.168175;0.502157;1.81579e+07;571293
336;0.195224;0.152888;0.456532;1.81579e+07;571293
