156;1.39273e+09;1.7647;0.8787;0.1176;0.0037
157;1.39273e+09;3.15493;0.932525;0.220935;0.00695119
158;1.39273e+09;4.51377;1.10619;0.3306;0.0104015
159;1.39273e+09;6.05557;1.38231;0.460688;0.0144944
160;1.39273e+09;7.94449;1.76509;0.623248;0.019609
161;1.39273e+09;10.3372;2.27314;0.830823;0.0261398
162;1.39273e+09;13.4089;2.93706;1.09814;0.0345505
163;1.39273e+09;17.3731;3.79967;1.44354;0.0454176
164;1.39273e+09;22.4992;4.91798;1.89038;0.0594763
165;1.39273e+09;29.1327;6.3666;2.46874;0.0776729
166;1.39273e+09;37.7197;8.2425;3.21745;0.101229
167;1.39273e+09;48.8365;10.6714;4.18677;0.131727
168;1.39273e+09;63.2291;13.8162;5.44173;0.171211
169;1.39273e+09;81.8631;17.8878;7.06651;0.222331
170;1.39273e+09;105.988;23.1594;9.17012;0.288516
171;1.39273e+09;137.223;29.9845;11.8937;0.374205
172;1.39273e+09;177.663;38.821;15.4198;0.485148
173;1.39273e+09;230.021;50.2616;19.9852;0.628786
174;1.39273e+09;297.809;65.0738;25.896;0.814754
175;1.39273e+09;385.574;84.2512;33.5486;1.05553
176;1.39273e+09;499.203;109.08;43.4566;1.36726
177;1.39273e+09;646.319;141.226;56.2844;1.77085
178;1.39273e+09;836.791;182.846;72.8926;2.29339
179;1.39273e+09;1083.39;236.731;94.3953;2.96992
180;1.39273e+09;1402.67;306.496;122.235;3.84582
181;1.39273e+09;1816.04;396.821;158.279;4.97986
182;1.39273e+09;2351.23;513.765;204.945;6.4481
183;1.39273e+09;3044.15;665.172;265.364;8.34903
184;1.39272e+09;3941.26;861.2;343.588;10.8102
185;1.39272e+09;5102.75;1115;444.865;13.9966
186;1.39272e+09;6606.54;1443.59;575.989;18.1221
187;1.39272e+09;8553.49;1869.01;745.755;23.4634
188;1.39272e+09;11074.2;2419.82;965.551;30.3787
189;1.39271e+09;14337.8;3132.94;1250.12;39.332
190;1.39271e+09;18563.1;4056.21;1618.55;50.9239
191;1.3927e+09;24033.6;5251.58;2095.56;65.9319
192;1.39269e+09;31116.2;6799.21;2713.15;85.3627
193;1.39268e+09;40285.9;8802.93;3512.74;110.52
194;1.39266e+09;52157.9;11397.1;4547.96;143.091
195;1.39264e+09;67528.2;14755.8;5888.26;185.26
196;1.39262e+09;87427.8;19104.2;7623.55;239.856
197;1.39258e+09;113191;24734.1;9870.2;310.542
198;1.39254e+09;146546;32022.9;12778.9;402.058
199;1.39248e+09;189728;41459.5;16544.8;520.543
200;1.39241e+09;245632;53676.7;21420.5;673.943
201;1.39231e+09;318006;69493.7;27732.9;872.547
202;1.39219e+09;411698;89970.9;35905.3;1129.67
203;1.39203e+09;532985;116481;46485.9;1462.57
204;1.39183e+09;689987;150800;60184;1893.54
205;1.39156e+09;893212;195228;77918.1;2451.5
206;1.39122e+09;1.15625e+06;252740;100877;3173.85
207;1.39077e+09;1.49667e+06;327185;130599;4108.98
208;1.39019e+09;1.9372e+06;423545;169076;5319.57
209;1.38945e+09;2.50718e+06;548261;218885;6886.69
210;1.38848e+09;3.24452e+06;709659;283360;8915.25
211;1.38724e+09;4.19812e+06;918504;366816;11541
212;1.38562e+09;5.43101e+06;1.1887e+06;474832;14939.5
213;1.38353e+09;7.02434e+06;1.53819e+06;614623;19337.6
214;1.38084e+09;9.08238e+06;1.99012e+06;795514;25028.9
215;1.37735e+09;1.17388e+07;2.57431e+06;1.02955e+06;32392.4
216;1.37286e+09;1.51646e+07;3.3291e+06;1.33229e+06;41917.3
217;1.36707e+09;1.95774e+07;4.30374e+06;1.72379e+06;54235
218;1.35962e+09;2.5253e+07;5.56128e+06;2.22991e+06;70158.8
219;1.35003e+09;3.25386e+07;7.18219e+06;2.88392e+06;90735.6
220;1.33775e+09;4.18675e+07;9.26875e+06;3.72855e+06;117310
221;1.32204e+09;5.37739e+07;1.19502e+07;4.81855e+06;151604
222;1.30202e+09;6.89062e+07;1.53887e+07;6.2239e+06;195820
223;1.27662e+09;8.80338e+07;1.97856e+07;8.03361e+06;252758
224;1.24461e+09;1.12042e+08;2.53879e+07;1.03604e+07;325965
225;1.20457e+09;1.41904e+08;3.2493e+07;1.3346e+07;419900
226;1.15496e+09;1.78614e+08;4.14507e+07;1.71672e+07;540124
227;1.09427e+09;2.23061e+08;5.26587e+07;2.20418e+07;693492
228;1.02123e+09;2.75834e+08;6.65475e+07;2.82345e+07;888329
229;9.3506e+08;3.36927e+08;8.35486e+07;3.60604e+07;1.13455e+06
230;8.35991e+08;4.05369e+08;1.04041e+08;4.58857e+07;1.44368e+06
231;7.2567e+08;4.78842e+08;1.28269e+08;5.81209e+07;1.82864e+06
232;6.07574e+08;5.53411e+08;1.56236e+08;7.32053e+07;2.30323e+06
233;4.87097e+08;6.23583e+08;1.8759e+08;9.15787e+07;2.8813e+06
234;3.71078e+08;6.82918e+08;2.21519e+08;1.13639e+08;3.57539e+06
235;2.66655e+08;7.25264e+08;2.56726e+08;1.3969e+08;4.39501e+06
236;1.7964e+08;7.46353e+08;2.91512e+08;1.69881e+08;5.34489e+06
237;1.13031e+08;7.45118e+08;3.23995e+08;2.04163e+08;6.42349e+06
238;6.64136e+07;7.24004e+08;3.52425e+08;2.42264e+08;7.62227e+06
239;3.65933e+07;6.88013e+08;3.75488e+08;2.8371e+08;8.92624e+06
240;1.90709e+07;6.42995e+08;3.92482e+08;3.27867e+08;1.03155e+07
241;9.51605e+06;5.94101e+08;4.03322e+08;3.74023e+08;1.17677e+07
242;4.61152e+06;5.45002e+08;4.08403e+08;4.21454e+08;1.326e+07
243;2.20222e+06;4.97871e+08;4.08404e+08;4.69482e+08;1.47711e+07
244;1.0504e+06;4.53766e+08;4.04121e+08;5.1751e+08;1.62822e+07
245;506174;4.13063e+08;3.96349e+08;5.65035e+08;1.77775e+07
246;248684;3.75773e+08;3.85819e+08;6.11645e+08;1.92439e+07
247;125408;3.41738e+08;3.73177e+08;6.57018e+08;2.06715e+07
248;65216.1;3.10735e+08;3.58975e+08;7.00903e+08;2.20522e+07
249;35075.4;2.82519e+08;3.43677e+08;7.43119e+08;2.33804e+07
250;19540.5;2.56854e+08;3.2767e+08;7.83535e+08;2.4652e+07
251;11281.4;2.33514e+08;3.11271e+08;8.22069e+08;2.58644e+07
252;6747.75;2.12292e+08;2.94741e+08;8.58675e+08;2.70161e+07
253;4177.89;1.92997e+08;2.78286e+08;8.93336e+08;2.81067e+07
254;2674.38;1.75455e+08;2.62073e+08;9.26063e+08;2.91363e+07
255;1767.33;1.59507e+08;2.46233e+08;9.56882e+08;3.0106e+07
256;1203.75;1.45009e+08;2.30864e+08;9.85839e+08;3.10171e+07
257;843.602;1.31828e+08;2.16041e+08;1.01299e+09;3.18712e+07
258;607.264;1.19845e+08;2.01819e+08;1.0384e+09;3.26706e+07
259;448.244;1.08951e+08;1.88232e+08;1.06213e+09;3.34173e+07
260;338.708;9.90475e+07;1.75303e+08;1.08427e+09;3.41138e+07
261;261.584;9.00442e+07;1.63042e+08;1.10488e+09;3.47624e+07
262;206.16;8.18592e+07;1.5145e+08;1.12405e+09;3.53657e+07
263;165.568;7.44183e+07;1.4052e+08;1.14187e+09;3.5926e+07
264;135.308;6.76537e+07;1.3024e+08;1.15839e+09;3.6446e+07
265;112.379;6.1504e+07;1.20591e+08;1.17371e+09;3.69278e+07
266;94.7396;5.59133e+07;1.11554e+08;1.18789e+09;3.7374e+07
267;80.979;5.08308e+07;1.03105e+08;1.20101e+09;3.77868e+07
268;70.1047;4.62103e+07;9.52192e+07;1.21313e+09;3.81683e+07
269;61.4082;4.20098e+07;8.78696e+07;1.22433e+09;3.85206e+07
270;54.3766;3.81911e+07;8.10297e+07;1.23466e+09;3.88457e+07
271;48.6335;3.47195e+07;7.46724e+07;1.24419e+09;3.91455e+07
272;43.899;3.15635e+07;6.87706e+07;1.25297e+09;3.94218e+07
273;39.9623;2.86944e+07;6.32979e+07;1.26106e+09;3.96763e+07
274;36.6632;2.60861e+07;5.82282e+07;1.26851e+09;3.99105e+07
275;33.8784;2.37149e+07;5.35363e+07;1.27535e+09;4.01259e+07
276;31.5121;2.15592e+07;4.9198e+07;1.28165e+09;4.0324e+07
277;29.4891;1.95995e+07;4.51901e+07;1.28743e+09;4.0506e+07
278;27.75;1.78179e+07;4.14901e+07;1.29275e+09;4.06732e+07
279;26.2473;1.61982e+07;3.8077e+07;1.29763e+09;4.08267e+07
280;24.9427;1.47258e+07;3.49307e+07;1.30211e+09;4.09676e+07
281;23.8053;1.33872e+07;3.20322e+07;1.30621e+09;4.10969e+07
282;22.8097;1.21703e+07;2.93636e+07;1.30998e+09;4.12154e+07
283;21.9351;1.10641e+07;2.6908e+07;1.31343e+09;4.1324e+07
284;21.1644;1.00583e+07;2.46498e+07;1.3166e+09;4.14236e+07
285;20.4831;9.14403e+06;2.25741e+07;1.3195e+09;4.15148e+07
286;19.8792;8.31284e+06;2.0667e+07;1.32215e+09;4.15983e+07
287;19.3426;7.5572e+06;1.89158e+07;1.32458e+09;4.16748e+07
288;18.8647;6.87025e+06;1.73082e+07;1.32681e+09;4.17448e+07
289;18.4382;6.24575e+06;1.58333e+07;1.32884e+09;4.18088e+07
290;18.0569;5.67801e+06;1.44804e+07;1.3307e+09;4.18674e+07
291;17.7153;5.16188e+06;1.32401e+07;1.33241e+09;4.1921e+07
292;17.4089;4.69266e+06;1.21033e+07;1.33396e+09;4.197e+07
293;17.1336;4.2661e+06;1.10617e+07;1.33539e+09;4.20147e+07
294;16.886;3.87831e+06;1.01077e+07;1.33669e+09;4.20557e+07
295;16.663;3.52577e+06;9.23418e+06;1.33788e+09;4.20931e+07
296;16.4619;3.20528e+06;8.43457e+06;1.33896e+09;4.21272e+07
297;16.2805;2.91392e+06;7.70282e+06;1.33995e+09;4.21584e+07
298;16.1167;2.64905e+06;7.03334e+06;1.34086e+09;4.21869e+07
299;15.9686;2.40825e+06;6.42099e+06;1.34169e+09;4.2213e+07
300;15.8346;2.18934e+06;5.86104e+06;1.34244e+09;4.22367e+07
301;15.7133;1.99033e+06;5.3491e+06;1.34313e+09;4.22584e+07
302;15.6035;1.80941e+06;4.88118e+06;1.34376e+09;4.22782e+07
303;15.5039;1.64493e+06;4.45357e+06;1.34434e+09;4.22963e+07
304;15.4137;1.49541e+06;4.06287e+06;1.34486e+09;4.23127e+07
305;15.3319;1.35948e+06;3.70598e+06;1.34534e+09;4.23278e+07
306;15.2576;1.2359e+06;3.38002e+06;1.34577e+09;4.23415e+07
307;15.1902;1.12356e+06;3.08237e+06;1.34617e+09;4.2354e+07
308;15.129;1.02142e+06;2.81061e+06;1.34653e+09;4.23654e+07
309;15.0735;928577;2.56253e+06;1.34686e+09;4.23758e+07
310;15.023;844169;2.3361e+06;1.34716e+09;4.23853e+07
311;14.9771;767435;2.12947e+06;1.34744e+09;4.23939e+07
312;14.9355;697675;1.94092e+06;1.34769e+09;4.24018e+07
313;14.8976;634256;1.76891e+06;1.34792e+09;4.2409e+07
314;14.8631;576602;1.61199e+06;1.34813e+09;4.24155e+07
315;14.8318;524189;1.46887e+06;1.34832e+09;4.24215e+07
316;14.8033;476540;1.33835e+06;1.34849e+09;4.24269e+07
317;14.7775;433223;1.21932e+06;1.34865e+09;4.24319e+07
318;14.7539;393843;1.1108e+06;1.34879e+09;4.24364e+07
319;14.7325;358043;1.01186e+06;1.34892e+09;4.24405e+07
320;14.713;325497;921666;1.34904e+09;4.24442e+07
321;14.6953;295909;839456;1.34915e+09;4.24477e+07
322;14.6792;269011;764528;1.34925e+09;4.24508e+07
323;14.6645;244558;696244;1.34934e+09;4.24536e+07
324;14.6511;222328;634020;1.34942e+09;4.24562e+07
325;14.639;202118;577323;1.34949e+09;4.24585e+07
326;14.628;183745;525666;1.34956e+09;4.24606e+07
327;14.6179;167043;478605;1.34962e+09;4.24626e+07
328;14.6088;151859;435735;1.34968e+09;4.24644e+07
329;14.6005;138055;396684;1.34973e+09;4.2466e+07
330;14.5929;125506;361115;1.34978e+09;4.24674e+07
331;14.586;114097;328721;1.34982e+09;4.24688e+07
332;14.5797;103726;299218;1.34986e+09;4.247e+07
333;14.574;94297.1;272352;1.34989e+09;4.24711e+07
334;14.5688;85725.5;247887;1.34992e+09;4.24721e+07
335;14.5641;77933.1;225611;1.34995e+09;4.2473e+07
336;14.5598;70849;205328;1.34998e+09;4.24739e+07
337;14.5559;64408.8;186862;1.35e+09;4.24746e+07
338;14.5524;58554;170051;1.35003e+09;4.24753e+07
339;14.5491;53231.5;154746;1.35005e+09;4.24759e+07
340;14.5462;48392.7;140814;1.35006e+09;4.24765e+07
341;14.5435;43993.8;128132;1.35008e+09;4.2477e+07
342;14.5411;39994.8;116589;1.3501e+09;4.24775e+07
343;14.5389;36359.3;106082;1.35011e+09;4.24779e+07
344;14.5368;33054.2;96519.4;1.35012e+09;4.24783e+07
345;14.535;30049.6;87816.2;1.35013e+09;4.24787e+07
346;14.5333;27318.1;79895.6;1.35014e+09;4.2479e+07
347;14.5318;24834.9;72687.5;1.35015e+09;4.24793e+07
348;14.5304;22577.4;66128;1.35016e+09;4.24796e+07
349;14.5292;20525.1;60159;1.35017e+09;4.24798e+07
350;14.528;18659.4;54727.4;1.35018e+09;4.248e+07
351;14.527;16963.2;49785.1;1.35018e+09;4.24802e+07
352;14.5261;15421.3;45288.1;1.35019e+09;4.24804e+07
353;14.5252;14019.5;41196.5;1.35019e+09;4.24806e+07
354;14.5244;12745.1;37473.7;1.3502e+09;4.24808e+07
355;14.5237;11586.6;34086.7;1.3502e+09;4.24809e+07
356;14.5231;10533.4;31005.2;1.35021e+09;4.2481e+07
357;14.5225;9575.88;28201.7;1.35021e+09;4.24811e+07
358;14.5219;8705.44;25651.3;1.35021e+09;4.24812e+07
359;14.5214;7914.11;23331.1;1.35022e+09;4.24813e+07
360;14.521;7194.72;21220.5;1.35022e+09;4.24814e+07
361;14.5206;6540.72;19300.4;1.35022e+09;4.24815e+07
362;14.5202;5946.17;17553.8;1.35022e+09;4.24816e+07
363;14.5199;5405.66;15965.1;1.35023e+09;4.24816e+07
364;14.5196;4914.29;14519.9;1.35023e+09;4.24817e+07
365;14.5193;4467.58;13205.3;1.35023e+09;4.24817e+07
366;14.5191;4061.48;12009.6;1.35023e+09;4.24818e+07
367;14.5188;3692.29;10922;1.35023e+09;4.24818e+07
368;14.5186;3356.66;9932.82;1.35023e+09;4.24819e+07
369;14.5185;3051.54;9033.09;1.35024e+09;4.24819e+07
370;14.5183;2774.15;8214.76;1.35024e+09;4.24819e+07
371;14.5181;2521.98;7470.48;1.35024e+09;4.2482e+07
372;14.518;2292.74;6793.56;1.35024e+09;4.2482e+07
373;14.5179;2084.33;6177.91;1.35024e+09;4.2482e+07
374;14.5177;1894.86;5618;1.35024e+09;4.24821e+07
375;14.5176;1722.62;5108.78;1.35024e+09;4.24821e+07
376;14.5175;1566.03;4645.67;1.35024e+09;4.24821e+07
377;14.5174;1423.68;4224.5;1.35024e+09;4.24821e+07
378;14.5174;1294.27;3841.48;1.35024e+09;4.24821e+07
379;14.5173;1176.62;3493.16;1.35024e+09;4.24821e+07
380;14.5172;1069.66;3176.39;1.35024e+09;4.24822e+07
381;14.5172;972.432;2888.33;1.35024e+09;4.24822e+07
382;14.5171;884.038;2626.37;1.35024e+09;4.24822e+07
383;14.5171;803.679;2388.15;1.35024e+09;4.24822e+07
384;14.517;730.625;2171.52;1.35024e+09;4.24822e+07
385;14.517;664.211;1974.53;1.35025e+09;4.24822e+07
386;14.5169;603.834;1795.4;1.35025e+09;4.24822e+07
387;14.5169;548.946;1632.5;1.35025e+09;4.24822e+07
388;14.5169;499.047;1484.38;1.35025e+09;4.24822e+07
389;14.5168;453.683;1349.69;1.35025e+09;4.24822e+07
390;14.5168;412.443;1227.21;1.35025e+09;4.24822e+07
391;14.5168;374.952;1115.84;1.35025e+09;4.24822e+07
392;14.5168;340.869;1014.57;1.35025e+09;4.24822e+07
393;14.5168;309.884;922.49;1.35025e+09;4.24822e+07
394;14.5167;281.716;838.76;1.35025e+09;4.24822e+07
395;14.5167;256.108;762.627;1.35025e+09;4.24823e+07
396;14.5167;232.828;693.4;1.35025e+09;4.24823e+07
397;14.5167;211.664;630.455;1.35025e+09;4.24823e+07
398;14.5167;192.423;573.221;1.35025e+09;4.24823e+07
399;14.5167;174.932;521.18;1.35025e+09;4.24823e+07
400;14.5167;159.031;473.863;1.35025e+09;4.24823e+07
401;14.5167;144.575;430.839;1.35025e+09;4.24823e+07
402;14.5166;131.433;391.72;1.35025e+09;4.24823e+07
403;14.5166;119.486;356.152;1.35025e+09;4.24823e+07
404;14.5166;108.625;323.812;1.35025e+09;4.24823e+07
405;14.5166;98.7506;294.407;1.35025e+09;4.24823e+07
406;14.5166;89.7742;267.672;1.35025e+09;4.24823e+07
407;14.5166;81.6137;243.364;1.35025e+09;4.24823e+07
408;14.5166;74.195;221.263;1.35025e+09;4.24823e+07
409;14.5166;67.4507;201.168;1.35025e+09;4.24823e+07
410;14.5166;61.3194;182.897;1.35025e+09;4.24823e+07
411;14.5166;55.7455;166.286;1.35025e+09;4.24823e+07
412;14.5166;50.6782;151.183;1.35025e+09;4.24823e+07
413;14.5166;46.0716;137.451;1.35025e+09;4.24823e+07
414;14.5166;41.8837;124.966;1.35025e+09;4.24823e+07
415;14.5166;38.0765;113.615;1.35025e+09;4.24823e+07
416;14.5166;34.6153;103.295;1.35025e+09;4.24823e+07
417;14.5166;31.4688;93.9114;1.35025e+09;4.24823e+07
418;14.5166;28.6083;85.3805;1.35025e+09;4.24823e+07
419;14.5166;26.0078;77.6243;1.35025e+09;4.24823e+07
420;14.5166;23.6437;70.5726;1.35025e+09;4.24823e+07
421;14.5166;21.4945;64.1613;1.35025e+09;4.24823e+07
422;14.5166;19.5406;58.3324;1.35025e+09;4.24823e+07
423;14.5166;17.7644;53.0329;1.35025e+09;4.24823e+07
424;14.5166;16.1496;48.2148;1.35025e+09;4.24823e+07
425;14.5166;14.6816;43.8344;1.35025e+09;4.24823e+07
426;14.5166;13.347;39.8518;1.35025e+09;4.24823e+07
427;14.5166;12.1338;36.231;1.35025e+09;4.24823e+07
428;14.5166;11.0308;32.9392;1.35025e+09;4.24823e+07
429;14.5166;10.0281;29.9464;1.35025e+09;4.24823e+07
430;14.5166;9.11658;27.2254;1.35025e+09;4.24823e+07
431;14.5166;8.28788;24.7517;1.35025e+09;4.24823e+07
432;14.5166;7.53451;22.5027;1.35025e+09;4.24823e+07
433;14.5166;6.84963;20.458;1.35025e+09;4.24823e+07
434;14.5166;6.227;18.5991;1.35025e+09;4.24823e+07
435;14.5166;5.66096;16.909;1.35025e+09;4.24823e+07
436;14.5166;5.14638;15.3725;1.35025e+09;4.24823e+07
437;14.5166;4.67857;13.9757;1.35025e+09;4.24823e+07
438;14.5166;4.25329;12.7057;1.35025e+09;4.24823e+07
439;14.5166;3.86667;11.5511;1.35025e+09;4.24823e+07
440;14.5166;3.51519;10.5014;1.35025e+09;4.24823e+07
441;14.5166;3.19566;9.54715;1.35025e+09;4.24823e+07
442;14.5166;2.90517;8.67957;1.35025e+09;4.24823e+07
443;14.5166;2.64109;7.89082;1.35025e+09;4.24823e+07
444;14.5166;2.40102;7.17374;1.35025e+09;4.24823e+07
445;14.5166;2.18277;6.52181;1.35025e+09;4.24823e+07
446;14.5166;1.98435;5.92913;1.35025e+09;4.24823e+07
447;14.5166;1.80397;5.39031;1.35025e+09;4.24823e+07
448;14.5166;1.63999;4.90044;1.35025e+09;4.24823e+07
449;14.5166;1.49092;4.45509;1.35025e+09;4.24823e+07
450;14.5166;1.35539;4.05022;1.35025e+09;4.24823e+07
451;14.5166;1.23219;3.68213;1.35025e+09;4.24823e+07
452;14.5166;1.12018;3.34749;1.35025e+09;4.24823e+07
453;14.5166;1.01836;3.04327;1.35025e+09;4.24823e+07
454;14.5166;0.925789;2.76669;1.35025e+09;4.24823e+07
455;14.5166;0.841635;2.51524;1.35025e+09;4.24823e+07
456;14.5166;0.765131;2.28665;1.35025e+09;4.24823e+07
457;14.5166;0.69558;2.07883;1.35025e+09;4.24823e+07
458;14.5166;0.632352;1.88989;1.35025e+09;4.24823e+07
459;14.5166;0.574871;1.71813;1.35025e+09;4.24823e+07
460;14.5166;0.522616;1.56198;1.35025e+09;4.24823e+07
461;14.5166;0.47511;1.42002;1.35025e+09;4.24823e+07
462;14.5166;0.431922;1.29096;1.35025e+09;4.24823e+07
463;14.5166;0.392661;1.17362;1.35025e+09;4.24823e+07
464;14.5166;0.356968;1.06696;1.35025e+09;4.24823e+07
465;14.5166;0.324519;0.969983;1.35025e+09;4.24823e+07
466;14.5166;0.295021;0.881823;1.35025e+09;4.24823e+07
467;14.5166;0.268203;0.801675;1.35025e+09;4.24823e+07
468;14.5166;0.243824;0.728812;1.35025e+09;4.24823e+07
469;14.5166;0.22166;0.66257;1.35025e+09;4.24823e+07
470;14.5166;0.201511;0.602349;1.35025e+09;4.24823e+07
471;14.5166;0.183194;0.547602;1.35025e+09;4.24823e+07
472;14.5166;0.166542;0.49783;1.35025e+09;4.24823e+07
