229;4.96487e+07;1.7647;0.8787;0.1176;0.0037
230;4.96487e+07;3.15493;0.932525;0.220935;0.00695119
231;4.96487e+07;4.51377;1.10619;0.3306;0.0104015
232;4.96487e+07;6.05557;1.38231;0.460688;0.0144944
233;4.96487e+07;7.94449;1.76509;0.623248;0.019609
234;4.96487e+07;10.3372;2.27314;0.830823;0.0261398
235;4.96487e+07;13.4089;2.93706;1.09814;0.0345505
236;4.96487e+07;17.3731;3.79967;1.44354;0.0454176
237;4.96487e+07;22.4991;4.91798;1.89038;0.0594763
238;4.96486e+07;29.1327;6.3666;2.46874;0.0776729
239;4.96486e+07;37.7197;8.2425;3.21745;0.101229
240;4.96486e+07;48.8365;10.6714;4.18677;0.131727
241;4.96486e+07;63.2291;13.8162;5.44172;0.171211
242;4.96486e+07;81.863;17.8878;7.06651;0.222331
243;4.96485e+07;105.988;23.1594;9.17012;0.288516
244;4.96485e+07;137.223;29.9845;11.8937;0.374205
245;4.96485e+07;177.663;38.8209;15.4198;0.485148
246;4.96484e+07;230.02;50.2615;19.9852;0.628785
247;4.96483e+07;297.807;65.0736;25.8959;0.814753
248;4.96482e+07;385.571;84.2509;33.5486;1.05553
249;4.9648e+07;499.199;109.08;43.4565;1.36725
250;4.96478e+07;646.312;141.225;56.2843;1.77085
251;4.96476e+07;836.779;182.845;72.8924;2.29338
252;4.96473e+07;1083.37;236.729;94.3949;2.96991
253;4.96469e+07;1402.64;306.492;122.234;3.8458
254;4.96463e+07;1815.99;396.815;158.278;4.97983
255;4.96456e+07;2351.14;513.754;204.943;6.44804
256;4.96447e+07;3043.99;665.154;265.361;8.34893
257;4.96435e+07;3940.99;861.169;343.583;10.81
258;4.9642e+07;5102.3;1114.95;444.856;13.9963
259;4.964e+07;6605.78;1443.5;575.974;18.1216
260;4.96375e+07;8552.22;1868.87;745.73;23.4626
261;4.96342e+07;11072.1;2419.57;965.509;30.3774
262;4.96299e+07;14334.2;3132.53;1250.05;39.3298
263;4.96244e+07;18557.1;4055.53;1618.44;50.9202
264;4.96173e+07;24023.6;5250.44;2095.37;65.9257
265;4.9608e+07;31099.4;6797.31;2712.82;85.3523
266;4.9596e+07;40257.9;8799.73;3512.18;110.502
267;4.95805e+07;52110.9;11391.8;4547.03;143.061
268;4.95604e+07;67449.5;14746.8;5886.7;185.211
269;4.95344e+07;87295.9;19089.2;7620.93;239.774
270;4.95008e+07;112970;24708.9;9865.82;310.404
271;4.94574e+07;146175;31980.7;12771.6;401.827
272;4.94011e+07;189107;41388.7;16532.5;520.155
273;4.93285e+07;244593;53558.1;21399.8;673.294
274;4.92346e+07;316265;69295;27698.3;871.459
275;4.91133e+07;408783;89638;35847.3;1127.85
276;4.89568e+07;528107;115923;46388.8;1459.51
277;4.87551e+07;681827;149867;60021.3;1888.43
278;4.84954e+07;879568;193666;77645.7;2442.93
279;4.81615e+07;1.13345e+06;250127;100421;3159.5
280;4.77333e+07;1.45863e+06;322818;129836;4084.97
281;4.71856e+07;1.87378e+06;416249;167799;5279.39
282;4.64874e+07;2.40164e+06;536085;216750;6819.51
283;4.56015e+07;3.06925e+06;689367;279794;8803.03
284;4.44839e+07;3.90781e+06;884742;360863;11353.7
285;4.30847e+07;4.9518e+06;1.13264e+06;464909;14627.2
286;4.13497e+07;6.23671e+06;1.44537e+06;598108;18818
287;3.92246e+07;7.79489e+06;1.83696e+06;768083;24165.9
288;3.66623e+07;9.64866e+06;2.3227e+06;984110;30962.7
289;3.36336e+07;1.18002e+07;2.91802e+06;1.25726e+06;39556.6
290;3.01425e+07;1.42187e+07;3.6367e+06;1.60042e+06;50353.3
291;2.62422e+07;1.68265e+07;4.48805e+06;2.02809e+06;63809.1
292;2.20506e+07;1.94886e+07;5.47318e+06;2.55589e+06;80414.9
293;1.7754e+07;2.20137e+07;6.58079e+06;3.19953e+06;100666
294;1.35928e+07;2.41738e+07;7.78359e+06;3.97344e+06;125015
295;9.82276e+06;2.57465e+07;9.03684e+06;4.88879e+06;153814
296;6.65785e+06;2.6571e+07;1.0281e+07;5.95152e+06;187250
297;4.21569e+06;2.65979e+07;1.14492e+07;7.16057e+06;225290
298;2.4923e+06;2.59035e+07;1.24782e+07;8.507e+06;267652
299;1.38092e+06;2.46603e+07;1.33192e+07;9.97443e+06;313822
300;723013;2.30766e+07;1.39452e+07;1.15408e+07;363103
301;362001;2.13399e+07;1.43513e+07;1.31807e+07;414700
302;175789;1.95863e+07;1.45503e+07;1.48685e+07;467800
303;84011;1.78977e+07;1.45658e+07;1.65796e+07;521636
304;40054.9;1.63148e+07;1.44258e+07;1.82925e+07;575529
305;19276;1.48525e+07;1.4159e+07;1.9989e+07;628905
306;9450.62;1.35123e+07;1.37916e+07;2.16541e+07;681293
307;4753.43;1.22887e+07;1.33469e+07;2.3276e+07;732322
308;2464.64;1.11739e+07;1.2845e+07;2.48456e+07;781706
309;1321.39;1.01594e+07;1.23026e+07;2.63561e+07;829232
310;733.755;9.23648e+06;1.17338e+07;2.78029e+07;874752
311;422.245;8.39719e+06;1.11501e+07;2.91828e+07;918167
312;251.75;7.63406e+06;1.05609e+07;3.04941e+07;959422
313;155.387;6.94022e+06;9.97378e+06;3.1736e+07;998498
314;99.1712;6.30941e+06;9.39483e+06;3.29089e+07;1.0354e+06
315;65.3499;5.73592e+06;8.82876e+06;3.40138e+07;1.07016e+06
316;44.3909;5.21454e+06;8.27923e+06;3.5052e+07;1.10283e+06
317;31.031;4.74055e+06;7.74896e+06;3.60257e+07;1.13346e+06
318;22.2846;4.30965e+06;7.23993e+06;3.6937e+07;1.16213e+06
319;16.4126;3.91791e+06;6.75347e+06;3.77884e+07;1.18892e+06
320;12.3762;3.56177e+06;6.29041e+06;3.85826e+07;1.21391e+06
321;9.5397;3.23801e+06;5.85115e+06;3.93223e+07;1.23718e+06
322;7.50501;2.94368e+06;5.43574e+06;4.00104e+07;1.25883e+06
323;6.01727;2.6761e+06;5.04397e+06;4.06497e+07;1.27894e+06
324;4.90996;2.43284e+06;4.67539e+06;4.12428e+07;1.29761e+06
325;4.07212;2.2117e+06;4.32941e+06;4.17927e+07;1.31491e+06
326;3.42845;2.01065e+06;4.0053e+06;4.23018e+07;1.33092e+06
327;2.92692;1.82789e+06;3.70222e+06;4.27728e+07;1.34574e+06
328;2.53103;1.66173e+06;3.4193e+06;4.32082e+07;1.35944e+06
329;2.21476;1.51068e+06;3.15559e+06;4.36103e+07;1.37209e+06
330;1.95929;1.37336e+06;2.91014e+06;4.39814e+07;1.38377e+06
331;1.75082;1.24852e+06;2.68198e+06;4.43237e+07;1.39454e+06
332;1.57909;1.13503e+06;2.47014e+06;4.46391e+07;1.40446e+06
333;1.43642;1.03186e+06;2.27369e+06;4.49295e+07;1.4136e+06
334;1.31693;938062;2.09169e+06;4.51969e+07;1.42201e+06
335;1.21613;852792;1.92323e+06;4.54429e+07;1.42975e+06
336;1.13054;775273;1.76746e+06;4.56691e+07;1.43687e+06
337;1.0574;704801;1.62354e+06;4.58769e+07;1.44341e+06
338;0.99455;640735;1.49067e+06;4.60679e+07;1.44941e+06
339;0.94027;582492;1.3681e+06;4.62432e+07;1.45493e+06
340;0.893167;529544;1.2551e+06;4.64041e+07;1.45999e+06
341;0.852115;481408;1.15099e+06;4.65517e+07;1.46464e+06
342;0.816195;437648;1.05513e+06;4.6687e+07;1.46889e+06
343;0.784652;397866;966928;4.68111e+07;1.4728e+06
344;0.75686;361700;885806;4.69248e+07;1.47638e+06
345;0.732301;328821;811236;4.7029e+07;1.47965e+06
346;0.710536;298932;742723;4.71244e+07;1.48265e+06
347;0.691202;271759;679804;4.72117e+07;1.4854e+06
348;0.673985;247056;622046;4.72917e+07;1.48792e+06
349;0.658623;224599;569049;4.73648e+07;1.49022e+06
350;0.644889;204183;520440;4.74317e+07;1.49233e+06
351;0.63259;185622;475871;4.74929e+07;1.49425e+06
352;0.621559;168749;435021;4.75489e+07;1.49601e+06
353;0.611649;153410;397592;4.76001e+07;1.49762e+06
354;0.602737;139465;363309;4.76468e+07;1.49909e+06
355;0.594711;126788;331917;4.76895e+07;1.50044e+06
356;0.587476;115263;303180;4.77286e+07;1.50166e+06
357;0.580948;104785;276882;4.77642e+07;1.50279e+06
358;0.575052;95260.3;252821;4.77968e+07;1.50381e+06
359;0.569723;86601.2;230813;4.78265e+07;1.50475e+06
360;0.564903;78729.1;210688;4.78537e+07;1.5056e+06
361;0.560541;71572.6;192288;4.78784e+07;1.50638e+06
362;0.55659;65066.7;175469;4.79011e+07;1.50709e+06
363;0.55301;59152.1;160099;4.79217e+07;1.50774e+06
364;0.549764;53775.2;146056;4.79405e+07;1.50833e+06
365;0.546821;48887;133228;4.79577e+07;1.50887e+06
366;0.54415;44443.2;121511;4.79734e+07;1.50937e+06
367;0.541726;40403.3;110812;4.79877e+07;1.50982e+06
368;0.539526;36730.7;101043;4.80007e+07;1.51023e+06
369;0.537527;33391.9;92125.2;4.80126e+07;1.5106e+06
370;0.535712;30356.5;83985.7;4.80234e+07;1.51094e+06
371;0.534063;27597.1;76557.6;4.80333e+07;1.51125e+06
372;0.532564;25088.6;69779.8;4.80423e+07;1.51153e+06
373;0.531201;22808;63596;4.80505e+07;1.51179e+06
374;0.529963;20734.8;57955.1;4.8058e+07;1.51203e+06
375;0.528837;18850;52809.9;4.80648e+07;1.51224e+06
376;0.527813;17136.5;48117.5;4.8071e+07;1.51244e+06
377;0.526882;15578.8;43838.6;4.80767e+07;1.51262e+06
378;0.526035;14162.7;39937.1;4.80818e+07;1.51278e+06
379;0.525265;12875.3;36380.1;4.80865e+07;1.51293e+06
380;0.524564;11704.9;33137.6;4.80908e+07;1.51306e+06
381;0.523927;10641;30182;4.80947e+07;1.51318e+06
382;0.523347;9673.7;27488.1;4.80982e+07;1.51329e+06
383;0.52282;8794.36;25033.2;4.81015e+07;1.5134e+06
384;0.52234;7994.95;22796.1;4.81044e+07;1.51349e+06
385;0.521904;7268.21;20757.6;4.81071e+07;1.51357e+06
386;0.521506;6607.53;18900.4;4.81095e+07;1.51365e+06
387;0.521145;6006.91;17208.4;4.81118e+07;1.51372e+06
388;0.520816;5460.88;15667.1;4.81138e+07;1.51378e+06
389;0.520517;4964.49;14263;4.81156e+07;1.51384e+06
390;0.520245;4513.21;12984.2;4.81173e+07;1.51389e+06
391;0.519997;4102.96;11819.5;4.81188e+07;1.51394e+06
392;0.519772;3730;10758.7;4.81202e+07;1.51399e+06
393;0.519567;3390.95;9792.76;4.81215e+07;1.51403e+06
394;0.51938;3082.71;8913.13;4.81226e+07;1.51406e+06
395;0.519211;2802.49;8112.19;4.81237e+07;1.5141e+06
396;0.519056;2547.75;7382.93;4.81246e+07;1.51413e+06
397;0.518916;2316.16;6718.97;4.81255e+07;1.51415e+06
398;0.518788;2105.62;6114.49;4.81263e+07;1.51418e+06
399;0.518672;1914.22;5564.21;4.8127e+07;1.5142e+06
400;0.518566;1740.21;5063.27;4.81277e+07;1.51422e+06
401;0.51847;1582.03;4607.28;4.81283e+07;1.51424e+06
402;0.518382;1438.22;4192.22;4.81288e+07;1.51426e+06
403;0.518302;1307.49;3814.44;4.81293e+07;1.51427e+06
404;0.51823;1188.64;3470.6;4.81297e+07;1.51429e+06
405;0.518164;1080.59;3157.66;4.81301e+07;1.5143e+06
406;0.518104;982.365;2872.87;4.81305e+07;1.51431e+06
407;0.518049;893.068;2613.68;4.81309e+07;1.51432e+06
408;0.518;811.888;2377.82;4.81312e+07;1.51433e+06
409;0.517955;738.088;2163.19;4.81314e+07;1.51434e+06
410;0.517914;670.995;1967.89;4.81317e+07;1.51435e+06
411;0.517876;610.002;1790.18;4.81319e+07;1.51435e+06
412;0.517842;554.553;1628.48;4.81321e+07;1.51436e+06
413;0.517811;504.144;1481.35;4.81323e+07;1.51437e+06
414;0.517783;458.317;1347.49;4.81325e+07;1.51437e+06
415;0.517758;416.656;1225.7;4.81327e+07;1.51438e+06
416;0.517734;378.782;1114.9;4.81328e+07;1.51438e+06
417;0.517713;344.351;1014.09;4.81329e+07;1.51439e+06
418;0.517694;313.05;922.385;4.81331e+07;1.51439e+06
419;0.517676;284.593;838.956;4.81332e+07;1.51439e+06
420;0.51766;258.724;763.06;4.81333e+07;1.5144e+06
421;0.517646;235.206;694.019;4.81334e+07;1.5144e+06
422;0.517633;213.826;631.215;4.81334e+07;1.5144e+06
423;0.517621;194.389;574.085;4.81335e+07;1.5144e+06
424;0.51761;176.719;522.119;4.81336e+07;1.51441e+06
425;0.5176;160.655;474.849;4.81336e+07;1.51441e+06
426;0.517591;146.052;431.854;4.81337e+07;1.51441e+06
427;0.517583;132.776;392.746;4.81337e+07;1.51441e+06
428;0.517575;120.706;357.175;4.81338e+07;1.51441e+06
429;0.517569;109.734;324.822;4.81338e+07;1.51441e+06
430;0.517562;99.7593;295.396;4.81339e+07;1.51442e+06
431;0.517557;90.6912;268.633;4.81339e+07;1.51442e+06
432;0.517552;82.4473;244.291;4.81339e+07;1.51442e+06
433;0.517547;74.9529;222.153;4.8134e+07;1.51442e+06
434;0.517543;68.1397;202.019;4.8134e+07;1.51442e+06
435;0.517539;61.9458;183.708;4.8134e+07;1.51442e+06
436;0.517536;56.3149;167.055;4.8134e+07;1.51442e+06
437;0.517532;51.1959;151.91;4.81341e+07;1.51442e+06
438;0.51753;46.5422;138.137;4.81341e+07;1.51442e+06
439;0.517527;42.3115;125.612;4.81341e+07;1.51442e+06
440;0.517525;38.4654;114.221;4.81341e+07;1.51442e+06
441;0.517522;34.9689;103.863;4.81341e+07;1.51442e+06
442;0.51752;31.7902;94.443;4.81341e+07;1.51442e+06
443;0.517519;28.9005;85.8768;4.81341e+07;1.51442e+06
444;0.517517;26.2734;78.087;4.81342e+07;1.51442e+06
445;0.517515;23.8852;71.0033;4.81342e+07;1.51443e+06
446;0.517514;21.714;64.5617;4.81342e+07;1.51443e+06
447;0.517513;19.7402;58.7042;4.81342e+07;1.51443e+06
448;0.517512;17.9458;53.3778;4.81342e+07;1.51443e+06
449;0.517511;16.3146;48.5343;4.81342e+07;1.51443e+06
450;0.51751;14.8316;44.1301;4.81342e+07;1.51443e+06
451;0.517509;13.4834;40.1253;4.81342e+07;1.51443e+06
452;0.517508;12.2577;36.4837;4.81342e+07;1.51443e+06
453;0.517508;11.1435;33.1725;4.81342e+07;1.51443e+06
454;0.517507;10.1306;30.1616;4.81342e+07;1.51443e+06
455;0.517506;9.2097;27.4239;4.81342e+07;1.51443e+06
456;0.517506;8.37254;24.9345;4.81342e+07;1.51443e+06
457;0.517505;7.61147;22.671;4.81342e+07;1.51443e+06
458;0.517505;6.91959;20.6129;4.81342e+07;1.51443e+06
459;0.517505;6.2906;18.7416;4.81342e+07;1.51443e+06
460;0.517504;5.71879;17.04;4.81342e+07;1.51443e+06
461;0.517504;5.19895;15.4929;4.81342e+07;1.51443e+06
462;0.517504;4.72636;14.0862;4.81342e+07;1.51443e+06
463;0.517503;4.29674;12.8072;4.81342e+07;1.51443e+06
464;0.517503;3.90616;11.6442;4.81342e+07;1.51443e+06
465;0.517503;3.55109;10.5869;4.81342e+07;1.51443e+06
466;0.517503;3.2283;9.62547;4.81342e+07;1.51443e+06
467;0.517502;2.93485;8.75135;4.81342e+07;1.51443e+06
468;0.517502;2.66807;7.95659;4.81342e+07;1.51443e+06
469;0.517502;2.42554;7.23398;4.81342e+07;1.51443e+06
470;0.517502;2.20506;6.57698;4.81342e+07;1.51443e+06
471;0.517502;2.00462;5.97964;4.81342e+07;1.51443e+06
472;0.517502;1.8224;5.43653;4.81343e+07;1.51443e+06
473;0.517502;1.65675;4.94273;4.81343e+07;1.51443e+06
474;0.517502;1.50615;4.49378;4.81343e+07;1.51443e+06
475;0.517502;1.36924;4.08559;4.81343e+07;1.51443e+06
476;0.517501;1.24477;3.71447;4.81343e+07;1.51443e+06
477;0.517501;1.13162;3.37706;4.81343e+07;1.51443e+06
478;0.517501;1.02876;3.07028;4.81343e+07;1.51443e+06
479;0.517501;0.935246;2.79137;4.81343e+07;1.51443e+06
480;0.517501;0.850232;2.53779;4.81343e+07;1.51443e+06
481;0.517501;0.772946;2.30725;4.81343e+07;1.51443e+06
482;0.517501;0.702685;2.09764;4.81343e+07;1.51443e+06
483;0.517501;0.638811;1.90707;4.81343e+07;1.51443e+06
484;0.517501;0.580743;1.73381;4.81343e+07;1.51443e+06
485;0.517501;0.527954;1.57629;4.81343e+07;1.51443e+06
486;0.517501;0.479963;1.43307;4.81343e+07;1.51443e+06
487;0.517501;0.436334;1.30287;4.81343e+07;1.51443e+06
488;0.517501;0.396672;1.1845;4.81343e+07;1.51443e+06
489;0.517501;0.360614;1.07687;4.81343e+07;1.51443e+06
490;0.517501;0.327834;0.979029;4.81343e+07;1.51443e+06
491;0.517501;0.298034;0.890073;4.81343e+07;1.51443e+06
492;0.517501;0.270943;0.809198;4.81343e+07;1.51443e+06
493;0.517501;0.246314;0.735671;4.81343e+07;1.51443e+06
494;0.517501;0.223924;0.668824;4.81343e+07;1.51443e+06
495;0.517501;0.20357;0.608051;4.81343e+07;1.51443e+06
496;0.517501;0.185065;0.552799;4.81343e+07;1.51443e+06
497;0.517501;0.168243;0.502566;4.81343e+07;1.51443e+06
498;0.517501;0.152949;0.456898;4.81343e+07;1.51443e+06
