257;5.29307e+06;1.7647;0.8787;0.1176;0.0037
258;5.29307e+06;3.15493;0.932525;0.220935;0.00695119
259;5.29307e+06;4.51377;1.10619;0.3306;0.0104015
260;5.29306e+06;6.05557;1.38231;0.460688;0.0144944
261;5.29306e+06;7.94448;1.76509;0.623248;0.019609
262;5.29306e+06;10.3372;2.27314;0.830823;0.0261398
263;5.29305e+06;13.4089;2.93706;1.09814;0.0345504
264;5.29305e+06;17.3731;3.79966;1.44354;0.0454176
265;5.29304e+06;22.4991;4.91797;1.89038;0.0594763
266;5.29303e+06;29.1326;6.36659;2.46874;0.0776728
267;5.29302e+06;37.7195;8.24248;3.21745;0.101229
268;5.29301e+06;48.8362;10.6714;4.18676;0.131726
269;5.29299e+06;63.2285;13.8161;5.44172;0.17121
270;5.29296e+06;81.862;17.8877;7.06649;0.22233
271;5.29293e+06;105.987;23.1592;9.17009;0.288515
272;5.29289e+06;137.22;29.9842;11.8936;0.374204
273;5.29284e+06;177.658;38.8204;15.4197;0.485145
274;5.29277e+06;230.013;50.2606;19.985;0.628781
275;5.29268e+06;297.794;65.0722;25.8957;0.814745
276;5.29257e+06;385.549;84.2484;33.5482;1.05551
277;5.29242e+06;499.162;109.075;43.4558;1.36723
278;5.29223e+06;646.25;141.218;56.2831;1.77081
279;5.29198e+06;836.674;182.833;72.8903;2.29332
280;5.29165e+06;1083.2;236.709;94.3915;2.9698
281;5.29124e+06;1402.34;306.459;122.228;3.84562
282;5.2907e+06;1815.49;396.758;158.268;4.97952
283;5.29e+06;2350.31;513.66;204.927;6.44753
284;5.28909e+06;3042.6;664.996;265.333;8.34807
285;5.28792e+06;3938.66;860.904;343.537;10.8086
286;5.2864e+06;5098.4;1114.5;444.779;13.9939
287;5.28444e+06;6599.23;1442.76;575.844;18.1175
288;5.28189e+06;8541.25;1867.62;745.512;23.4557
289;5.2786e+06;11053.7;2417.48;965.144;30.3659
290;5.27435e+06;14303.4;3129.02;1249.44;39.3106
291;5.26885e+06;18505.5;4049.65;1617.41;50.888
292;5.26173e+06;23937.1;5240.57;2093.65;65.8717
293;5.25254e+06;30954.6;6780.77;2709.94;85.2618
294;5.24067e+06;40015.4;8772.04;3507.36;110.351
295;5.22534e+06;51705.1;11345.4;4538.95;142.807
296;5.20557e+06;66770.6;14669.2;5873.17;184.785
297;5.18011e+06;86160.8;18959.3;7598.27;239.061
298;5.14737e+06;111074;24491.5;9827.88;309.21
299;5.10534e+06;143010;31617.3;12708.1;399.829
300;5.05152e+06;183830;40781.7;16426.3;516.813
301;4.98283e+06;235810;52545;21222.2;667.705
302;4.89552e+06;301677;67606.4;27401.5;862.122
303;4.78516e+06;384616;86828.2;35352;1112.27
304;4.64661e+06;488206;111258;45563;1433.53
305;4.47421e+06;616231;142140;58646.9;1845.18
306;4.26211e+06;772318;180914;75362.5;2371.1
307;4.00492e+06;959304;229173;96638;3040.48
308;3.69874e+06;1.17828e+06;288575;123589;3888.42
309;3.34263e+06;1.42729e+06;360676;157525;4956.15
310;2.9403e+06;1.69987e+06;446666;199941;6290.65
311;2.50192e+06;1.98373e+06;547004;252469;7943.31
312;2.04496e+06;2.26037e+06;660974;316796;9967.23
313;1.59347e+06;2.5064e+06;786266;394527;12412.8
314;1.17478e+06;2.69726e+06;918723;486992;15322
315;813900;2.81295e+06;1.05246e+06;595033;18721.3
316;527299;2.84386e+06;1.1805e+06;718803;22615.4
317;318877;2.79377e+06;1.29581e+06;857629;26983.2
318;180411;2.67829e+06;1.39258e+06;1.01002e+06;31777.7
319;96143.3;2.5191e+06;1.46712e+06;1.17378e+06;36930.3
320;48786.1;2.33747e+06;1.51814e+06;1.34632e+06;42358.6
321;23894.2;2.14988e+06;1.54647e+06;1.52485e+06;47975.7
322;11462;1.96689e+06;1.5543e+06;1.70671e+06;53697.7
323;5461.5;1.7941e+06;1.54456e+06;1.8895e+06;59448.6
324;2617.15;1.63386e+06;1.52029e+06;2.07114e+06;65163.5
325;1274.09;1.48669e+06;1.48439e+06;2.24993e+06;70788.5
326;635.008;1.35219e+06;1.43948e+06;2.42449e+06;76280.8
327;325.801;1.22958e+06;1.38778e+06;2.59377e+06;81606.8
328;172.698;1.11797e+06;1.33121e+06;2.75698e+06;86741.6
329;94.774;1.01642e+06;1.27136e+06;2.91353e+06;91667.1
330;53.8945;924069;1.20954e+06;3.06304e+06;96371.2
331;31.7582;840093;1.14682e+06;3.20528e+06;100846
332;19.3798;763741;1.08407e+06;3.34015e+06;105090
333;12.2335;694324;1.022e+06;3.46763e+06;109101
334;7.97748;631214;961145;3.58782e+06;112882
335;5.36545;573840;901935;3.70085e+06;116438
336;3.71576;521679;844693;3.80692e+06;119776
337;2.64511;474260;789652;3.90626e+06;122901
338;1.93219;431150;736977;3.99912e+06;125823
339;1.44588;391959;686774;4.08579e+06;128549
340;1.10658;356330;639097;4.16655e+06;131090
341;0.864809;323940;593965;4.24171e+06;133455
342;0.689125;294494;551363;4.31156e+06;135653
343;0.559116;267725;511252;4.3764e+06;137693
344;0.46127;243389;473574;4.43652e+06;139585
345;0.386469;221265;438253;4.49222e+06;141337
346;0.328452;201152;405206;4.54375e+06;142958
347;0.282848;182867;374339;4.59141e+06;144458
348;0.246557;166245;345555;4.63543e+06;145843
349;0.217348;151133;318750;4.67607e+06;147121
350;0.19359;137395;293824;4.71355e+06;148301
351;0.174079;124906;270672;4.7481e+06;149388
352;0.157914;113552;249194;4.77994e+06;150389
353;0.144411;103230;229288;4.80924e+06;151311
354;0.133046;93846.5;210859;4.83621e+06;152160
355;0.123416;85315.8;193813;4.861e+06;152940
356;0.115204;77560.6;178058;4.88379e+06;153657
357;0.108161;70510.4;163510;4.90473e+06;154316
358;0.102088;64101;150086;4.92396e+06;154921
359;0.0968254;58274.2;137707;4.94161e+06;155476
360;0.0922455;52977.1;126300;4.95781e+06;155985
361;0.0882433;48161.5;115796;4.97266e+06;156453
362;0.0847329;43783.6;106128;4.98628e+06;156881
363;0.0816432;39803.7;97234.3;4.99876e+06;157274
364;0.0789155;36185.5;89057.9;5.01019e+06;157634
365;0.0765005;32896.3;81544.5;5.02067e+06;157963
366;0.0743567;29906;74643.4;5.03026e+06;158265
367;0.0724492;27187.5;68307.6;5.03903e+06;158541
368;0.0707484;24716.2;62493.2;5.04707e+06;158794
369;0.0692288;22469.5;57159.5;5.05442e+06;159025
370;0.0678686;20427;52268.5;5.06114e+06;159237
371;0.0666493;18570.2;47785.2;5.06729e+06;159430
372;0.0655545;16882.2;43676.9;5.07291e+06;159607
373;0.0645702;15347.6;39913.5;5.07804e+06;159768
374;0.0636842;13952.5;36467.1;5.08274e+06;159916
375;0.0628858;12684.2;33311.9;5.08702e+06;160051
376;0.0621656;11531.2;30424.1;5.09094e+06;160174
377;0.0615154;10483;27781.9;5.09452e+06;160287
378;0.0609278;9530.12;25364.8;5.09779e+06;160390
379;0.0603965;8663.83;23154.4;5.10077e+06;160483
380;0.0599157;7876.29;21133.3;5.10349e+06;160569
381;0.0594803;7160.34;19285.8;5.10598e+06;160647
382;0.0590859;6509.46;17597.3;5.10825e+06;160719
383;0.0587284;5917.75;16054.5;5.11032e+06;160784
384;0.0584042;5379.83;14645;5.1122e+06;160843
385;0.0581101;4890.8;13357.6;5.11393e+06;160897
386;0.0578432;4446.23;12181.9;5.1155e+06;160947
387;0.0576009;4042.07;11108.4;5.11693e+06;160992
388;0.0573809;3674.64;10128.3;5.11824e+06;161033
389;0.0571811;3340.62;9233.8;5.11943e+06;161070
390;0.0569995;3036.96;8417.4;5.12051e+06;161105
391;0.0568345;2760.9;7672.43;5.1215e+06;161136
392;0.0566846;2509.93;6992.73;5.1224e+06;161164
393;0.0565483;2281.78;6372.67;5.12323e+06;161190
394;0.0564244;2074.37;5807.08;5.12398e+06;161214
395;0.0563117;1885.81;5291.24;5.12466e+06;161235
396;0.0562093;1714.39;4820.83;5.12528e+06;161255
397;0.0561161;1558.55;4391.9;5.12585e+06;161272
398;0.0560313;1416.88;4000.84;5.12636e+06;161289
399;0.0559542;1288.08;3644.33;5.12684e+06;161303
400;0.0558841;1171;3319.36;5.12726e+06;161317
401;0.0558203;1064.55;3023.16;5.12765e+06;161329
402;0.0557623;967.785;2753.22;5.12801e+06;161340
403;0.0557095;879.813;2507.23;5.12833e+06;161351
404;0.0556615;799.838;2283.08;5.12863e+06;161360
405;0.0556178;727.133;2078.84;5.1289e+06;161368
406;0.055578;661.037;1892.78;5.12914e+06;161376
407;0.0555418;600.949;1723.27;5.12936e+06;161383
408;0.0555089;546.322;1568.86;5.12957e+06;161389
409;0.055479;496.662;1428.22;5.12975e+06;161395
410;0.0554517;451.515;1300.13;5.12992e+06;161401
411;0.0554269;410.472;1183.46;5.13007e+06;161405
412;0.0554044;373.161;1077.22;5.13021e+06;161410
413;0.0553839;339.24;980.474;5.13034e+06;161414
414;0.0553652;308.403;892.38;5.13045e+06;161417
415;0.0553482;280.37;812.168;5.13056e+06;161421
416;0.0553327;254.884;739.137;5.13065e+06;161424
417;0.0553187;231.715;672.649;5.13074e+06;161426
418;0.0553059;210.652;612.12;5.13082e+06;161429
419;0.0552942;191.504;557.018;5.13089e+06;161431
420;0.0552836;174.096;506.859;5.13096e+06;161433
421;0.055274;158.271;461.202;5.13102e+06;161435
422;0.0552652;143.884;419.645;5.13107e+06;161437
423;0.0552573;130.805;381.822;5.13112e+06;161438
424;0.05525;118.915;347.397;5.13116e+06;161440
425;0.0552434;108.105;316.067;5.13121e+06;161441
426;0.0552374;98.2787;287.555;5.13124e+06;161442
427;0.0552319;89.3452;261.608;5.13128e+06;161443
428;0.055227;81.2237;237.996;5.13131e+06;161444
429;0.0552225;73.8405;216.511;5.13134e+06;161445
430;0.0552183;67.1284;196.96;5.13136e+06;161446
431;0.0552146;61.0264;179.171;5.13138e+06;161447
432;0.0552112;55.4791;162.985;5.13141e+06;161447
433;0.0552081;50.4361;148.258;5.13142e+06;161448
434;0.0552053;45.8514;134.859;5.13144e+06;161448
435;0.0552027;41.6835;122.668;5.13146e+06;161449
436;0.0552004;37.8945;111.578;5.13147e+06;161449
437;0.0551983;34.4499;101.488;5.13149e+06;161450
438;0.0551964;31.3184;92.3088;5.1315e+06;161450
439;0.0551946;28.4716;83.9586;5.13151e+06;161451
440;0.055193;25.8835;76.3625;5.13152e+06;161451
441;0.0551916;23.5307;69.4525;5.13153e+06;161451
442;0.0551902;21.3917;63.1669;5.13154e+06;161451
443;0.055189;19.4472;57.4492;5.13154e+06;161452
444;0.055188;17.6795;52.2484;5.13155e+06;161452
445;0.055187;16.0724;47.5177;5.13156e+06;161452
446;0.0551861;14.6114;43.2148;5.13156e+06;161452
447;0.0551852;13.2833;39.301;5.13157e+06;161452
448;0.0551845;12.0758;35.7413;5.13157e+06;161452
449;0.0551838;10.9781;32.5035;5.13157e+06;161453
450;0.0551832;9.98021;29.5588;5.13158e+06;161453
451;0.0551826;9.07301;26.8805;5.13158e+06;161453
452;0.0551821;8.24827;24.4446;5.13159e+06;161453
453;0.0551817;7.49851;22.2293;5.13159e+06;161453
454;0.0551812;6.81689;20.2145;5.13159e+06;161453
455;0.0551809;6.19724;18.3821;5.13159e+06;161453
456;0.0551805;5.63391;16.7157;5.1316e+06;161453
457;0.0551802;5.12179;15.2002;5.1316e+06;161453
458;0.0551799;4.65622;13.822;5.1316e+06;161453
459;0.0551796;4.23297;12.5686;5.1316e+06;161453
460;0.0551794;3.84819;11.4288;5.1316e+06;161453
461;0.0551792;3.49839;10.3923;5.1316e+06;161454
462;0.055179;3.18039;9.44973;5.1316e+06;161454
463;0.0551788;2.89129;8.59257;5.13161e+06;161454
464;0.0551786;2.62847;7.81311;5.13161e+06;161454
465;0.0551785;2.38954;7.10431;5.13161e+06;161454
466;0.0551784;2.17233;6.45977;5.13161e+06;161454
467;0.0551782;1.97487;5.87366;5.13161e+06;161454
468;0.0551781;1.79535;5.3407;5.13161e+06;161454
469;0.055178;1.63216;4.85607;5.13161e+06;161454
470;0.0551779;1.48379;4.41539;5.13161e+06;161454
471;0.0551779;1.34892;4.01468;5.13161e+06;161454
472;0.0551778;1.2263;3.65032;5.13161e+06;161454
473;0.0551777;1.11483;3.31901;5.13161e+06;161454
474;0.0551776;1.01349;3.01775;5.13161e+06;161454
475;0.0551776;0.921365;2.74382;5.13161e+06;161454
476;0.0551775;0.837613;2.49475;5.13161e+06;161454
477;0.0551775;0.761474;2.26827;5.13161e+06;161454
478;0.0551774;0.692256;2.06235;5.13161e+06;161454
479;0.0551774;0.62933;1.87511;5.13161e+06;161454
480;0.0551774;0.572124;1.70487;5.13161e+06;161454
481;0.0551773;0.520118;1.55007;5.13162e+06;161454
482;0.0551773;0.472839;1.40933;5.13162e+06;161454
483;0.0551773;0.429858;1.28136;5.13162e+06;161454
484;0.0551773;0.390784;1.165;5.13162e+06;161454
485;0.0551772;0.355262;1.05921;5.13162e+06;161454
486;0.0551772;0.322969;0.963022;5.13162e+06;161454
487;0.0551772;0.293611;0.875565;5.13162e+06;161454
488;0.0551772;0.266922;0.796049;5.13162e+06;161454
489;0.0551772;0.242658;0.723751;5.13162e+06;161454
490;0.0551772;0.220601;0.658018;5.13162e+06;161454
491;0.0551771;0.200548;0.598253;5.13162e+06;161454
492;0.0551771;0.182318;0.543915;5.13162e+06;161454
493;0.0551771;0.165746;0.49451;5.13162e+06;161454
