207;4.99944e+06;1.7647;0.8787;0.1176;0.0037
208;4.99944e+06;3.15493;0.932525;0.220935;0.00695119
209;4.99944e+06;4.51377;1.10619;0.3306;0.0104015
210;4.99943e+06;6.05557;1.38231;0.460688;0.0144944
211;4.99943e+06;7.94448;1.76509;0.623248;0.019609
212;4.99943e+06;10.3372;2.27314;0.830823;0.0261398
213;4.99942e+06;13.4089;2.93706;1.09814;0.0345504
214;4.99942e+06;17.3731;3.79966;1.44354;0.0454176
215;4.99941e+06;22.4991;4.91797;1.89038;0.0594763
216;4.9994e+06;29.1326;6.36659;2.46874;0.0776728
217;4.99939e+06;37.7195;8.24248;3.21745;0.101229
218;4.99938e+06;48.8362;10.6714;4.18676;0.131726
219;4.99936e+06;63.2285;13.8161;5.44171;0.17121
220;4.99933e+06;81.8619;17.8877;7.06649;0.22233
221;4.9993e+06;105.986;23.1592;9.17009;0.288515
222;4.99926e+06;137.22;29.9841;11.8936;0.374204
223;4.99921e+06;177.658;38.8204;15.4197;0.485145
224;4.99914e+06;230.012;50.2606;19.985;0.62878
225;4.99905e+06;297.793;65.0721;25.8957;0.814744
226;4.99894e+06;385.548;84.2482;33.5481;1.05551
227;4.99879e+06;499.159;109.075;43.4557;1.36723
228;4.9986e+06;646.246;141.218;56.283;1.77081
229;4.99835e+06;836.667;182.832;72.8902;2.29331
230;4.99802e+06;1083.19;236.708;94.3913;2.96979
231;4.99761e+06;1402.32;306.457;122.228;3.84561
232;4.99707e+06;1815.46;396.755;158.267;4.9795
233;4.99637e+06;2350.25;513.654;204.926;6.44749
234;4.99546e+06;3042.5;664.986;265.331;8.34801
235;4.99429e+06;3938.51;860.886;343.534;10.8085
236;4.99277e+06;5098.14;1114.47;444.774;13.9937
237;4.99081e+06;6598.8;1442.71;575.836;18.1173
238;4.98826e+06;8540.53;1867.54;745.498;23.4553
239;4.98498e+06;11052.5;2417.34;965.121;30.3652
240;4.98072e+06;14301.4;3128.79;1249.4;39.3093
241;4.97522e+06;18502.1;4049.26;1617.34;50.8859
242;4.96811e+06;23931.4;5239.93;2093.54;65.8681
243;4.95892e+06;30945.1;6779.69;2709.75;85.2558
244;4.94705e+06;39999.5;8770.22;3507.04;110.341
245;4.93174e+06;51678.5;11342.4;4538.42;142.791
246;4.91199e+06;66726.3;14664.1;5872.28;184.757
247;4.88657e+06;86086.8;18950.8;7596.78;239.014
248;4.85388e+06;110950;24477.3;9825.39;309.132
249;4.81194e+06;142805;31593.6;12703.9;399.698
250;4.75827e+06;183490;40742.3;16419.3;516.595
251;4.68984e+06;235248;52479.5;21210.6;667.341
252;4.60295e+06;300751;67497.8;27382.2;861.516
253;4.49326e+06;383098;86648.5;35320;1111.26
254;4.35581e+06;485731;110962;45509.8;1431.86
255;4.18515e+06;612231;141655;58558.9;1842.42
256;3.97581e+06;765919;180124;75217.6;2366.54
257;3.72291e+06;949199;227897;96400.1;3033
258;3.42325e+06;1.16258e+06;286535;123201;3876.22
259;3.07675e+06;1.4034e+06;357457;156897;4936.4
260;2.68816e+06;1.66442e+06;441667;198934;6258.99
261;2.26855e+06;1.93273e+06;539388;250874;7893.16
262;1.83596e+06;2.18965e+06;649646;314306;9888.89
263;1.41412e+06;2.41245e+06;769883;390705;12292.6
264;1.02888e+06;2.57839e+06;895787;481243;15141.1
265;702567;2.67033e+06;1.0215e+06;586588;18455.6
266;448305;2.68186e+06;1.14033e+06;706716;22235.1
267;267051;2.61933e+06;1.24579e+06;840819;26454.3
268;148995;2.49929e+06;1.33277e+06;987324;31063.8
269;78463.7;2.34264e+06;1.39829e+06;1.14406e+06;35995
270;39455.8;2.1687e+06;1.44162e+06;1.3085e+06;41168.7
271;19211.6;1.99181e+06;1.46389e+06;1.47803e+06;46502.7
272;9191.36;1.82077e+06;1.46737e+06;1.65018e+06;51919.1
273;4380.73;1.66007e+06;1.45489e+06;1.82275e+06;57348.4
274;2104.93;1.51145e+06;1.42931e+06;1.99384e+06;62731.5
275;1029.46;1.37513e+06;1.39333e+06;2.16193e+06;68019.9
276;516.176;1.25065e+06;1.34932e+06;2.32579e+06;73175.2
277;266.68;1.13721e+06;1.29933e+06;2.48447e+06;78167.7
278;142.429;1.03397e+06;1.24509e+06;2.63727e+06;82975.2
279;78.7764;940041;1.18805e+06;2.78369e+06;87582.1
280;45.1521;854625;1.12939e+06;2.9234e+06;91977.8
281;26.8149;776958;1.07008e+06;3.05622e+06;96156.6
282;16.4879;706343;1.01091e+06;3.18206e+06;100116
283;10.4844;642142;952489;3.30094e+06;103856
284;6.88466;583775;895323;3.41296e+06;107380
285;4.66115;530712;839785;3.51825e+06;110693
286;3.24818;482472;786161;3.61701e+06;113800
287;2.32583;438616;734656;3.70946e+06;116709
288;1.70828;398747;685413;3.79585e+06;119427
289;1.28488;362501;638518;3.87646e+06;121963
290;0.988047;329550;594017;3.95155e+06;124326
291;0.775595;299594;551919;4.0214e+06;126524
292;0.620574;272361;512204;4.08631e+06;128566
293;0.505415;247604;474832;4.14655e+06;130461
294;0.418436;225096;439742;4.20239e+06;132218
295;0.351722;204635;406862;4.2541e+06;133845
296;0.299821;186034;376111;4.30195e+06;135350
297;0.258909;169124;347399;4.34618e+06;136742
298;0.226268;153750;320633;4.38703e+06;138027
299;0.199933;139774;295716;4.42474e+06;139214
300;0.178466;127069;272551;4.45951e+06;140308
301;0.160801;115518;251041;4.49157e+06;141316
302;0.146138;105018;231091;4.52109e+06;142245
303;0.133868;95471.7;212606;4.54826e+06;143100
304;0.123526;86793.3;195495;4.57327e+06;143887
305;0.114749;78903.8;179671;4.59626e+06;144610
306;0.107255;71731.4;165049;4.61739e+06;145275
307;0.10082;65211.1;151549;4.6368e+06;145886
308;0.0952645;59283.4;139094;4.65462e+06;146446
309;0.0904462;53894.5;127611;4.67098e+06;146961
310;0.0862488;48995.5;117030;4.68598e+06;147433
311;0.0825776;44541.8;107288;4.69975e+06;147866
312;0.0793551;40493;98323.1;4.71236e+06;148263
313;0.0765168;36812.2;90077.4;4.72393e+06;148627
314;0.0740094;33465.9;82497.2;4.73452e+06;148960
315;0.0717881;30423.9;75532.3;4.74422e+06;149265
316;0.0698153;27658.4;69135.8;4.7531e+06;149545
317;0.068059;25144.2;63263.8;4.76123e+06;149801
318;0.0664923;22858.6;57875.5;4.76867e+06;150035
319;0.0650919;20780.8;52933;4.77548e+06;150249
320;0.063838;18891.8;48401.2;4.7817e+06;150445
321;0.0627135;17174.5;44247.4;4.7874e+06;150624
322;0.0617036;15613.4;40441.4;4.7926e+06;150788
323;0.0607954;14194.1;36955.1;4.79736e+06;150937
324;0.0599777;12903.9;33762.7;4.8017e+06;151074
325;0.0592407;11730.9;30840.2;4.80567e+06;151199
326;0.0585757;10664.6;28165.7;4.8093e+06;151313
327;0.0579752;9695.16;25718.6;4.81261e+06;151417
328;0.0574324;8813.87;23480.2;4.81564e+06;151512
329;0.0569415;8012.69;21433.2;4.8184e+06;151599
330;0.0564973;7284.34;19561.7;4.82092e+06;151679
331;0.056095;6622.19;17851;4.82322e+06;151751
332;0.0557305;6020.24;16287.7;4.82532e+06;151817
333;0.0554;5473;14859.2;4.82723e+06;151877
334;0.0551003;4975.5;13554.3;4.82898e+06;151932
335;0.0548285;4523.23;12362.4;4.83057e+06;151982
336;0.0545817;4112.07;11274;4.83203e+06;152028
337;0.0543577;3738.28;10280.3;4.83335e+06;152070
338;0.0541543;3398.47;9373.08;4.83456e+06;152108
339;0.0539695;3089.55;8545.05;4.83566e+06;152143
340;0.0538016;2808.71;7789.38;4.83667e+06;152174
341;0.053649;2553.4;7099.84;4.83759e+06;152203
342;0.0535103;2321.29;6470.73;4.83842e+06;152229
343;0.0533843;2110.29;5896.84;4.83918e+06;152253
344;0.0532697;1918.46;5373.38;4.83988e+06;152275
345;0.0531655;1744.08;4895.97;4.84051e+06;152295
346;0.0530707;1585.54;4460.63;4.84108e+06;152313
347;0.0529845;1441.41;4063.68;4.84161e+06;152329
348;0.0529061;1310.39;3701.78;4.84209e+06;152345
349;0.0528348;1191.28;3371.87;4.84252e+06;152358
350;0.05277;1082.99;3071.15;4.84292e+06;152371
351;0.052711;984.545;2797.06;4.84328e+06;152382
352;0.0526573;895.05;2547.27;4.84361e+06;152392
353;0.0526085;813.69;2319.65;4.84391e+06;152402
354;0.052564;739.725;2112.24;4.84418e+06;152410
355;0.0525236;672.484;1923.27;4.84443e+06;152418
356;0.0524868;611.356;1751.1;4.84465e+06;152425
357;0.0524534;555.783;1594.27;4.84486e+06;152432
358;0.0524229;505.263;1451.4;4.84505e+06;152438
359;0.0523952;459.334;1321.28;4.84522e+06;152443
360;0.05237;417.581;1202.76;4.84537e+06;152448
361;0.0523471;379.623;1094.82;4.84552e+06;152452
362;0.0523262;345.115;996.528;4.84564e+06;152456
363;0.0523072;313.744;907.02;4.84576e+06;152460
364;0.05229;285.225;825.518;4.84587e+06;152464
365;0.0522742;259.298;751.309;4.84596e+06;152467
366;0.0522599;235.728;683.746;4.84605e+06;152469
367;0.0522469;214.3;622.235;4.84613e+06;152472
368;0.0522351;194.82;566.238;4.84621e+06;152474
369;0.0522243;177.111;515.262;4.84627e+06;152476
370;0.0522145;161.012;468.86;4.84633e+06;152478
371;0.0522056;146.376;426.624;4.84639e+06;152480
372;0.0521975;133.07;388.18;4.84644e+06;152482
373;0.0521901;120.974;353.19;4.84648e+06;152483
374;0.0521834;109.978;321.344;4.84653e+06;152484
375;0.0521773;99.9806;292.362;4.84656e+06;152485
376;0.0521718;90.8924;265.987;4.8466e+06;152487
377;0.0521667;82.6303;241.985;4.84663e+06;152488
378;0.0521621;75.1192;220.143;4.84666e+06;152488
379;0.0521579;68.2909;200.268;4.84668e+06;152489
380;0.0521541;62.0832;182.183;4.84671e+06;152490
381;0.0521507;56.4399;165.728;4.84673e+06;152491
382;0.0521475;51.3095;150.755;4.84675e+06;152491
383;0.0521447;46.6455;137.133;4.84677e+06;152492
384;0.0521421;42.4054;124.739;4.84678e+06;152492
385;0.0521397;38.5507;113.462;4.8468e+06;152493
386;0.0521375;35.0465;103.204;4.84681e+06;152493
387;0.0521356;31.8608;93.8709;4.84682e+06;152494
388;0.0521338;28.9646;85.3805;4.84683e+06;152494
389;0.0521322;26.3317;77.6567;4.84684e+06;152494
390;0.0521307;23.9382;70.6305;4.84685e+06;152495
391;0.0521294;21.7622;64.239;4.84686e+06;152495
392;0.0521281;19.784;58.425;4.84687e+06;152495
393;0.052127;17.9857;53.1364;4.84688e+06;152495
394;0.052126;16.3508;48.3259;4.84688e+06;152495
395;0.0521251;14.8645;43.9502;4.84689e+06;152496
396;0.0521243;13.5133;39.9702;4.84689e+06;152496
397;0.0521235;12.2849;36.3502;4.8469e+06;152496
398;0.0521228;11.1682;33.0576;4.8469e+06;152496
399;0.0521222;10.153;30.0629;4.84691e+06;152496
400;0.0521216;9.23013;27.3392;4.84691e+06;152496
401;0.0521211;8.39111;24.862;4.84691e+06;152496
402;0.0521206;7.62836;22.609;4.84692e+06;152496
403;0.0521202;6.93495;20.5599;4.84692e+06;152497
404;0.0521198;6.30456;18.6964;4.84692e+06;152497
405;0.0521195;5.73147;17.0016;4.84692e+06;152497
406;0.0521191;5.21048;15.4603;4.84692e+06;152497
407;0.0521188;4.73685;14.0586;4.84693e+06;152497
408;0.0521186;4.30627;12.7839;4.84693e+06;152497
409;0.0521183;3.91483;11.6246;4.84693e+06;152497
410;0.0521181;3.55897;10.5704;4.84693e+06;152497
411;0.0521179;3.23546;9.61174;4.84693e+06;152497
412;0.0521177;2.94136;8.73994;4.84693e+06;152497
413;0.0521176;2.67399;7.94715;4.84693e+06;152497
414;0.0521174;2.43093;7.22623;4.84694e+06;152497
415;0.0521173;2.20995;6.57066;4.84694e+06;152497
416;0.0521172;2.00907;5.97452;4.84694e+06;152497
417;0.052117;1.82645;5.43244;4.84694e+06;152497
418;0.0521169;1.66042;4.93951;4.84694e+06;152497
419;0.0521168;1.50949;4.49128;4.84694e+06;152497
420;0.0521168;1.37228;4.0837;4.84694e+06;152497
421;0.0521167;1.24754;3.71308;4.84694e+06;152497
422;0.0521166;1.13414;3.37609;4.84694e+06;152497
423;0.0521165;1.03104;3.06966;4.84694e+06;152497
424;0.0521165;0.937321;2.79103;4.84694e+06;152497
425;0.0521164;0.852119;2.53768;4.84694e+06;152497
426;0.0521164;0.774661;2.30732;4.84694e+06;152497
427;0.0521163;0.704245;2.09786;4.84694e+06;152497
428;0.0521163;0.640229;1.9074;4.84694e+06;152497
429;0.0521163;0.582032;1.73423;4.84694e+06;152497
430;0.0521162;0.529125;1.57678;4.84694e+06;152497
431;0.0521162;0.481028;1.43361;4.84694e+06;152497
432;0.0521162;0.437302;1.30344;4.84694e+06;152497
433;0.0521161;0.397552;1.18508;4.84694e+06;152497
434;0.0521161;0.361414;1.07747;4.84694e+06;152497
435;0.0521161;0.328562;0.979626;4.84694e+06;152497
436;0.0521161;0.298695;0.890663;4.84694e+06;152497
437;0.0521161;0.271544;0.809777;4.84694e+06;152497
438;0.0521161;0.246861;0.736235;4.84694e+06;152497
439;0.052116;0.224421;0.669369;4.84694e+06;152497
440;0.052116;0.204021;0.608575;4.84694e+06;152497
441;0.052116;0.185476;0.5533;4.84694e+06;152497
442;0.052116;0.168616;0.503044;4.84694e+06;152497
443;0.052116;0.153289;0.457352;4.84694e+06;152497
