142;4.08784e+06;1.7647;0.8787;0.1176;0.0037
143;4.08784e+06;3.15493;0.932525;0.220935;0.00695119
144;4.08784e+06;4.51377;1.10619;0.3306;0.0104015
145;4.08784e+06;6.05557;1.38231;0.460688;0.0144944
146;4.08783e+06;7.94448;1.76509;0.623248;0.019609
147;4.08783e+06;10.3372;2.27314;0.830823;0.0261398
148;4.08783e+06;13.4089;2.93706;1.09814;0.0345504
149;4.08782e+06;17.373;3.79966;1.44354;0.0454176
150;4.08781e+06;22.4991;4.91797;1.89038;0.0594763
151;4.08781e+06;29.1326;6.36659;2.46874;0.0776728
152;4.08779e+06;37.7194;8.24247;3.21745;0.101229
153;4.08778e+06;48.8361;10.6714;4.18676;0.131726
154;4.08776e+06;63.2283;13.8161;5.44171;0.17121
155;4.08774e+06;81.8617;17.8877;7.06649;0.22233
156;4.08771e+06;105.986;23.1591;9.17008;0.288514
157;4.08766e+06;137.219;29.9841;11.8936;0.374203
158;4.08761e+06;177.657;38.8202;15.4197;0.485144
159;4.08754e+06;230.01;50.2603;19.985;0.628779
160;4.08745e+06;297.79;65.0717;25.8956;0.814742
161;4.08734e+06;385.542;84.2476;33.548;1.05551
162;4.08719e+06;499.15;109.074;43.4555;1.36722
163;4.087e+06;646.229;141.216;56.2827;1.7708
164;4.08675e+06;836.64;182.829;72.8897;2.2933
165;4.08643e+06;1083.14;236.702;94.3903;2.96976
166;4.08601e+06;1402.25;306.448;122.227;3.84556
167;4.08547e+06;1815.33;396.74;158.265;4.97942
168;4.08477e+06;2350.04;513.629;204.921;6.44736
169;4.08386e+06;3042.14;664.944;265.324;8.34778
170;4.08269e+06;3937.89;860.816;343.522;10.8081
171;4.08117e+06;5097.11;1114.35;444.754;13.9931
172;4.07921e+06;6597.08;1442.51;575.802;18.1162
173;4.07667e+06;8537.63;1867.21;745.441;23.4535
174;4.07338e+06;11047.6;2416.79;965.024;30.3622
175;4.06913e+06;14293.2;3127.86;1249.24;39.3043
176;4.06364e+06;18488.5;4047.71;1617.07;50.8773
177;4.05654e+06;23908.7;5237.32;2093.08;65.8539
178;4.04737e+06;30907;6775.33;2708.99;85.2319
179;4.03553e+06;39935.8;8762.93;3505.77;110.301
180;4.02026e+06;51572.1;11330.2;4536.29;142.724
181;4.0006e+06;66548.6;14643.7;5868.72;184.645
182;3.97531e+06;85790.6;18916.7;7590.82;238.827
183;3.94284e+06;110457;24420.5;9815.42;308.819
184;3.90127e+06;141986;31498.8;12687.3;399.174
185;3.84822e+06;182133;40584.6;16391.5;515.72
186;3.78079e+06;233007;52217.6;21164.3;665.883
187;3.69555e+06;297067;67063.9;27305.1;859.088
188;3.58854e+06;377076;85932.5;35191.8;1107.22
189;3.45538e+06;475958;109785;45297.4;1425.17
190;3.29156e+06;596513;139733;58208.2;1831.38
191;3.09292e+06;740931;177006;74640.7;2348.39
192;2.85644e+06;910053;222886;95456.7;3003.31
193;2.5814e+06;1.10237e+06;278574;121668;3827.99
194;2.27067e+06;1.31289e+06;344989;154428;4858.72
195;1.9321e+06;1.53212e+06;422484;194999;6135.17
196;1.57919e+06;1.74577e+06;510506;244683;7698.36
197;1.23051e+06;1.93576e+06;607272;304719;9587.24
198;907166;2.08314e+06;709570;376134;11834.1
199;628480;2.17247e+06;812857;459579;14459.6
200;407161;2.19631e+06;911735;555171;17467.1
201;246219;2.15761e+06;1.00079e+06;662391;20840.5
202;139300;2.0684e+06;1.07552e+06;780084;24543.4
203;74233.2;1.94545e+06;1.13307e+06;906564;28522.9
204;37667.7;1.80517e+06;1.17247e+06;1.03981e+06;32715.2
205;18448.5;1.6603e+06;1.19434e+06;1.1777e+06;37053.4
206;8849.66;1.51898e+06;1.20039e+06;1.31815e+06;41472.4
207;4216.77;1.38554e+06;1.19286e+06;1.45932e+06;45913.9
208;2020.69;1.26179e+06;1.17411e+06;1.5996e+06;50327.5
209;983.729;1.14813e+06;1.14639e+06;1.73767e+06;54671.7
210;490.296;1.04426e+06;1.11169e+06;1.87249e+06;58913.3
211;251.558;949573;1.07177e+06;2.00322e+06;63026.6
212;133.346;863375;1.02808e+06;2.12926e+06;66992.1
213;73.1791;784954;981854;2.25017e+06;70796
214;41.6149;713633;934108;2.36563e+06;74428.9
215;24.5226;648781;885670;2.47548e+06;77885.1
216;14.9646;589817;837212;2.57964e+06;81162.1
217;9.44659;536208;789273;2.67809e+06;84259.7
218;6.16019;487470;742275;2.77091e+06;87180
219;4.14324;443161;696548;2.8582e+06;89926.5
220;2.86937;402879;652340;2.94012e+06;92503.7
221;2.04262;366258;609833;3.01683e+06;94917.4
222;1.4921;332966;569153;3.08855e+06;97173.7
223;1.11656;302699;530381;3.15548e+06;99279.6
224;0.854551;275184;493562;3.21785e+06;101242
225;0.667851;250170;458707;3.2759e+06;103068
226;0.532183;227430;425806;3.32984e+06;104765
227;0.431786;206757;394829;3.37992e+06;106341
228;0.356225;187963;365731;3.42635e+06;107802
229;0.29846;170877;338453;3.46936e+06;109155
230;0.253656;155344;312932;3.50916e+06;110407
231;0.218439;141223;289094;3.54596e+06;111565
232;0.190413;128386;266864;3.57996e+06;112635
233;0.167855;116716;246164;3.61134e+06;113622
234;0.149508;106106;226913;3.64029e+06;114533
235;0.134441;96461.4;209033;3.66697e+06;115373
236;0.121957;87693.1;192446;3.69156e+06;116146
237;0.111529;79721.8;177073;3.71419e+06;116858
238;0.102752;72475.1;162841;3.73501e+06;117513
239;0.0953154;65887.1;149676;3.75416e+06;118116
240;0.0889734;59898;137510;3.77176e+06;118669
241;0.0835339;54453.2;126275;3.78794e+06;119178
242;0.0788436;49503.5;115907;3.80279e+06;119645
243;0.0747796;45003.6;106348;3.81642e+06;120074
244;0.0712427;40912.8;97538.5;3.82892e+06;120468
245;0.0681518;37193.8;89426;3.84039e+06;120829
246;0.0654407;33812.9;81959.5;3.85091e+06;121160
247;0.0630546;30739.3;75091.4;3.86055e+06;121463
248;0.0609481;27945.1;68777.1;3.86938e+06;121741
249;0.0590829;25404.9;62974.6;3.87747e+06;121995
250;0.0574273;23095.6;57645.1;3.88487e+06;122228
251;0.0559542;20996.2;52752.1;3.89165e+06;122441
252;0.0546407;19087.6;48261.9;3.89786e+06;122637
253;0.0534671;17352.6;44142.8;3.90353e+06;122815
254;0.0524166;15775.2;40365.6;3.90872e+06;122979
255;0.0514749;14341.3;36903.2;3.91347e+06;123128
256;0.0506294;13037.6;33730.5;3.91781e+06;123264
257;0.0498693;11852.5;30824.1;3.92178e+06;123389
258;0.049185;10775.1;28162.5;3.9254e+06;123503
259;0.0485685;9795.67;25725.9;3.92871e+06;123607
260;0.0480123;8905.25;23495.7;3.93174e+06;123703
261;0.0475101;8095.76;21455.2;3.9345e+06;123790
262;0.0470563;7359.86;19588.6;3.93702e+06;123869
263;0.0466459;6690.84;17881.5;3.93933e+06;123941
264;0.0462746;6082.65;16320.7;3.94143e+06;124008
265;0.0459384;5529.74;14893.9;3.94335e+06;124068
266;0.0456338;5027.08;13589.9;3.9451e+06;124123
267;0.0453577;4570.12;12398.4;3.9467e+06;124173
268;0.0451073;4154.7;11309.9;3.94816e+06;124219
269;0.0448802;3777.04;10315.7;3.94949e+06;124261
270;0.0446741;3433.7;9407.72;3.9507e+06;124299
271;0.0444869;3121.58;8578.69;3.95181e+06;124334
272;0.044317;2837.83;7821.85;3.95282e+06;124366
273;0.0441627;2579.87;7131.02;3.95374e+06;124395
274;0.0440225;2345.36;6500.53;3.95457e+06;124421
275;0.0438951;2132.17;5925.21;3.95534e+06;124445
276;0.0437792;1938.35;5400.3;3.95604e+06;124467
277;0.043674;1762.16;4921.44;3.95667e+06;124487
278;0.0435783;1601.98;4484.65;3.95725e+06;124505
279;0.0434913;1456.36;4086.28;3.95778e+06;124522
280;0.0434121;1323.97;3723;3.95826e+06;124537
281;0.0433402;1203.63;3391.75;3.9587e+06;124551
282;0.0432747;1094.22;3089.74;3.95909e+06;124563
283;0.0432152;994.752;2814.42;3.95946e+06;124575
284;0.043161;904.329;2563.45;3.95979e+06;124585
285;0.0431118;822.125;2334.71;3.96009e+06;124595
286;0.043067;747.394;2126.24;3.96037e+06;124603
287;0.0430262;679.456;1936.26;3.96062e+06;124611
288;0.0429891;617.694;1763.16;3.96084e+06;124618
289;0.0429553;561.545;1605.44;3.96105e+06;124625
290;0.0429246;510.501;1461.74;3.96124e+06;124631
291;0.0428967;464.096;1330.84;3.96141e+06;124636
292;0.0428713;421.91;1211.59;3.96157e+06;124641
293;0.0428481;383.558;1102.98;3.96171e+06;124646
294;0.0428271;348.693;1004.05;3.96184e+06;124650
295;0.042808;316.997;913.956;3.96196e+06;124653
296;0.0427905;288.182;831.908;3.96207e+06;124657
297;0.0427747;261.986;757.194;3.96216e+06;124660
298;0.0427603;238.172;689.161;3.96225e+06;124663
299;0.0427471;216.522;627.215;3.96233e+06;124665
300;0.0427352;196.84;570.816;3.96241e+06;124668
301;0.0427243;178.947;519.469;3.96247e+06;124670
302;0.0427145;162.681;472.723;3.96253e+06;124672
303;0.0427055;147.893;430.17;3.96259e+06;124673
304;0.0426973;134.45;391.434;3.96264e+06;124675
305;0.0426898;122.228;356.174;3.96269e+06;124676
306;0.0426831;111.118;324.081;3.96273e+06;124678
307;0.0426769;101.017;294.87;3.96277e+06;124679
308;0.0426713;91.8347;268.285;3.9628e+06;124680
309;0.0426662;83.4869;244.09;3.96283e+06;124681
310;0.0426616;75.898;222.071;3.96286e+06;124682
311;0.0426574;68.9988;202.033;3.96289e+06;124683
312;0.0426535;62.7268;183.798;3.96291e+06;124683
313;0.04265;57.025;167.205;3.96293e+06;124684
314;0.0426469;51.8414;152.107;3.96295e+06;124685
315;0.042644;47.129;138.369;3.96297e+06;124685
316;0.0426413;42.845;125.869;3.96299e+06;124686
317;0.0426389;38.9504;114.495;3.963e+06;124686
318;0.0426368;35.4098;104.148;3.96302e+06;124687
319;0.0426348;32.1911;94.7333;3.96303e+06;124687
320;0.042633;29.2649;86.1683;3.96304e+06;124687
321;0.0426314;26.6047;78.3763;3.96305e+06;124688
322;0.0426299;24.1863;71.2876;3.96306e+06;124688
323;0.0426285;21.9878;64.8389;3.96307e+06;124688
324;0.0426273;19.9891;58.9727;3.96307e+06;124689
325;0.0426262;18.1721;53.6363;3.96308e+06;124689
326;0.0426252;16.5203;48.7821;3.96309e+06;124689
327;0.0426242;15.0186;44.3665;3.96309e+06;124689
328;0.0426234;13.6534;40.35;3.9631e+06;124689
329;0.0426226;12.4123;36.6967;3.9631e+06;124689
330;0.0426219;11.284;33.3736;3.96311e+06;124690
331;0.0426213;10.2583;30.3511;3.96311e+06;124690
332;0.0426207;9.32582;27.602;3.96312e+06;124690
333;0.0426202;8.47811;25.1016;3.96312e+06;124690
334;0.0426197;7.70745;22.8274;3.96312e+06;124690
335;0.0426193;7.00684;20.7591;3.96312e+06;124690
336;0.0426189;6.36992;18.8779;3.96313e+06;124690
337;0.0426185;5.79089;17.1671;3.96313e+06;124690
338;0.0426182;5.2645;15.6111;3.96313e+06;124690
339;0.0426179;4.78596;14.196;3.96313e+06;124690
340;0.0426176;4.35092;12.9091;3.96313e+06;124690
341;0.0426174;3.95542;11.7387;3.96314e+06;124690
342;0.0426172;3.59587;10.6743;3.96314e+06;124691
343;0.042617;3.26901;9.70641;3.96314e+06;124691
344;0.0426168;2.97185;8.82618;3.96314e+06;124691
345;0.0426166;2.70171;8.0257;3.96314e+06;124691
346;0.0426165;2.45613;7.29777;3.96314e+06;124691
347;0.0426163;2.23286;6.63581;3.96314e+06;124691
348;0.0426162;2.0299;6.03386;3.96314e+06;124691
349;0.0426161;1.84538;5.48647;3.96314e+06;124691
350;0.042616;1.67764;4.9887;3.96314e+06;124691
351;0.0426159;1.52514;4.53607;3.96315e+06;124691
352;0.0426158;1.3865;4.12448;3.96315e+06;124691
353;0.0426157;1.26047;3.75021;3.96315e+06;124691
354;0.0426157;1.14589;3.40989;3.96315e+06;124691
355;0.0426156;1.04173;3.10043;3.96315e+06;124691
356;0.0426155;0.947038;2.81904;3.96315e+06;124691
357;0.0426155;0.860953;2.56318;3.96315e+06;124691
358;0.0426154;0.782692;2.33053;3.96315e+06;124691
359;0.0426154;0.711545;2.11898;3.96315e+06;124691
360;0.0426153;0.646866;1.92663;3.96315e+06;124691
361;0.0426153;0.588066;1.75173;3.96315e+06;124691
362;0.0426153;0.534611;1.5927;3.96315e+06;124691
363;0.0426152;0.486015;1.4481;3.96315e+06;124691
364;0.0426152;0.441836;1.31662;3.96315e+06;124691
365;0.0426152;0.401673;1.19708;3.96315e+06;124691
366;0.0426152;0.365161;1.08839;3.96315e+06;124691
367;0.0426151;0.331968;0.989558;3.96315e+06;124691
368;0.0426151;0.301792;0.899701;3.96315e+06;124691
369;0.0426151;0.274359;0.818;3.96315e+06;124691
370;0.0426151;0.24942;0.743716;3.96315e+06;124691
371;0.0426151;0.226748;0.676175;3.96315e+06;124691
372;0.0426151;0.206136;0.614767;3.96315e+06;124691
373;0.0426151;0.187399;0.558933;3.96315e+06;124691
374;0.042615;0.170364;0.508169;3.96315e+06;124691
375;0.042615;0.154878;0.462014;3.96315e+06;124691
