174;1.13381e+07;1.7647;0.8787;0.1176;0.0037
175;1.13381e+07;3.15493;0.932525;0.220935;0.00695119
176;1.13381e+07;4.51377;1.10619;0.3306;0.0104015
177;1.13381e+07;6.05557;1.38231;0.460688;0.0144944
178;1.13381e+07;7.94449;1.76509;0.623248;0.019609
179;1.13381e+07;10.3372;2.27314;0.830823;0.0261398
180;1.13381e+07;13.4089;2.93706;1.09814;0.0345505
181;1.13381e+07;17.3731;3.79966;1.44354;0.0454176
182;1.13381e+07;22.4991;4.91798;1.89038;0.0594763
183;1.13381e+07;29.1327;6.3666;2.46874;0.0776728
184;1.13381e+07;37.7196;8.24249;3.21745;0.101229
185;1.13381e+07;48.8364;10.6714;4.18677;0.131726
186;1.13381e+07;63.2288;13.8162;5.44172;0.171211
187;1.1338e+07;81.8626;17.8878;7.0665;0.22233
188;1.1338e+07;105.988;23.1593;9.17011;0.288515
189;1.1338e+07;137.222;29.9843;11.8936;0.374205
190;1.13379e+07;177.661;38.8207;15.4198;0.485147
191;1.13378e+07;230.017;50.2612;19.9851;0.628783
192;1.13377e+07;297.802;65.073;25.8958;0.81475
193;1.13376e+07;385.562;84.2499;33.5484;1.05552
194;1.13375e+07;499.184;109.078;43.4562;1.36724
195;1.13373e+07;646.287;141.223;56.2838;1.77083
196;1.1337e+07;836.737;182.84;72.8916;2.29336
197;1.13367e+07;1083.3;236.721;94.3935;2.96986
198;1.13363e+07;1402.52;306.479;122.232;3.84573
199;1.13358e+07;1815.79;396.792;158.274;4.9797
200;1.13351e+07;2350.8;513.716;204.937;6.44783
201;1.13342e+07;3043.42;665.09;265.35;8.34858
202;1.1333e+07;3940.05;861.062;343.564;10.8094
203;1.13315e+07;5100.73;1114.77;444.825;13.9953
204;1.13295e+07;6603.14;1443.2;575.922;18.12
205;1.1327e+07;8547.79;1868.37;745.642;23.4598
206;1.13237e+07;11064.7;2418.73;965.362;30.3728
207;1.13194e+07;14321.8;3131.11;1249.8;39.3221
208;1.13139e+07;18536.3;4053.16;1618.02;50.9072
209;1.13067e+07;23988.7;5246.46;2094.67;65.9039
210;1.12975e+07;31040.9;6790.63;2711.66;85.3158
211;1.12856e+07;40159.9;8788.55;3510.24;110.441
212;1.12701e+07;51946.7;11373;4543.77;142.959
213;1.12502e+07;67174.6;14715.4;5881.24;185.039
214;1.12244e+07;86835.7;19036.6;7611.77;239.486
215;1.11912e+07;112200;24620.9;9850.48;309.922
216;1.11483e+07;144887;31833.3;12745.9;401.019
217;1.1093e+07;186955;41142.2;16489.5;518.802
218;1.1022e+07;240998;53145.8;21327.8;671.028
219;1.09308e+07;310268;68605.9;27577.8;867.668
220;1.08141e+07;398793;88487.3;35645.8;1121.51
221;1.06651e+07;511493;114004;46051.9;1448.91
222;1.04759e+07;654264;146670;59458.8;1870.73
223;1.02367e+07;833975;188352;76707.2;2413.41
224;9.93653e+06;1.05832e+06;241313;98857.4;3110.31
225;9.56323e+06;1.33543e+06;308243;127236;4003.17
226;9.10426e+06;1.673e+06;392244;163485;5143.67
227;8.5482e+06;2.07699e+06;496741;209613;6594.97
228;7.88692e+06;2.54947e+06;625285;268030;8432.91
229;7.11878e+06;3.08586e+06;781185;341563;10746.5
230;6.25242e+06;3.67172e+06;966932;433431;13636.8
231;5.31033e+06;4.28005e+06;1.1834e+06;547142;17214.5
232;4.33074e+06;4.87058e+06;1.42891e+06;686310;21593.1
233;3.36575e+06;5.39284e+06;1.69832e+06;854350;26880
234;2.47396e+06;5.79441e+06;1.98252e+06;1.05407e+06;33163.8
235;1.70835e+06;6.03332e+06;2.26876e+06;1.28722e+06;40499.2
236;1.10294e+06;6.0903e+06;2.54198e+06;1.55402e+06;48893.6
237;664683;5.97495e+06;2.78725e+06;1.85296e+06;58298.9
238;374844;5.72166e+06;2.99228e+06;2.18074e+06;68611.7
239;199207;5.3772e+06;3.14941e+06;2.53263e+06;79683.2
240;100868;4.98675e+06;3.25618e+06;2.903e+06;91336
241;49332.9;4.58499e+06;3.3145e+06;3.28593e+06;103384
242;23649;4.1939e+06;3.32923e+06;3.67571e+06;115647
243;11268.5;3.82505e+06;3.30662e+06;4.06723e+06;127966
244;5402.99;3.48322e+06;3.25322e+06;4.45609e+06;140200
245;2632.99;3.16937e+06;3.17523e+06;4.83867e+06;152237
246;1314.06;2.88259e+06;3.07817e+06;5.21208e+06;163985
247;675.261;2.6212e+06;2.96682e+06;5.57407e+06;175375
248;358.552;2.38325e+06;2.84521e+06;5.92297e+06;186352
249;197.119;2.16678e+06;2.71672e+06;6.25756e+06;196879
250;112.297;1.9699e+06;2.58414e+06;6.57705e+06;206931
251;66.2912;1.79088e+06;2.44975e+06;6.88095e+06;216492
252;40.5234;1.62812e+06;2.31539e+06;7.16904e+06;225556
253;25.6234;1.48014e+06;2.18253e+06;7.44133e+06;234123
254;16.7358;1.3456e+06;2.05233e+06;7.69799e+06;242199
255;11.2732;1.22329e+06;1.9257e+06;7.93934e+06;249792
256;7.81828;1.1121e+06;1.80331e+06;8.16581e+06;256917
257;5.57304;1.01101e+06;1.68566e+06;8.37788e+06;263590
258;4.0761;919111;1.57309e+06;8.57611e+06;269827
259;3.05378;835565;1.46582e+06;8.7611e+06;275647
260;2.33972;759612;1.36397e+06;8.93348e+06;281071
261;1.83039;690564;1.26757e+06;9.09389e+06;286117
262;1.45993;627792;1.17658e+06;9.24295e+06;290807
263;1.18554;570726;1.09093e+06;9.38132e+06;295161
264;0.978862;518847;1.01048e+06;9.50961e+06;299197
265;0.82074;471684;935072;9.62845e+06;302936
266;0.698014;428808;864524;9.73841e+06;306396
267;0.601483;389830;798636;9.84008e+06;309594
268;0.524619;354394;737197;9.934e+06;312549
269;0.462718;322180;679989;1.00207e+07;315277
270;0.412346;292894;626793;1.01007e+07;317793
271;0.370959;266270;577387;1.01744e+07;320112
272;0.336654;242066;531554;1.02423e+07;322248
273;0.307987;220062;489080;1.03048e+07;324215
274;0.283853;200059;449758;1.03623e+07;326025
275;0.263394;181873;413388;1.04152e+07;327689
276;0.245943;165341;379776;1.04638e+07;329218
277;0.230971;150312;348739;1.05085e+07;330623
278;0.218057;136648;320100;1.05495e+07;331914
279;0.206866;124227;293693;1.05871e+07;333098
280;0.197124;112935;269361;1.06217e+07;334185
281;0.188609;102669;246953;1.06533e+07;335181
282;0.181138;93336.3;226330;1.06824e+07;336095
283;0.174562;84852.1;207361;1.0709e+07;336933
284;0.168756;77139;189921;1.07334e+07;337700
285;0.163615;70127.1;173895;1.07557e+07;338403
286;0.15905;63752.5;159176;1.07762e+07;339046
287;0.154988;57957.4;145663;1.07949e+07;339635
288;0.151366;52689.1;133263;1.0812e+07;340174
289;0.148129;47899.7;121887;1.08277e+07;340667
290;0.145232;43545.6;111457;1.0842e+07;341118
291;0.142635;39587.3;101895;1.08551e+07;341530
292;0.140302;35988.8;93133.8;1.08671e+07;341907
293;0.138205;32717.4;85108;1.08781e+07;342252
294;0.136318;29743.4;77758.4;1.08881e+07;342567
295;0.134616;27039.7;71030;1.08972e+07;342855
296;0.133082;24581.8;64872;1.09056e+07;343117
297;0.131696;22347.4;59237.5;1.09132e+07;343357
298;0.130444;20316;54083.4;1.09202e+07;343577
299;0.129312;18469.3;49369.8;1.09265e+07;343777
300;0.128287;16790.4;45060.1;1.09323e+07;343959
301;0.127359;15264.2;41120.5;1.09376e+07;344126
302;0.126518;13876.6;37520.1;1.09425e+07;344278
303;0.125756;12615.3;34230.3;1.09469e+07;344417
304;0.125065;11468.5;31224.9;1.09509e+07;344544
305;0.124439;10426;28479.8;1.09546e+07;344659
306;0.12387;9478.32;25972.9;1.09579e+07;344765
307;0.123353;8616.74;23684;1.0961e+07;344861
308;0.122884;7833.48;21594.4;1.09638e+07;344948
309;0.122458;7121.41;19687.1;1.09663e+07;345028
310;0.122071;6474.08;17946.4;1.09686e+07;345101
311;0.12172;5885.58;16358;1.09707e+07;345167
312;0.1214;5350.59;14908.7;1.09727e+07;345228
313;0.12111;4864.22;13586.7;1.09744e+07;345283
314;0.120845;4422.06;12380.8;1.0976e+07;345333
315;0.120605;4020.1;11280.9;1.09775e+07;345379
316;0.120387;3654.67;10278;1.09788e+07;345421
317;0.120188;3322.46;9363.48;1.098e+07;345459
318;0.120007;3020.45;8529.7;1.09811e+07;345494
319;0.119843;2745.89;7769.61;1.09821e+07;345525
320;0.119694;2496.29;7076.76;1.0983e+07;345554
321;0.119558;2269.38;6445.26;1.09838e+07;345580
322;0.119434;2063.09;5869.74;1.09846e+07;345604
323;0.119321;1875.56;5345.27;1.09853e+07;345626
324;0.119219;1705.07;4867.38;1.09859e+07;345645
325;0.119126;1550.08;4431.96;1.09865e+07;345663
326;0.119041;1409.17;4035.26;1.0987e+07;345680
327;0.118964;1281.08;3673.88;1.09875e+07;345695
328;0.118894;1164.63;3344.69;1.09879e+07;345708
329;0.11883;1058.77;3044.84;1.09883e+07;345721
330;0.118772;962.524;2771.74;1.09887e+07;345732
331;0.118719;875.031;2523.02;1.0989e+07;345742
332;0.118671;795.49;2296.52;1.09893e+07;345752
333;0.118627;723.18;2090.26;1.09896e+07;345760
334;0.118587;657.443;1902.45;1.09898e+07;345768
335;0.118551;597.682;1731.45;1.099e+07;345775
336;0.118518;543.353;1575.75;1.09902e+07;345781
337;0.118488;493.962;1434;1.09904e+07;345787
338;0.118461;449.061;1304.96;1.09906e+07;345792
339;0.118436;408.241;1187.49;1.09907e+07;345797
340;0.118414;371.132;1080.55;1.09909e+07;345802
341;0.118393;337.396;983.219;1.0991e+07;345806
342;0.118374;306.727;894.624;1.09911e+07;345809
343;0.118357;278.845;813.988;1.09912e+07;345813
344;0.118342;253.498;740.598;1.09913e+07;345816
345;0.118328;230.455;673.806;1.09914e+07;345818
346;0.118315;209.507;613.022;1.09915e+07;345821
347;0.118303;190.463;557.707;1.09916e+07;345823
348;0.118293;173.15;507.37;1.09916e+07;345825
349;0.118283;157.41;461.565;1.09917e+07;345827
350;0.118274;143.102;419.886;1.09917e+07;345829
351;0.118266;130.094;381.962;1.09918e+07;345830
352;0.118259;118.268;347.455;1.09918e+07;345832
353;0.118253;107.518;316.06;1.09919e+07;345833
354;0.118247;97.7444;287.495;1.09919e+07;345834
355;0.118241;88.8595;261.507;1.0992e+07;345835
356;0.118236;80.7821;237.863;1.0992e+07;345836
357;0.118232;73.4391;216.354;1.0992e+07;345837
358;0.118228;66.7634;196.786;1.0992e+07;345838
359;0.118224;60.6947;178.984;1.09921e+07;345839
360;0.11822;55.1775;162.791;1.09921e+07;345839
361;0.118217;50.1619;148.06;1.09921e+07;345840
362;0.118215;45.6022;134.66;1.09921e+07;345840
363;0.118212;41.4569;122.471;1.09921e+07;345841
364;0.11821;37.6885;111.384;1.09921e+07;345841
365;0.118208;34.2626;101.299;1.09922e+07;345842
366;0.118206;31.1481;92.1256;1.09922e+07;345842
367;0.118204;28.3168;83.7821;1.09922e+07;345843
368;0.118202;25.7428;76.1933;1.09922e+07;345843
369;0.118201;23.4028;69.2911;1.09922e+07;345843
370;0.1182;21.2755;63.0134;1.09922e+07;345843
371;0.118198;19.3415;57.3038;1.09922e+07;345844
372;0.118197;17.5834;52.111;1.09922e+07;345844
373;0.118196;15.9851;47.3883;1.09922e+07;345844
374;0.118195;14.532;43.0931;1.09922e+07;345844
375;0.118195;13.2111;39.1869;1.09922e+07;345844
376;0.118194;12.0102;35.6344;1.09922e+07;345844
377;0.118193;10.9184;32.4037;1.09922e+07;345845
378;0.118192;9.92596;29.4656;1.09923e+07;345845
379;0.118192;9.02369;26.7937;1.09923e+07;345845
380;0.118191;8.20344;24.3639;1.09923e+07;345845
381;0.118191;7.45774;22.1542;1.09923e+07;345845
382;0.118191;6.77984;20.1448;1.09923e+07;345845
383;0.11819;6.16355;18.3175;1.09923e+07;345845
384;0.11819;5.60328;16.6559;1.09923e+07;345845
385;0.118189;5.09394;15.1449;1.09923e+07;345845
386;0.118189;4.63091;13.7708;1.09923e+07;345845
387;0.118189;4.20996;12.5214;1.09923e+07;345845
388;0.118189;3.82727;11.3852;1.09923e+07;345845
389;0.118188;3.47937;10.3521;1.09923e+07;345845
390;0.118188;3.1631;9.41266;1.09923e+07;345846
391;0.118188;2.87557;8.55843;1.09923e+07;345846
392;0.118188;2.61418;7.78168;1.09923e+07;345846
393;0.118188;2.37655;7.07539;1.09923e+07;345846
394;0.118188;2.16053;6.43318;1.09923e+07;345846
395;0.118188;1.96413;5.84922;1.09923e+07;345846
396;0.118187;1.78559;5.31825;1.09923e+07;345846
397;0.118187;1.62328;4.83546;1.09923e+07;345846
398;0.118187;1.47573;4.39648;1.09923e+07;345846
399;0.118187;1.34158;3.99733;1.09923e+07;345846
400;0.118187;1.21963;3.6344;1.09923e+07;345846
401;0.118187;1.10877;3.30441;1.09923e+07;345846
402;0.118187;1.00798;3.00437;1.09923e+07;345846
403;0.118187;0.916357;2.73157;1.09923e+07;345846
404;0.118187;0.83306;2.48353;1.09923e+07;345846
405;0.118187;0.757335;2.258;1.09923e+07;345846
406;0.118187;0.688493;2.05295;1.09923e+07;345846
407;0.118187;0.625909;1.86651;1.09923e+07;345846
408;0.118187;0.569014;1.697;1.09923e+07;345846
409;0.118187;0.517291;1.54287;1.09923e+07;345846
410;0.118187;0.470269;1.40274;1.09923e+07;345846
411;0.118187;0.427522;1.27534;1.09923e+07;345846
412;0.118187;0.38866;1.1595;1.09923e+07;345846
413;0.118187;0.353331;1.05418;1.09923e+07;345846
414;0.118187;0.321213;0.958429;1.09923e+07;345846
415;0.118187;0.292015;0.87137;1.09923e+07;345846
416;0.118186;0.265471;0.792217;1.09923e+07;345846
417;0.118186;0.241339;0.720252;1.09923e+07;345846
418;0.118186;0.219402;0.654823;1.09923e+07;345846
419;0.118186;0.199458;0.595337;1.09923e+07;345846
420;0.118186;0.181327;0.541253;1.09923e+07;345846
421;0.118186;0.164845;0.492082;1.09923e+07;345846
