129;1.18926e+06;1.7647;0.8787;0.1176;0.0037
130;1.18926e+06;3.15493;0.932525;0.220935;0.00695119
131;1.18926e+06;4.51377;1.10619;0.3306;0.0104015
132;1.18926e+06;6.05556;1.38231;0.460688;0.0144944
133;1.18926e+06;7.94446;1.76509;0.623248;0.019609
134;1.18925e+06;10.3371;2.27313;0.830823;0.0261398
135;1.18925e+06;13.4088;2.93705;1.09814;0.0345504
136;1.18924e+06;17.3729;3.79965;1.44354;0.0454175
137;1.18924e+06;22.4988;4.91795;1.89038;0.0594762
138;1.18923e+06;29.1322;6.36655;2.46873;0.0776726
139;1.18922e+06;37.7188;8.2424;3.21744;0.101229
140;1.1892e+06;48.8349;10.6712;4.18674;0.131726
141;1.18918e+06;63.2264;13.8159;5.44168;0.171209
142;1.18916e+06;81.8583;17.8873;7.06643;0.222328
143;1.18913e+06;105.98;23.1585;9.16998;0.288511
144;1.18909e+06;137.21;29.983;11.8934;0.374198
145;1.18903e+06;177.641;38.8184;15.4194;0.485135
146;1.18897e+06;229.983;50.2573;19.9845;0.628763
147;1.18888e+06;297.744;65.0665;25.8947;0.814715
148;1.18876e+06;385.464;84.2388;33.5465;1.05546
149;1.18861e+06;499.019;109.059;43.453;1.36714
150;1.18842e+06;646.01;141.191;56.2784;1.77066
151;1.18817e+06;836.271;182.787;72.8825;2.29307
152;1.18785e+06;1082.52;236.632;94.3783;2.96938
153;1.18743e+06;1401.21;306.33;122.206;3.84492
154;1.18689e+06;1813.58;396.542;158.231;4.97834
155;1.18619e+06;2347.11;513.296;204.864;6.44555
156;1.18529e+06;3037.24;664.386;265.227;8.34474
157;1.18412e+06;3929.68;859.88;343.359;10.803
158;1.18261e+06;5081.59;1111.91;444.364;13.9808
159;1.18066e+06;6570.89;1438.95;575.124;18.0949
160;1.17814e+06;8494.56;1861.7;744.344;23.419
161;1.17489e+06;10977.1;2408.03;963.28;30.3073
162;1.17069e+06;14177.4;3113.75;1246.46;39.217
163;1.16528e+06;18297.8;4024.78;1612.64;50.7379
164;1.15832e+06;23594.1;5199.84;2085.95;65.6295
165;1.14938e+06;30387.2;6713.8;2697.46;84.869
166;1.13793e+06;39076.2;8661.62;3487;109.71
167;1.1233e+06;50150.8;11163;4505.61;141.758
168;1.1047e+06;64200.9;14367.6;5818.37;183.061
169;1.08114e+06;81920;18460.7;7508.01;236.221
170;1.05152e+06;104095;23667.9;9678.98;304.526
171;1.01458e+06;131571;30259.2;12462.3;392.097
172;969011;165181;38548.6;16020.8;504.056
173;913560;205617;48887.6;20554.1;646.686
174;847253;253233;61648;26303.3;827.57
175;769696;307771;77189;33553.1;1055.67
176;681460;368031;95802.4;42630.5;1341.27
177;584477;431560;117636;53896.9;1695.74
178;482310;494498;142595;67730.9;2130.99
179;380076;551783;170248;84500;2658.59
180;283845;597856;199754;104521;3288.51
181;199480;627876;229868;128012;4027.6
182;131209;639073;259059;155045;4878.11
183;80564.4;631626;285727;185510;5836.63
184;46239;608537;308482;219111;6893.81
185;24950.3;574509;326379;255389;8035.2
186;12784.9;534452;339012;293771;9242.8
187;6303.23;492352;346472;333639;10497.1
188;3033.84;450866;349200;374384;11779.1
189;1446.12;411470;347825;415450;13071.1
190;691.463;374822;343037;456354;14358.1
191;335.202;341107;335498;496695;15627.3
192;166.11;310270;325808;536150;16868.7
193;84.6497;282148;314491;574465;18074.1
194;44.5383;256541;301990;611449;19237.8
195;24.2525;233241;288678;646963;20355.1
196;13.683;212050;274863;680912;21423.2
197;8.00005;192781;260798;713235;22440.2
198;4.84466;175260;246687;743905;23405.2
199;3.03572;159331;232695;772916;24317.9
200;1.96567;144849;218952;800281;25178.9
201;1.31324;131682;205560;826029;25989
202;0.903735;119713;192595;850203;26749.6
203;0.639525;108831;180116;872852;27462.2
204;0.464566;98938.7;168160;894034;28128.6
205;0.34584;89945.3;156756;913810;28750.8
206;0.263405;81769.4;145917;932244;29330.8
207;0.204932;74336.6;135651;949404;29870.7
208;0.162621;67579.4;125953;965356;30372.6
209;0.131432;61436.5;116818;980169;30838.6
210;0.108043;55851.9;108233;993906;31270.9
211;0.0902232;50775;100181;1.00663e+06;31671.3
212;0.0764446;46159.6;92644.5;1.01842e+06;32042
213;0.065645;41963.7;85602.6;1.02931e+06;32384.8
214;0.0570735;38149.2;79033.5;1.03938e+06;32701.5
215;0.0501912;34681.4;72914.5;1.04867e+06;32993.9
216;0.044606;31528.9;67222.5;1.05725e+06;33263.7
217;0.0400287;28662.9;61934.4;1.06515e+06;33512.4
218;0.0362434;26057.5;57027.2;1.07244e+06;33741.6
219;0.033087;23688.8;52478.4;1.07914e+06;33952.6
220;0.0304349;21535.5;48266.1;1.08531e+06;34146.8
221;0.0281908;19578;44369;1.09099e+06;34325.4
222;0.0262797;17798.3;40766.7;1.09621e+06;34489.5
223;0.0246426;16180.5;37439.6;1.101e+06;34640.4
224;0.0232325;14709.7;34369;1.1054e+06;34778.9
225;0.022012;13372.5;31537.1;1.10945e+06;34906
226;0.0209508;12157;28927.2;1.11316e+06;35022.7
227;0.0200243;11051.9;26523.4;1.11656e+06;35129.8
228;0.0192122;10047.3;24310.7;1.11968e+06;35227.9
229;0.0184981;9134;22275.2;1.12253e+06;35317.9
230;0.0178679;8303.72;20403.5;1.12515e+06;35400.3
231;0.0173104;7548.91;18683.3;1.12755e+06;35475.8
232;0.0168158;6862.72;17103.2;1.12975e+06;35544.9
233;0.0163759;6238.9;15652.4;1.13176e+06;35608.2
234;0.0159838;5671.78;14320.9;1.1336e+06;35666.1
235;0.0156336;5156.22;13099.3;1.13529e+06;35719.1
236;0.0153204;4687.52;11979.1;1.13683e+06;35767.5
237;0.0150396;4261.42;10952.1;1.13824e+06;35811.9
238;0.0147876;3874.06;10011;1.13952e+06;35852.4
239;0.0145611;3521.91;9148.82;1.1407e+06;35889.4
240;0.0143573;3201.77;8359.21;1.14178e+06;35923.3
241;0.0141737;2910.73;7636.27;1.14276e+06;35954.2
242;0.0140081;2646.14;6974.58;1.14366e+06;35982.5
243;0.0138586;2405.61;6369.1;1.14448e+06;36008.3
244;0.0137235;2186.94;5815.19;1.14523e+06;36031.8
245;0.0136014;1988.14;5308.6;1.14591e+06;36053.4
246;0.0134909;1807.42;4845.39;1.14654e+06;36073
247;0.0133909;1643.13;4421.94;1.14711e+06;36090.9
248;0.0133003;1493.77;4034.92;1.14763e+06;36107.3
249;0.0132182;1357.98;3681.27;1.1481e+06;36122.2
250;0.0131437;1234.54;3358.17;1.14853e+06;36135.8
251;0.0130762;1122.32;3063.04;1.14893e+06;36148.3
252;0.0130149;1020.3;2793.52;1.14929e+06;36159.6
253;0.0129592;927.559;2547.41;1.14962e+06;36169.9
254;0.0129087;843.244;2322.72;1.14992e+06;36179.4
255;0.0128628;766.593;2117.63;1.15019e+06;36187.9
256;0.0128211;696.91;1930.44;1.15044e+06;36195.8
257;0.0127833;633.561;1759.63;1.15067e+06;36202.9
258;0.0127488;575.97;1603.78;1.15087e+06;36209.4
259;0.0127176;523.614;1461.59;1.15106e+06;36215.4
260;0.0126891;476.018;1331.9;1.15123e+06;36220.8
261;0.0126632;432.748;1213.61;1.15139e+06;36225.7
262;0.0126397;393.411;1105.74;1.15153e+06;36230.2
263;0.0126183;357.65;1007.37;1.15166e+06;36234.3
264;0.0125989;325.14;917.687;1.15178e+06;36238
265;0.0125812;295.584;835.927;1.15189e+06;36241.4
266;0.0125651;268.716;761.398;1.15199e+06;36244.5
267;0.0125504;244.29;693.467;1.15208e+06;36247.3
268;0.0125371;222.084;631.555;1.15216e+06;36249.9
269;0.012525;201.896;575.135;1.15223e+06;36252.2
270;0.012514;183.544;523.723;1.1523e+06;36254.3
271;0.012504;166.86;476.88;1.15236e+06;36256.3
272;0.0124948;151.692;434.202;1.15242e+06;36258.1
273;0.0124865;137.903;395.322;1.15247e+06;36259.7
274;0.012479;125.368;359.905;1.15252e+06;36261.1
275;0.0124721;113.972;327.644;1.15256e+06;36262.5
276;0.0124658;103.612;298.261;1.1526e+06;36263.7
277;0.0124602;94.1937;271.5;1.15263e+06;36264.8
278;0.012455;85.6315;247.13;1.15266e+06;36265.8
279;0.0124503;77.8476;224.937;1.15269e+06;36266.7
280;0.012446;70.7713;204.728;1.15272e+06;36267.5
281;0.0124421;64.3381;186.328;1.15274e+06;36268.3
282;0.0124385;58.4898;169.575;1.15276e+06;36269
283;0.0124353;53.1731;154.322;1.15278e+06;36269.6
284;0.0124324;48.3397;140.436;1.1528e+06;36270.2
285;0.0124297;43.9456;127.795;1.15282e+06;36270.7
286;0.0124273;39.9509;116.288;1.15283e+06;36271.2
287;0.0124251;36.3194;105.814;1.15285e+06;36271.6
288;0.012423;33.018;96.2803;1.15286e+06;36272
289;0.0124212;30.0166;87.6028;1.15287e+06;36272.3
290;0.0124195;27.2881;79.7051;1.15288e+06;36272.7
291;0.012418;24.8076;72.5174;1.15289e+06;36273
292;0.0124167;22.5526;65.976;1.1529e+06;36273.2
293;0.0124154;20.5026;60.0232;1.15291e+06;36273.5
294;0.0124143;18.6389;54.6061;1.15292e+06;36273.7
295;0.0124132;16.9446;49.6766;1.15292e+06;36273.9
296;0.0124123;15.4044;45.1911;1.15293e+06;36274.1
297;0.0124114;14.0041;41.1097;1.15293e+06;36274.2
298;0.0124106;12.7311;37.3961;1.15294e+06;36274.4
299;0.0124099;11.5739;34.0172;1.15294e+06;36274.5
300;0.0124093;10.5218;30.943;1.15295e+06;36274.7
301;0.0124087;9.56538;28.146;1.15295e+06;36274.8
302;0.0124082;8.69589;25.6014;1.15295e+06;36274.9
303;0.0124077;7.90543;23.2864;1.15296e+06;36275
304;0.0124072;7.18683;21.1804;1.15296e+06;36275.1
305;0.0124068;6.53355;19.2645;1.15296e+06;36275.1
306;0.0124065;5.93965;17.5216;1.15296e+06;36275.2
307;0.0124061;5.39973;15.9361;1.15297e+06;36275.3
308;0.0124058;4.9089;14.4939;1.15297e+06;36275.3
309;0.0124056;4.46268;13.182;1.15297e+06;36275.4
310;0.0124053;4.05702;11.9887;1.15297e+06;36275.4
311;0.0124051;3.68824;10.9033;1.15297e+06;36275.5
312;0.0124049;3.35298;9.91595;1.15297e+06;36275.5
313;0.0124047;3.04819;9.01793;1.15297e+06;36275.6
314;0.0124045;2.77111;8.20114;1.15298e+06;36275.6
315;0.0124044;2.51922;7.45823;1.15298e+06;36275.6
316;0.0124042;2.29022;6.78255;1.15298e+06;36275.6
317;0.0124041;2.08204;6.168;1.15298e+06;36275.7
318;0.012404;1.89278;5.60908;1.15298e+06;36275.7
319;0.0124039;1.72073;5.10076;1.15298e+06;36275.7
320;0.0124038;1.56432;4.63845;1.15298e+06;36275.7
321;0.0124037;1.42212;4.218;1.15298e+06;36275.8
322;0.0124036;1.29285;3.83563;1.15298e+06;36275.8
323;0.0124035;1.17533;3.48789;1.15298e+06;36275.8
324;0.0124035;1.06849;3.17164;1.15298e+06;36275.8
325;0.0124034;0.971366;2.88405;1.15298e+06;36275.8
326;0.0124033;0.883068;2.62251;1.15298e+06;36275.8
327;0.0124033;0.802798;2.38467;1.15298e+06;36275.8
328;0.0124032;0.729823;2.16838;1.15298e+06;36275.8
329;0.0124032;0.663482;1.9717;1.15298e+06;36275.8
330;0.0124032;0.603172;1.79284;1.15298e+06;36275.8
331;0.0124031;0.548344;1.6302;1.15298e+06;36275.9
332;0.0124031;0.498499;1.4823;1.15298e+06;36275.9
333;0.0124031;0.453186;1.34781;1.15298e+06;36275.9
334;0.012403;0.411991;1.22552;1.15298e+06;36275.9
335;0.012403;0.374541;1.11431;1.15298e+06;36275.9
336;0.012403;0.340495;1.01319;1.15298e+06;36275.9
337;0.012403;0.309544;0.921242;1.15298e+06;36275.9
338;0.012403;0.281407;0.837633;1.15298e+06;36275.9
339;0.012403;0.255827;0.761608;1.15299e+06;36275.9
340;0.0124029;0.232572;0.69248;1.15299e+06;36275.9
341;0.0124029;0.211431;0.629623;1.15299e+06;36275.9
342;0.0124029;0.192212;0.572469;1.15299e+06;36275.9
343;0.0124029;0.17474;0.5205;1.15299e+06;36275.9
344;0.0124029;0.158856;0.473248;1.15299e+06;36275.9
