207;1.06299e+07;1.7647;0.8787;0.1176;0.0037
208;1.06299e+07;3.15493;0.932525;0.220935;0.00695119
209;1.06299e+07;4.51377;1.10619;0.3306;0.0104015
210;1.06299e+07;6.05557;1.38231;0.460688;0.0144944
211;1.06299e+07;7.94449;1.76509;0.623248;0.019609
212;1.06299e+07;10.3372;2.27314;0.830823;0.0261398
213;1.06299e+07;13.4089;2.93706;1.09814;0.0345505
214;1.06299e+07;17.3731;3.79966;1.44354;0.0454176
215;1.06299e+07;22.4991;4.91798;1.89038;0.0594763
216;1.06299e+07;29.1327;6.3666;2.46874;0.0776728
217;1.06299e+07;37.7196;8.24249;3.21745;0.101229
218;1.06299e+07;48.8364;10.6714;4.18677;0.131726
219;1.06298e+07;63.2288;13.8162;5.44172;0.171211
220;1.06298e+07;81.8625;17.8878;7.0665;0.22233
221;1.06298e+07;105.987;23.1593;9.1701;0.288515
222;1.06297e+07;137.222;29.9843;11.8936;0.374205
223;1.06297e+07;177.661;38.8207;15.4198;0.485147
224;1.06296e+07;230.017;50.2611;19.9851;0.628783
225;1.06295e+07;297.802;65.073;25.8958;0.814749
226;1.06294e+07;385.562;84.2498;33.5484;1.05552
227;1.06293e+07;499.183;109.078;43.4562;1.36724
228;1.06291e+07;646.285;141.222;56.2837;1.77083
229;1.06288e+07;836.733;182.839;72.8915;2.29335
230;1.06285e+07;1083.3;236.72;94.3934;2.96986
231;1.06281e+07;1402.51;306.478;122.232;3.84572
232;1.06276e+07;1815.77;396.79;158.273;4.97969
233;1.06269e+07;2350.77;513.713;204.936;6.44781
234;1.06259e+07;3043.38;665.085;265.349;8.34855
235;1.06248e+07;3939.97;861.053;343.563;10.8094
236;1.06233e+07;5100.59;1114.75;444.822;13.9953
237;1.06213e+07;6602.91;1443.17;575.917;18.1198
238;1.06187e+07;8547.41;1868.32;745.634;23.4596
239;1.06155e+07;11064;2418.65;965.349;30.3724
240;1.06112e+07;14320.7;3130.99;1249.78;39.3214
241;1.06057e+07;18534.5;4052.95;1617.99;50.9061
242;1.05985e+07;23985.7;5246.11;2094.61;65.902
243;1.05893e+07;31035.9;6790.06;2711.56;85.3126
244;1.05774e+07;40151.4;8787.58;3510.07;110.436
245;1.05619e+07;51932.6;11371.4;4543.49;142.95
246;1.0542e+07;67150.9;14712.7;5880.77;185.024
247;1.05163e+07;86796.1;19032.1;7610.98;239.461
248;1.0483e+07;112134;24613.3;9849.16;309.88
249;1.04402e+07;144777;31820.7;12743.7;400.949
250;1.0385e+07;186770;41121;16485.8;518.686
251;1.03141e+07;240691;53110.5;21321.6;670.833
252;1.02232e+07;309757;68546.9;27567.4;867.342
253;1.01068e+07;397946;88389.1;35628.5;1120.97
254;9.95852e+06;510093;113841;46023.1;1448.01
255;9.77029e+06;651957;146399;59410.8;1869.22
256;9.53279e+06;830194;187904;76627.3;2410.89
257;9.23536e+06;1.05217e+06;240576;98724.8;3106.14
258;8.8664e+06;1.32548e+06;307036;127017;3996.27
259;8.4143e+06;1.6571e+06;390278;163124;5132.3
260;7.86886e+06;2.0519e+06;493568;209021;6576.33
261;7.2237e+06;2.51054e+06;620216;267064;8402.53
262;6.47934e+06;3.0267e+06;773192;340002;10697.3
263;5.64682e+06;3.58409e+06;954531;430929;13558.1
264;4.75086e+06;4.15426e+06;1.16454e+06;543182;17089.9
265;3.83091e+06;4.69659e+06;1.4009e+06;680132;21398.7
266;2.93817e+06;5.16241e+06;1.65789e+06;844878;26582.1
267;2.12747e+06;5.50385e+06;1.92605e+06;1.03985e+06;32716.3
268;1.44511e+06;5.6859e+06;2.19272e+06;1.26635e+06;39842.7
269;917085;5.69708e+06;2.44359e+06;1.52421e+06;47955.7
270;543369;5.55293e+06;2.66505e+06;1.81158e+06;56997
271;301670;5.28987e+06;2.84654e+06;2.12499e+06;66857.7
272;158210;4.95248e+06;2.98211e+06;2.45974e+06;77389.9
273;79311.4;4.5812e+06;3.07056e+06;2.81044e+06;88423.7
274;38543.4;4.20553e+06;3.11453e+06;3.17154e+06;99784.8
275;18425.7;3.84337e+06;3.11902e+06;3.53781e+06;111309
276;8784;3.50365e+06;3.09004e+06;3.9046e+06;122849
277;4225.26;3.18973e+06;3.0337e+06;4.26799e+06;134282
278;2070.06;2.90193e+06;2.95566e+06;4.62476e+06;145507
279;1040.24;2.63918e+06;2.86093e+06;4.97234e+06;156443
280;538.798;2.39978e+06;2.7538e+06;5.30879e+06;167028
281;288.547;2.18189e+06;2.6379e+06;5.63263e+06;177217
282;160.043;1.98368e+06;2.51626e+06;5.94285e+06;186977
283;91.9916;1.80344e+06;2.39135e+06;6.23876e+06;196288
284;54.7845;1.63954e+06;2.26521e+06;6.51999e+06;205136
285;33.7773;1.49053e+06;2.13948e+06;6.78637e+06;213517
286;21.5344;1.35505e+06;2.01545e+06;7.03798e+06;221433
287;14.1759;1.23188e+06;1.89415e+06;7.27499e+06;228890
288;9.6202;1.11991e+06;1.77637e+06;7.49775e+06;235898
289;6.71883;1.01811e+06;1.66269e+06;7.70665e+06;242471
290;4.82096;925568;1.55355e+06;7.90218e+06;248623
291;3.54782;841436;1.44924e+06;8.08488e+06;254371
292;2.67332;764950;1.34994e+06;8.25531e+06;259733
293;2.05921;695417;1.25572e+06;8.41406e+06;264728
294;1.61897;632204;1.16662e+06;8.56173e+06;269374
295;1.29727;574737;1.08257e+06;8.69893e+06;273691
296;1.05796;522493;1.0035e+06;8.82624e+06;277696
297;0.876984;474999;929271;8.94425e+06;281409
298;0.738013;431822;859728;9.05353e+06;284848
299;0.62978;392569;794695;9.15464e+06;288028
300;0.54438;356885;733983;9.24809e+06;290969
301;0.47618;324444;677392;9.33441e+06;293685
302;0.42111;294952;624716;9.41407e+06;296191
303;0.376185;268141;575749;9.48754e+06;298502
304;0.33919;243767;530285;9.55524e+06;300633
305;0.30846;221609;488120;9.61761e+06;302595
306;0.282732;201464;449055;9.67501e+06;304401
307;0.261034;183151;412898;9.72782e+06;306062
308;0.24261;166503;379462;9.77637e+06;307590
309;0.226872;151368;348568;9.821e+06;308994
310;0.21335;137608;320046;9.86199e+06;310284
311;0.201674;125100;293733;9.89963e+06;311468
312;0.191543;113728;269475;9.93417e+06;312555
313;0.182714;103390;247126;9.96586e+06;313552
314;0.174991;93992.2;226547;9.99492e+06;314466
315;0.168209;85448.3;207611;1.00216e+07;315304
316;0.162234;77681.1;190195;1.0046e+07;316073
317;0.156955;70619.9;174186;1.00683e+07;316776
318;0.152276;64200.5;159476;1.00888e+07;317421
319;0.148121;58364.7;145968;1.01076e+07;318011
320;0.144421;53059.4;133567;1.01248e+07;318551
321;0.14112;48236.3;122189;1.01405e+07;319045
322;0.138168;43851.6;111752;1.01548e+07;319497
323;0.135526;39865.5;102182;1.0168e+07;319911
324;0.133155;36241.7;93411.4;1.018e+07;320289
325;0.131026;32947.3;85375;1.0191e+07;320634
326;0.129112;29952.4;78013.9;1.0201e+07;320950
327;0.127387;27229.8;71273.5;1.02102e+07;321239
328;0.125833;24754.6;65103.2;1.02186e+07;321503
329;0.124431;22504.4;59456.4;1.02262e+07;321743
330;0.123164;20458.7;54290;1.02332e+07;321963
331;0.122019;18599;49564.3;1.02396e+07;322164
332;0.120984;16908.4;45242.8;1.02454e+07;322348
333;0.120047;15371.4;41291.8;1.02508e+07;322515
334;0.119198;13974.2;37680.4;1.02556e+07;322668
335;0.118429;12703.9;34380;1.026e+07;322807
336;0.117732;11549.1;31364.5;1.02641e+07;322935
337;0.1171;10499.3;28609.8;1.02678e+07;323051
338;0.116526;9544.92;26093.8;1.02711e+07;323156
339;0.116006;8677.29;23796.3;1.02742e+07;323253
340;0.115533;7888.52;21698.5;1.0277e+07;323341
341;0.115104;7171.46;19783.6;1.02796e+07;323421
342;0.114714;6519.57;18035.7;1.02819e+07;323494
343;0.11436;5926.94;16440.6;1.0284e+07;323561
344;0.114038;5388.18;14985.1;1.02859e+07;323622
345;0.113745;4898.4;13657.2;1.02877e+07;323678
346;0.113479;4453.13;12445.9;1.02893e+07;323728
347;0.113237;4048.34;11341;1.02908e+07;323774
348;0.113017;3680.35;10333.3;1.02921e+07;323816
349;0.112818;3345.81;9414.42;1.02933e+07;323854
350;0.112636;3041.67;8576.58;1.02944e+07;323889
351;0.11247;2765.19;7812.73;1.02954e+07;323921
352;0.11232;2513.83;7116.4;1.02963e+07;323950
353;0.112183;2285.32;6481.69;1.02972e+07;323976
354;0.112058;2077.59;5903.2;1.02979e+07;324000
355;0.111945;1888.73;5375.99;1.02986e+07;324022
356;0.111842;1717.05;4895.57;1.02993e+07;324042
357;0.111748;1560.97;4457.82;1.02999e+07;324060
358;0.111663;1419.08;4058.98;1.03004e+07;324076
359;0.111585;1290.08;3695.62;1.03009e+07;324091
360;0.111515;1172.81;3364.61;1.03013e+07;324105
361;0.111451;1066.21;3063.09;1.03017e+07;324118
362;0.111392;969.288;2788.45;1.0302e+07;324129
363;0.111339;881.18;2538.32;1.03024e+07;324139
364;0.111291;801.08;2310.52;1.03027e+07;324149
365;0.111246;728.262;2103.08;1.03029e+07;324157
366;0.111206;662.063;1914.17;1.03032e+07;324165
367;0.11117;601.882;1742.16;1.03034e+07;324172
368;0.111137;547.171;1585.55;1.03036e+07;324178
369;0.111107;497.433;1442.96;1.03038e+07;324184
370;0.111079;452.216;1313.15;1.0304e+07;324190
371;0.111054;411.11;1194.97;1.03041e+07;324195
372;0.111031;373.74;1087.39;1.03043e+07;324199
373;0.111011;339.767;989.461;1.03044e+07;324203
374;0.110992;308.882;900.324;1.03045e+07;324207
375;0.110975;280.805;819.192;1.03046e+07;324210
376;0.110959;255.28;745.35;1.03047e+07;324213
377;0.110945;232.075;678.144;1.03048e+07;324216
378;0.110932;210.979;616.98;1.03049e+07;324218
379;0.110921;191.801;561.319;1.0305e+07;324221
380;0.11091;174.367;510.665;1.0305e+07;324223
381;0.1109;158.517;464.572;1.03051e+07;324224
382;0.110891;144.107;422.628;1.03051e+07;324226
383;0.110883;131.008;384.463;1.03052e+07;324228
384;0.110876;119.099;349.736;1.03052e+07;324229
385;0.110869;108.273;318.139;1.03053e+07;324230
386;0.110863;98.4313;289.391;1.03053e+07;324232
387;0.110858;89.4839;263.235;1.03053e+07;324233
388;0.110853;81.3498;239.439;1.03054e+07;324234
389;0.110848;73.9551;217.79;1.03054e+07;324235
390;0.110844;67.2326;198.094;1.03054e+07;324235
391;0.11084;61.1212;180.177;1.03055e+07;324236
392;0.110837;55.5653;163.877;1.03055e+07;324237
393;0.110834;50.5144;149.05;1.03055e+07;324237
394;0.110831;45.9226;135.562;1.03055e+07;324238
395;0.110829;41.7483;123.293;1.03055e+07;324238
396;0.110826;37.9533;112.132;1.03055e+07;324239
397;0.110824;34.5034;101.98;1.03056e+07;324239
398;0.110822;31.367;92.7466;1.03056e+07;324240
399;0.11082;28.5158;84.3477;1.03056e+07;324240
400;0.110819;25.9237;76.7084;1.03056e+07;324240
401;0.110817;23.5672;69.7601;1.03056e+07;324241
402;0.110816;21.425;63.4405;1.03056e+07;324241
403;0.110815;19.4774;57.6927;1.03056e+07;324241
404;0.110814;17.7069;52.4651;1.03056e+07;324241
405;0.110813;16.0974;47.7106;1.03056e+07;324242
406;0.110812;14.6341;43.3866;1.03056e+07;324242
407;0.110811;13.3039;39.454;1.03056e+07;324242
408;0.11081;12.0946;35.8776;1.03056e+07;324242
409;0.11081;10.9952;32.625;1.03056e+07;324242
410;0.110809;9.99571;29.6671;1.03056e+07;324242
411;0.110808;9.0871;26.9771;1.03057e+07;324242
412;0.110808;8.26108;24.5308;1.03057e+07;324243
413;0.110807;7.51015;22.3061;1.03057e+07;324243
414;0.110807;6.82748;20.2831;1.03057e+07;324243
415;0.110807;6.20686;18.4433;1.03057e+07;324243
416;0.110806;5.64266;16.7704;1.03057e+07;324243
417;0.110806;5.12974;15.249;1.03057e+07;324243
418;0.110806;4.66345;13.8656;1.03057e+07;324243
419;0.110805;4.23954;12.6076;1.03057e+07;324243
420;0.110805;3.85417;11.4637;1.03057e+07;324243
421;0.110805;3.50382;10.4235;1.03057e+07;324243
422;0.110805;3.18533;9.47762;1.03057e+07;324243
423;0.110805;2.89578;8.61753;1.03057e+07;324243
424;0.110804;2.63255;7.83545;1.03057e+07;324243
425;0.110804;2.39325;7.12431;1.03057e+07;324243
426;0.110804;2.17571;6.47768;1.03057e+07;324243
427;0.110804;1.97794;5.88971;1.03057e+07;324243
428;0.110804;1.79814;5.35508;1.03057e+07;324243
429;0.110804;1.63469;4.86896;1.03057e+07;324243
430;0.110804;1.4861;4.42695;1.03057e+07;324243
431;0.110804;1.35101;4.02505;1.03057e+07;324243
432;0.110803;1.2282;3.65962;1.03057e+07;324243
433;0.110803;1.11656;3.32735;1.03057e+07;324243
434;0.110803;1.01507;3.02524;1.03057e+07;324243
435;0.110803;0.922796;2.75054;1.03057e+07;324243
436;0.110803;0.838914;2.50079;1.03057e+07;324243
437;0.110803;0.762657;2.2737;1.03057e+07;324243
438;0.110803;0.693331;2.06722;1.03057e+07;324243
439;0.110803;0.630308;1.87949;1.03057e+07;324243
440;0.110803;0.573013;1.70881;1.03057e+07;324243
441;0.110803;0.520926;1.55361;1.03057e+07;324243
442;0.110803;0.473574;1.41251;1.03057e+07;324243
443;0.110803;0.430526;1.28422;1.03057e+07;324243
444;0.110803;0.391391;1.16758;1.03057e+07;324243
445;0.110803;0.355814;1.06153;1.03057e+07;324243
446;0.110803;0.32347;0.965111;1.03057e+07;324243
447;0.110803;0.294067;0.877447;1.03057e+07;324243
448;0.110803;0.267336;0.797743;1.03057e+07;324243
449;0.110803;0.243035;0.725278;1.03057e+07;324243
450;0.110803;0.220943;0.659393;1.03057e+07;324243
451;0.110803;0.20086;0.599493;1.03057e+07;324243
452;0.110803;0.182602;0.545032;1.03057e+07;324243
453;0.110803;0.166003;0.495518;1.03057e+07;324243
