184;2.50692e+07;1.7647;0.8787;0.1176;0.0037
185;2.50692e+07;3.15493;0.932525;0.220935;0.00695119
186;2.50692e+07;4.51377;1.10619;0.3306;0.0104015
187;2.50692e+07;6.05557;1.38231;0.460688;0.0144944
188;2.50692e+07;7.94449;1.76509;0.623248;0.019609
189;2.50692e+07;10.3372;2.27314;0.830823;0.0261398
190;2.50692e+07;13.4089;2.93706;1.09814;0.0345505
191;2.50692e+07;17.3731;3.79967;1.44354;0.0454176
192;2.50692e+07;22.4991;4.91798;1.89038;0.0594763
193;2.50692e+07;29.1327;6.3666;2.46874;0.0776729
194;2.50692e+07;37.7197;8.2425;3.21745;0.101229
195;2.50692e+07;48.8365;10.6714;4.18677;0.131727
196;2.50691e+07;63.229;13.8162;5.44172;0.171211
197;2.50691e+07;81.8628;17.8878;7.06651;0.222331
198;2.50691e+07;105.988;23.1593;9.17011;0.288515
199;2.50691e+07;137.223;29.9844;11.8937;0.374205
200;2.5069e+07;177.662;38.8209;15.4198;0.485147
201;2.50689e+07;230.019;50.2614;19.9852;0.628785
202;2.50688e+07;297.806;65.0735;25.8959;0.814752
203;2.50687e+07;385.569;84.2506;33.5485;1.05552
204;2.50686e+07;499.195;109.079;43.4564;1.36725
205;2.50684e+07;646.305;141.225;56.2841;1.77084
206;2.50681e+07;836.766;182.843;72.8921;2.29338
207;2.50678e+07;1083.35;236.726;94.3945;2.96989
208;2.50674e+07;1402.6;306.488;122.234;3.84578
209;2.50669e+07;1815.93;396.808;158.277;4.97979
210;2.50662e+07;2351.04;513.743;204.941;6.44798
211;2.50652e+07;3043.82;665.136;265.357;8.34883
212;2.50641e+07;3940.72;861.138;343.577;10.8098
213;2.50626e+07;5101.84;1114.89;444.847;13.996
214;2.50606e+07;6605.02;1443.41;575.959;18.1211
215;2.5058e+07;8550.94;1868.72;745.704;23.4618
216;2.50547e+07;11069.9;2419.33;965.466;30.3761
217;2.50505e+07;14330.6;3132.12;1249.98;39.3276
218;2.5045e+07;18551.1;4054.84;1618.32;50.9164
219;2.50378e+07;24013.4;5249.28;2095.17;65.9193
220;2.50286e+07;31082.4;6795.37;2712.48;85.3417
221;2.50166e+07;40229.4;8796.48;3511.62;110.485
222;2.50011e+07;52063.2;11386.3;4546.08;143.032
223;2.49811e+07;67369.6;14737.7;5885.12;185.161
224;2.49551e+07;87162;19073.9;7618.27;239.69
225;2.49216e+07;112746;24683.3;9861.36;310.264
226;2.48783e+07;145800;31937.8;12764.1;401.592
227;2.48224e+07;188479;41316.9;16520;519.762
228;2.47502e+07;243542;53437.9;21378.9;672.635
229;2.46571e+07;314508;69093.9;27663.2;870.355
230;2.45372e+07;405849;89301.6;35788.6;1126
231;2.43829e+07;523210;115361;46290.5;1456.42
232;2.41849e+07;673666;148927;59856.9;1883.25
233;2.39313e+07;865990;192099;77370.8;2434.29
234;2.36077e+07;1.11091e+06;247516;99961.6;3145.05
235;2.31963e+07;1.42131e+06;318474;129069;4060.86
236;2.26762e+07;1.81222e+06;409040;166522;5239.21
237;2.20231e+07;2.30055e+06;524154;214625;6752.66
238;2.12103e+07;2.90423e+06;669694;276266;8692.03
239;2.02101e+07;3.64048e+06;852455;355022;11169.9
240;1.89968e+07;4.52285e+06;1.07997e+06;455270;14324
241;1.75518e+07;5.55673e+06;1.3601e+06;582275;18319.9
242;1.58701e+07;6.73329e+06;1.70023e+06;742223;23352.2
243;1.3969e+07;8.02241e+06;2.10604e+06;942169;29643.1
244;1.18956e+07;9.36653e+06;2.57982e+06;1.18984e+06;37435.4
245;9.73212e+06;1.06786e+07;3.1183e+06;1.49323e+06;46980.8
246;7.59184e+06;1.18482e+07;3.71074e+06;1.85994e+06;58518.5
247;5.60414e+06;1.27589e+07;4.33763e+06;2.29632e+06;72248.2
248;3.88803e+06;1.33152e+07;4.97126e+06;2.80643e+06;88297.4
249;2.52264e+06;1.34703e+07;5.5786e+06;3.39105e+06;106691
250;1.52778e+06;1.32407e+07;6.12636e+06;4.04709e+06;127332
251;865557;1.26993e+07;6.58681e+06;4.76755e+06;149999
252;461813;1.19487e+07;6.9422e+06;5.54216e+06;174371
253;234552;1.10898e+07;7.18624e+06;6.35856e+06;200057
254;114947;1.02014e+07;7.32262e+06;7.20366e+06;226646
255;55155.7;9.33385e+06;7.36169e+06;8.0648e+06;253740
256;26281.2;8.51427e+06;7.31716e+06;8.93054e+06;280978
257;12590.9;7.75402e+06;7.20354e+06;9.79103e+06;308051
258;6126.9;7.05564e+06;7.03459e+06;1.06382e+07;334704
259;3051.89;6.41736e+06;6.82265e+06;1.14654e+07;360732
260;1564.77;5.83551e+06;6.5784e+06;1.22678e+07;385976
261;828.836;5.3058e+06;6.31089e+06;1.30414e+07;410316
262;454.505;4.82387e+06;6.02767e+06;1.37836e+07;433666
263;258.261;4.38558e+06;5.73501e+06;1.44924e+07;455969
264;152.069;3.98704e+06;5.438e+06;1.51669e+07;477188
265;92.7276;3.62467e+06;5.14079e+06;1.58064e+07;497309
266;58.4926;3.29523e+06;4.8467e+06;1.64109e+07;516330
267;38.1168;2.99571e+06;4.55833e+06;1.69809e+07;534263
268;25.6198;2.72341e+06;4.27771e+06;1.7517e+07;551129
269;17.7317;2.47586e+06;4.00639e+06;1.802e+07;566956
270;12.6153;2.25081e+06;3.74547e+06;1.84912e+07;581780
271;9.21018;2.04622e+06;3.49574e+06;1.89316e+07;595638
272;6.88862;1.86022e+06;3.25771e+06;1.93427e+07;608572
273;5.26962;1.69113e+06;3.03164e+06;1.97258e+07;620626
274;4.1165;1.5374e+06;2.81763e+06;2.00824e+07;631843
275;3.27892;1.39765e+06;2.6156e+06;2.04137e+07;642268
276;2.65933;1.27061e+06;2.42537e+06;2.07213e+07;651946
277;2.19319;1.15511e+06;2.24667e+06;2.10065e+07;660920
278;1.83694;1.05011e+06;2.07915e+06;2.12707e+07;669232
279;1.56072;954656;1.92241e+06;2.15152e+07;676925
280;1.34365;867878;1.776e+06;2.17413e+07;684038
281;1.17096;788988;1.63946e+06;2.19502e+07;690609
282;1.032;717269;1.51231e+06;2.2143e+07;696675
283;0.918994;652070;1.39407e+06;2.23208e+07;702271
284;0.826212;592797;1.28424e+06;2.24848e+07;707429
285;0.749352;538911;1.18235e+06;2.26358e+07;712180
286;0.685161;489924;1.08792e+06;2.27748e+07;716555
287;0.631146;445390;1.00049e+06;2.29028e+07;720580
288;0.585381;404904;919612;2.30204e+07;724282
289;0.546359;368099;844869;2.31286e+07;727685
290;0.512895;334638;775847;2.32279e+07;730811
291;0.484042;304220;712155;2.33192e+07;733681
292;0.459045;276566;653424;2.34029e+07;736316
293;0.437292;251426;599304;2.34798e+07;738734
294;0.418284;228572;549463;2.35502e+07;740952
295;0.401613;207795;503590;2.36149e+07;742985
296;0.386941;188906;461393;2.36741e+07;744848
297;0.373989;171735;422598;2.37283e+07;746555
298;0.362522;156124;386947;2.3778e+07;748119
299;0.352344;141932;354202;2.38235e+07;749550
300;0.343288;129031;324139;2.38652e+07;750861
301;0.335213;117302;296550;2.39033e+07;752060
302;0.327999;106639;271241;2.39382e+07;753157
303;0.321542;96945.6;248033;2.39701e+07;754161
304;0.315754;88133.2;226759;2.39993e+07;755079
305;0.310558;80121.9;207265;2.40259e+07;755918
306;0.305886;72838.8;189406;2.40503e+07;756685
307;0.30168;66217.8;173052;2.40726e+07;757385
308;0.297891;60198.6;158080;2.40929e+07;758026
309;0.294473;54726.5;144377;2.41115e+07;758611
310;0.291387;49751.9;131839;2.41285e+07;759145
311;0.288598;45229.5;120369;2.4144e+07;759633
312;0.286076;41118.1;109880;2.41582e+07;760078
313;0.283794;37380.5;100289;2.41711e+07;760485
314;0.281728;33982.6;91521.9;2.41829e+07;760856
315;0.279856;30893.6;83509.3;2.41936e+07;761194
316;0.27816;28085.3;76187.9;2.42035e+07;761503
317;0.276621;25532.4;69499.2;2.42124e+07;761785
318;0.275225;23211.5;63389.9;2.42206e+07;762042
319;0.273959;21101.6;57810.6;2.4228e+07;762277
320;0.272809;19183.4;52716.3;2.42348e+07;762491
321;0.271765;17439.7;48065.6;2.4241e+07;762686
322;0.270816;15854.4;43820.5;2.42467e+07;762864
323;0.269955;14413.2;39946.3;2.42518e+07;763026
324;0.269172;13103.1;36410.9;2.42565e+07;763174
325;0.26846;11912;33185.4;2.42608e+07;763308
326;0.267814;10829.2;30242.8;2.42647e+07;763431
327;0.267225;9844.83;27558.7;2.42683e+07;763543
328;0.266691;8949.94;25110.7;2.42715e+07;763645
329;0.266205;8136.39;22878.3;2.42745e+07;763738
330;0.265762;7396.79;20842.8;2.42772e+07;763822
331;0.26536;6724.42;18986.9;2.42796e+07;763900
332;0.264994;6113.17;17295.1;2.42819e+07;763970
333;0.264662;5557.49;15752.9;2.42839e+07;764034
334;0.264359;5052.31;14347.2;2.42857e+07;764092
335;0.264084;4593.06;13066.2;2.42874e+07;764145
336;0.263833;4175.55;11898.7;2.4289e+07;764194
337;0.263605;3795.99;10835;2.42904e+07;764238
338;0.263398;3450.94;9865.75;2.42916e+07;764278
339;0.263209;3137.25;8982.73;2.42928e+07;764314
340;0.263037;2852.07;8178.3;2.42939e+07;764347
341;0.262881;2592.82;7445.52;2.42948e+07;764378
342;0.262739;2357.13;6778.07;2.42957e+07;764405
343;0.26261;2142.87;6170.15;2.42965e+07;764430
344;0.262492;1948.08;5616.5;2.42972e+07;764453
345;0.262385;1771;5112.3;2.42979e+07;764474
346;0.262288;1610.02;4653.16;2.42985e+07;764493
347;0.262199;1463.67;4235.08;2.4299e+07;764510
348;0.262118;1330.62;3854.41;2.42995e+07;764526
349;0.262045;1209.67;3507.83;2.43e+07;764540
350;0.261978;1099.71;3192.29;2.43004e+07;764553
351;0.261918;999.744;2905.03;2.43008e+07;764565
352;0.261862;908.867;2643.52;2.43011e+07;764575
353;0.261812;826.251;2405.48;2.43014e+07;764585
354;0.261766;751.145;2188.8;2.43017e+07;764594
355;0.261725;682.866;1991.58;2.4302e+07;764602
356;0.261687;620.793;1812.07;2.43022e+07;764610
357;0.261653;564.363;1648.7;2.43024e+07;764616
358;0.261621;513.063;1500.01;2.43026e+07;764622
359;0.261593;466.425;1364.7;2.43028e+07;764628
360;0.261567;424.027;1241.56;2.43029e+07;764633
361;0.261543;385.483;1129.5;2.43031e+07;764638
362;0.261522;350.443;1027.53;2.43032e+07;764642
363;0.261502;318.588;934.749;2.43033e+07;764646
364;0.261484;289.628;850.323;2.43034e+07;764649
365;0.261468;263.301;773.506;2.43035e+07;764652
366;0.261454;239.367;703.614;2.43036e+07;764655
367;0.26144;217.608;640.024;2.43037e+07;764658
368;0.261428;197.828;582.17;2.43038e+07;764660
369;0.261417;179.845;529.535;2.43039e+07;764662
370;0.261407;163.497;481.65;2.43039e+07;764664
371;0.261398;148.635;438.088;2.4304e+07;764666
372;0.26139;135.124;398.459;2.4304e+07;764668
373;0.261382;122.842;362.409;2.43041e+07;764669
374;0.261375;111.675;329.615;2.43041e+07;764670
375;0.261369;101.524;299.784;2.43042e+07;764672
376;0.261363;92.2956;272.649;2.43042e+07;764673
377;0.261358;83.9059;247.966;2.43042e+07;764674
378;0.261353;76.2789;225.515;2.43043e+07;764675
379;0.261349;69.3451;205.094;2.43043e+07;764675
380;0.261345;63.0417;186.519;2.43043e+07;764676
381;0.261342;57.3112;169.625;2.43043e+07;764677
382;0.261338;52.1016;154.259;2.43043e+07;764678
383;0.261335;47.3656;140.283;2.43044e+07;764678
384;0.261333;43.06;127.573;2.43044e+07;764679
385;0.26133;39.1459;116.012;2.43044e+07;764679
386;0.261328;35.5875;105.498;2.43044e+07;764680
387;0.261326;32.3526;95.9362;2.43044e+07;764680
388;0.261324;29.4118;87.24;2.43044e+07;764680
389;0.261323;26.7382;79.3313;2.43044e+07;764681
390;0.261321;24.3077;72.1389;2.43045e+07;764681
391;0.26132;22.0982;65.5981;2.43045e+07;764681
392;0.261319;20.0894;59.6497;2.43045e+07;764681
393;0.261317;18.2633;54.2404;2.43045e+07;764682
394;0.261316;16.6032;49.3211;2.43045e+07;764682
395;0.261316;15.0939;44.8477;2.43045e+07;764682
396;0.261315;13.7219;40.7797;2.43045e+07;764682
397;0.261314;12.4746;37.0805;2.43045e+07;764682
398;0.261313;11.3406;33.7165;2.43045e+07;764682
399;0.261313;10.3098;30.6576;2.43045e+07;764683
400;0.261312;9.37263;27.876;2.43045e+07;764683
401;0.261311;8.52065;25.3466;2.43045e+07;764683
402;0.261311;7.74613;23.0466;2.43045e+07;764683
403;0.261311;7.042;20.9552;2.43045e+07;764683
404;0.26131;6.40189;19.0534;2.43045e+07;764683
405;0.26131;5.81996;17.3242;2.43045e+07;764683
406;0.261309;5.29092;15.7518;2.43045e+07;764683
407;0.261309;4.80998;14.322;2.43045e+07;764683
408;0.261309;4.37275;13.022;2.43045e+07;764683
409;0.261309;3.97527;11.8399;2.43045e+07;764683
410;0.261308;3.61392;10.7651;2.43045e+07;764683
411;0.261308;3.28541;9.78778;2.43045e+07;764683
412;0.261308;2.98677;8.89917;2.43045e+07;764683
413;0.261308;2.71527;8.0912;2.43045e+07;764684
414;0.261308;2.46845;7.35655;2.43045e+07;764684
415;0.261308;2.24407;6.68859;2.43045e+07;764684
416;0.261307;2.04008;6.08125;2.43045e+07;764684
417;0.261307;1.85464;5.52903;2.43045e+07;764684
418;0.261307;1.68605;5.02695;2.43045e+07;764684
419;0.261307;1.53279;4.57044;2.43045e+07;764684
420;0.261307;1.39346;4.15538;2.43045e+07;764684
421;0.261307;1.2668;3.778;2.43045e+07;764684
422;0.261307;1.15164;3.43488;2.43045e+07;764684
423;0.261307;1.04696;3.12291;2.43045e+07;764684
424;0.261307;0.951791;2.83927;2.43045e+07;764684
425;0.261307;0.865273;2.58139;2.43045e+07;764684
426;0.261307;0.78662;2.34692;2.43045e+07;764684
427;0.261307;0.715116;2.13374;2.43045e+07;764684
428;0.261307;0.650112;1.93992;2.43045e+07;764684
429;0.261306;0.591017;1.7637;2.43045e+07;764684
430;0.261306;0.537294;1.60349;2.43045e+07;764684
431;0.261306;0.488454;1.45783;2.43045e+07;764684
432;0.261306;0.444053;1.32539;2.43045e+07;764684
433;0.261306;0.403689;1.20499;2.43045e+07;764684
434;0.261306;0.366994;1.09552;2.43045e+07;764684
435;0.261306;0.333634;0.995991;2.43045e+07;764684
436;0.261306;0.303307;0.905505;2.43045e+07;764684
437;0.261306;0.275736;0.823237;2.43045e+07;764684
438;0.261306;0.250672;0.748443;2.43045e+07;764684
439;0.261306;0.227886;0.680443;2.43045e+07;764684
440;0.261306;0.207171;0.61862;2.43045e+07;764684
441;0.261306;0.188339;0.562413;2.43045e+07;764684
442;0.261306;0.171219;0.511313;2.43045e+07;764684
443;0.261306;0.155655;0.464854;2.43045e+07;764684
