197;5.79363e+06;1.7647;0.8787;0.1176;0.0037
198;5.79363e+06;3.15493;0.932525;0.220935;0.00695119
199;5.79363e+06;4.51377;1.10619;0.3306;0.0104015
200;5.79363e+06;6.05557;1.38231;0.460688;0.0144944
201;5.79363e+06;7.94448;1.76509;0.623248;0.019609
202;5.79362e+06;10.3372;2.27314;0.830823;0.0261398
203;5.79362e+06;13.4089;2.93706;1.09814;0.0345504
204;5.79361e+06;17.3731;3.79966;1.44354;0.0454176
205;5.79361e+06;22.4991;4.91797;1.89038;0.0594763
206;5.7936e+06;29.1326;6.36659;2.46874;0.0776728
207;5.79359e+06;37.7195;8.24248;3.21745;0.101229
208;5.79357e+06;48.8362;10.6714;4.18676;0.131726
209;5.79355e+06;63.2286;13.8161;5.44172;0.17121
210;5.79353e+06;81.8621;17.8877;7.0665;0.22233
211;5.7935e+06;105.987;23.1592;9.17009;0.288515
212;5.79346e+06;137.221;29.9842;11.8936;0.374204
213;5.7934e+06;177.659;38.8205;15.4198;0.485145
214;5.79334e+06;230.013;50.2607;19.985;0.628781
215;5.79325e+06;297.796;65.0723;25.8957;0.814746
216;5.79313e+06;385.551;84.2486;33.5482;1.05551
217;5.79298e+06;499.165;109.076;43.4558;1.36723
218;5.79279e+06;646.256;141.219;56.2832;1.77081
219;5.79254e+06;836.684;182.834;72.8905;2.29332
220;5.79222e+06;1083.22;236.711;94.3918;2.96981
221;5.7918e+06;1402.37;306.462;122.229;3.84564
222;5.79126e+06;1815.54;396.764;158.269;4.97955
223;5.79056e+06;2350.39;513.669;204.928;6.44758
224;5.78966e+06;3042.73;665.011;265.336;8.34815
225;5.78848e+06;3938.89;860.93;343.541;10.8087
226;5.78696e+06;5098.77;1114.54;444.786;13.9941
227;5.785e+06;6599.87;1442.83;575.857;18.1179
228;5.78246e+06;8542.31;1867.74;745.533;23.4564
229;5.77917e+06;11055.5;2417.68;965.18;30.367
230;5.77491e+06;14306.4;3129.36;1249.5;39.3125
231;5.76941e+06;18510.5;4050.21;1617.51;50.8911
232;5.76229e+06;23945.4;5241.53;2093.82;65.8769
233;5.75309e+06;30968.6;6782.37;2710.22;85.2705
234;5.74121e+06;40038.8;8774.71;3507.83;110.365
235;5.72586e+06;51744.1;11349.9;4539.73;142.832
236;5.70607e+06;66835.8;14676.7;5874.48;184.826
237;5.68056e+06;86269.6;18971.8;7600.45;239.13
238;5.64773e+06;111255;24512.4;9831.53;309.325
239;5.60556e+06;143312;31652.1;12714.2;400.021
240;5.55151e+06;184332;40839.8;16436.5;517.134
241;5.48245e+06;236640;52641.6;21239.2;668.241
242;5.39453e+06;303046;67766.8;27429.9;863.015
243;5.28316e+06;386866;87093.6;35399.3;1113.75
244;5.14299e+06;491878;111695;45641.5;1436
245;4.96797e+06;622182;142858;58776.8;1849.27
246;4.75173e+06;781868;182086;75577;2377.85
247;4.48808e+06;974445;231071;96990.3;3051.56
248;4.17203e+06;1.20192e+06;291619;124164;3906.53
249;3.8012e+06;1.46349e+06;365500;158459;4985.52
250;3.37766e+06;1.75401e+06;454196;201441;6337.87
251;2.90986e+06;2.06236e+06;558541;254855;8018.39
252;2.41413e+06;2.37062e+06;678258;320539;10085
253;1.91452e+06;2.65474e+06;811475;400302;12594.5
254;1.44028e+06;2.88767e+06;954359;495732;15597
255;1.02048e+06;3.04498e+06;1.10108e+06;607965;19128.1
256;677094;3.11158e+06;1.24431e+06;737452;23202.1
257;419439;3.08639e+06;1.37622e+06;883783;27806.1
258;242768;2.98251e+06;1.48984e+06;1.04563e+06;32898.1
259;131973;2.82219e+06;1.58023e+06;1.22083e+06;38410.5
260;68027.1;2.6296e+06;1.64508e+06;1.40667e+06;44257.4
261;33677.8;2.42492e+06;1.68457e+06;1.60013e+06;50344.2
262;16246.1;2.22193e+06;1.70065e+06;1.79823e+06;56577.1
263;7747.54;2.02845e+06;1.69634e+06;1.99823e+06;62869.5
264;3700.55;1.84811e+06;1.67496e+06;2.19772e+06;69145.9
265;1789.8;1.68203e+06;1.63978e+06;2.39469e+06;75343.3
266;884.085;1.53004e+06;1.59377e+06;2.58753e+06;81410.5
267;448.791;1.39139e+06;1.53953e+06;2.77496e+06;87307.4
268;235.121;1.26513e+06;1.47926e+06;2.95601e+06;93003.7
269;127.454;1.15024e+06;1.41483e+06;3.12997e+06;98476.9
270;71.5788;1.04574e+06;1.34776e+06;3.29635e+06;103712
271;41.6589;950709;1.27934e+06;3.45485e+06;108699
272;25.1151;864306;1.21057e+06;3.6053e+06;113432
273;15.6695;785750;1.1423e+06;3.74766e+06;117911
274;10.1043;714331;1.07516e+06;3.882e+06;122138
275;6.72402;649402;1.00968e+06;4.00844e+06;126116
276;4.61011;590373;946233;4.12717e+06;129852
277;3.25095;536710;885120;4.23845e+06;133353
278;2.35384;487924;826542;4.34254e+06;136628
279;1.74693;443572;770635;4.43974e+06;139686
280;1.32675;403252;717477;4.53037e+06;142537
281;1.02949;366596;667103;4.61474e+06;145192
282;0.814928;333273;619507;4.6932e+06;147660
283;0.657133;302979;574655;4.76605e+06;149952
284;0.539055;275438;532490;4.83363e+06;152078
285;0.449268;250401;492937;4.89625e+06;154049
286;0.379971;227639;455905;4.95422e+06;155873
287;0.325747;206947;421296;5.00783e+06;157559
288;0.282778;188136;389004;5.05738e+06;159118
289;0.248326;171034;358920;5.10313e+06;160558
290;0.220405;155487;330930;5.14533e+06;161886
291;0.19755;141353;304922;5.18425e+06;163110
292;0.17867;128504;280784;5.22011e+06;164238
293;0.162944;116823;258406;5.25313e+06;165277
294;0.149742;106204;237680;5.28352e+06;166233
295;0.138582;96550.2;218504;5.31147e+06;167113
296;0.129084;87773.8;200776;5.33717e+06;167921
297;0.120955;79795.1;184400;5.36078e+06;168664
298;0.113957;72541.8;169286;5.38246e+06;169346
299;0.107905;65947.7;155345;5.40237e+06;169973
300;0.102645;59953.1;142497;5.42064e+06;170547
301;0.0980543;54503.4;130662;5.4374e+06;171075
302;0.0940332;49549;119767;5.45276e+06;171558
303;0.0904982;45045;109743;5.46685e+06;172001
304;0.0873806;40950.4;100526;5.47975e+06;172407
305;0.084623;37228;92054.4;5.49158e+06;172779
306;0.0821773;33844;84272.2;5.5024e+06;173120
307;0.080003;30767.6;77126.4;5.51231e+06;173432
308;0.0780655;27970.8;70567.7;5.52138e+06;173717
309;0.0763357;25428.3;64550.4;5.52968e+06;173978
310;0.0747884;23116.8;59031.9;5.53727e+06;174217
311;0.073402;21015.5;53972.6;5.54421e+06;174435
312;0.0721578;19105.2;49336.1;5.55056e+06;174635
313;0.0710398;17368.5;45088.3;5.55636e+06;174818
314;0.0700338;15789.7;41197.9;5.56166e+06;174984
315;0.0691276;14354.5;37635.8;5.56651e+06;175137
316;0.0683105;13049.6;34375.4;5.57094e+06;175276
317;0.0675729;11863.4;31391.9;5.57498e+06;175403
318;0.0669066;10785;28662.5;5.57867e+06;175519
319;0.0663043;9804.68;26166.1;5.58204e+06;175625
320;0.0657593;8913.44;23883.4;5.58512e+06;175722
321;0.065266;8103.21;21796.5;5.58793e+06;175811
322;0.0648191;7366.63;19889.2;5.59049e+06;175891
323;0.0644141;6697;18146.3;5.59283e+06;175965
324;0.064047;6088.24;16553.9;5.59496e+06;176032
325;0.0637139;5534.82;15099.3;5.59691e+06;176093
326;0.0634117;5031.71;13770.9;5.59869e+06;176149
327;0.0631374;4574.33;12557.9;5.6003e+06;176200
328;0.0628883;4158.52;11450.4;5.60178e+06;176247
329;0.0626621;3780.51;10439.5;5.60313e+06;176289
330;0.0624566;3436.86;9516.82;5.60436e+06;176328
331;0.0622698;3124.45;8674.84;5.60547e+06;176363
332;0.0621001;2840.44;7906.59;5.6065e+06;176395
333;0.0619459;2582.24;7205.72;5.60742e+06;176424
334;0.0618057;2347.52;6566.39;5.60827e+06;176451
335;0.0616782;2134.13;5983.28;5.60904e+06;176475
336;0.0615622;1940.14;5451.5;5.60975e+06;176497
337;0.0614568;1763.78;4966.59;5.61039e+06;176517
338;0.0613609;1603.45;4524.47;5.61097e+06;176536
339;0.0612737;1457.7;4121.4;5.61151e+06;176552
340;0.0611944;1325.19;3753.98;5.61199e+06;176568
341;0.0611222;1204.73;3419.08;5.61243e+06;176582
342;0.0610565;1095.22;3113.86;5.61283e+06;176594
343;0.0609968;995.667;2835.7;5.6132e+06;176606
344;0.0609425;905.161;2582.24;5.61353e+06;176616
345;0.060893;822.882;2351.29;5.61384e+06;176626
346;0.060848;748.082;2140.88;5.61411e+06;176635
347;0.0608071;680.081;1949.19;5.61437e+06;176642
348;0.0607699;618.262;1774.58;5.61459e+06;176650
349;0.060736;562.062;1615.52;5.6148e+06;176656
350;0.0607052;510.97;1470.65;5.61499e+06;176662
351;0.0606771;464.523;1338.71;5.61517e+06;176668
352;0.0606516;422.298;1218.55;5.61532e+06;176673
353;0.0606284;383.911;1109.12;5.61547e+06;176677
354;0.0606073;349.014;1009.48;5.6156e+06;176681
355;0.060588;317.288;918.759;5.61572e+06;176685
356;0.0605705;288.447;836.155;5.61582e+06;176688
357;0.0605546;262.227;760.949;5.61592e+06;176691
358;0.0605402;238.391;692.483;5.61601e+06;176694
359;0.060527;216.721;630.154;5.61609e+06;176697
360;0.060515;197.021;573.416;5.61617e+06;176699
361;0.0605041;179.112;521.77;5.61623e+06;176701
362;0.0604942;162.831;474.761;5.6163e+06;176703
363;0.0604852;148.029;431.974;5.61635e+06;176705
364;0.060477;134.573;393.031;5.6164e+06;176707
365;0.0604695;122.341;357.589;5.61645e+06;176708
366;0.0604627;111.22;325.334;5.61649e+06;176709
367;0.0604565;101.11;295.981;5.61653e+06;176711
368;0.0604509;91.9192;269.27;5.61656e+06;176712
369;0.0604458;83.5637;244.963;5.6166e+06;176713
370;0.0604411;75.9678;222.845;5.61662e+06;176714
371;0.0604369;69.0623;202.719;5.61665e+06;176714
372;0.060433;62.7846;184.407;5.61667e+06;176715
373;0.0604295;57.0774;167.746;5.6167e+06;176716
374;0.0604264;51.8891;152.586;5.61672e+06;176716
375;0.0604235;47.1724;138.794;5.61673e+06;176717
376;0.0604208;42.8844;126.247;5.61675e+06;176717
377;0.0604184;38.9862;114.831;5.61677e+06;176718
378;0.0604162;35.4424;104.446;5.61678e+06;176718
379;0.0604143;32.2207;94.9983;5.61679e+06;176719
380;0.0604125;29.2918;86.4039;5.6168e+06;176719
381;0.0604108;26.6292;78.5857;5.61681e+06;176719
382;0.0604093;24.2086;71.4739;5.61682e+06;176720
383;0.060408;22.008;65.0046;5.61683e+06;176720
384;0.0604067;20.0075;59.1201;5.61684e+06;176720
385;0.0604056;18.1888;53.7675;5.61684e+06;176720
386;0.0604046;16.5355;48.8989;5.61685e+06;176721
387;0.0604037;15.0324;44.4705;5.61686e+06;176721
388;0.0604028;13.6659;40.4427;5.61686e+06;176721
389;0.0604021;12.4237;36.7792;5.61687e+06;176721
390;0.0604014;11.2944;33.4472;5.61687e+06;176721
391;0.0604007;10.2677;30.4167;5.61687e+06;176721
392;0.0604001;9.3344;27.6605;5.61688e+06;176722
393;0.0603996;8.48591;25.1538;5.61688e+06;176722
394;0.0603991;7.71454;22.874;5.61688e+06;176722
395;0.0603987;7.01329;20.8006;5.61689e+06;176722
396;0.0603983;6.37578;18.915;5.61689e+06;176722
397;0.060398;5.79622;17.2002;5.61689e+06;176722
398;0.0603976;5.26935;15.6407;5.61689e+06;176722
399;0.0603973;4.79036;14.2225;5.6169e+06;176722
400;0.0603971;4.35492;12.9327;5.6169e+06;176722
401;0.0603968;3.95906;11.7598;5.6169e+06;176722
402;0.0603966;3.59918;10.6933;5.6169e+06;176722
403;0.0603964;3.27201;9.72333;5.6169e+06;176722
404;0.0603962;2.97459;8.84131;5.6169e+06;176722
405;0.060396;2.7042;8.03925;5.6169e+06;176722
406;0.0603959;2.45839;7.3099;5.6169e+06;176722
407;0.0603958;2.23492;6.64668;5.61691e+06;176722
408;0.0603956;2.03177;6.04359;5.61691e+06;176722
409;0.0603955;1.84708;5.49519;5.61691e+06;176722
410;0.0603954;1.67918;4.99652;5.61691e+06;176722
411;0.0603953;1.52654;4.54308;5.61691e+06;176722
412;0.0603952;1.38778;4.13077;5.61691e+06;176722
413;0.0603951;1.26163;3.75586;5.61691e+06;176722
414;0.0603951;1.14695;3.41495;5.61691e+06;176723
415;0.060395;1.04269;3.10498;5.61691e+06;176723
416;0.060395;0.94791;2.82312;5.61691e+06;176723
417;0.0603949;0.861745;2.56684;5.61691e+06;176723
418;0.0603948;0.783412;2.33382;5.61691e+06;176723
419;0.0603948;0.7122;2.12194;5.61691e+06;176723
420;0.0603948;0.647461;1.92929;5.61691e+06;176723
421;0.0603947;0.588607;1.75412;5.61691e+06;176723
422;0.0603947;0.535103;1.59485;5.61691e+06;176723
423;0.0603947;0.486462;1.45003;5.61691e+06;176723
424;0.0603946;0.442242;1.31836;5.61691e+06;176723
425;0.0603946;0.402043;1.19865;5.61691e+06;176723
426;0.0603946;0.365497;1.0898;5.61691e+06;176723
427;0.0603946;0.332273;0.990827;5.61691e+06;176723
428;0.0603945;0.30207;0.900844;5.61691e+06;176723
429;0.0603945;0.274612;0.819029;5.61691e+06;176723
430;0.0603945;0.249649;0.744643;5.61691e+06;176723
431;0.0603945;0.226956;0.677011;5.61691e+06;176723
432;0.0603945;0.206326;0.61552;5.61691e+06;176723
433;0.0603945;0.187571;0.559613;5.61691e+06;176723
434;0.0603945;0.170521;0.508782;5.61691e+06;176723
435;0.0603945;0.15502;0.462567;5.61691e+06;176723
