200;958918;1.7647;0.8787;0.1176;0.0037
201;958917;3.15493;0.932525;0.220935;0.00695119
202;958915;4.51377;1.10619;0.3306;0.0104015
203;958913;6.05555;1.38231;0.460688;0.0144944
204;958911;7.94445;1.76509;0.623248;0.019609
205;958908;10.3371;2.27313;0.830823;0.0261398
206;958904;13.4088;2.93705;1.09814;0.0345504
207;958898;17.3729;3.79965;1.44354;0.0454175
208;958892;22.4988;4.91794;1.89038;0.0594762
209;958883;29.1321;6.36653;2.46873;0.0776726
210;958872;37.7186;8.24238;3.21743;0.101229
211;958857;48.8345;10.6712;4.18674;0.131726
212;958838;63.2257;13.8158;5.44167;0.171209
213;958814;81.8572;17.8872;7.06641;0.222328
214;958782;105.978;23.1583;9.16994;0.28851
215;958742;137.207;29.9826;11.8934;0.374196
216;958689;177.635;38.8178;15.4193;0.485132
217;958620;229.973;50.2562;19.9843;0.628758
218;958531;297.728;65.0647;25.8944;0.814706
219;958417;385.438;84.2359;33.546;1.05545
220;958268;498.975;109.054;43.4522;1.36712
221;958076;645.935;141.183;56.277;1.77062
222;957827;836.146;182.773;72.8801;2.293
223;957505;1082.31;236.608;94.3742;2.96925
224;957088;1400.86;306.29;122.199;3.84471
225;956548;1812.99;396.475;158.219;4.97798
226;955850;2346.12;513.183;204.844;6.44493
227;954948;3035.58;664.197;265.195;8.34371
228;953780;3926.9;859.564;343.304;10.8012
229;952272;5078.69;1112.25;444.389;13.9816
230;950322;6566.24;1438.99;575.19;18.097
231;947806;8486.02;1861.31;744.415;23.4212
232;944559;10961.3;2406.91;963.306;30.3081
233;940375;14148.9;3111.34;1246.36;39.2137
234;934991;18247.3;4020.07;1612.25;50.7256
235;928073;23506.1;5191.11;2085.01;65.5999
236;919207;30236;6698.14;2695.49;84.807
237;907875;38819.1;8634.1;3483.19;109.59
238;893450;49715.8;11114.6;4498.44;141.533
239;875172;63473.8;14285.5;5805.51;182.656
240;852160;80716.2;18322.5;7485.49;235.513
241;823420;102120;23437.1;9640.21;303.306
242;787894;128363;29876.8;12396.4;390.023
243;744557;160032;37920.9;15909.9;500.567
244;692571;197471;47868;20369.4;640.875
245;631521;240570;60011.7;25998.7;817.986
246;561718;288506;74600.1;33056.1;1040.03
247;484519;339479;91776.3;41829.1;1316.05
248;402575;390565;111503;52621.9;1655.62
249;319826;437812;133480;65734.6;2068.18
250;241094;476746;157086;81431.8;2562.06
251;171212;503292;181367;99905.1;3143.27
252;113880;514875;205117;121234;3814.33
253;70722;511231;227038;145356;4573.26
254;41032;494450;245969;172055;5413.31
255;22353.5;468183;261079;200981;6323.39
256;11542.4;436436;271968;231684;7289.38
257;5721.26;402585;278650;263668;8295.67
258;2761.86;368950;281445;296437;9326.67
259;1317.35;336857;280843;329535;10368
260;629.071;306925;277397;362562;11407.1
261;304.075;279350;271648;395184;12433.5
262;150.07;254111;264090;427130;13438.6
263;76.1001;231087;255155;458187;14415.7
264;39.8218;210117;245210;488193;15359.8
265;21.5597;191036;234566;517030;16267.1
266;12.0926;173680;223478;544615;17135
267;7.02894;157898;212158;570896;17961.9
268;4.23228;143547;200776;595845;18746.8
269;2.63736;130501;189470;619457;19489.7
270;1.69871;118639;178350;641738;20190.7
271;1.12919;107855;167501;662712;20850.6
272;0.773386;98051.6;156987;682410;21470.4
273;0.544842;89139;146857;700872;22051.2
274;0.394131;81036.4;137146;718142;22594.6
275;0.292259;73670.3;127876;734271;23102.1
276;0.221785;66973.7;119062;749309;23575.2
277;0.171967;60885.9;110707;763311;24015.7
278;0.136032;55351.4;102813;776330;24425.3
279;0.109622;50320;95373.3;788421;24805.8
280;0.0898715;45745.9;88378.6;799637;25158.6
281;0.0748612;41587.6;81816.6;810030;25485.6
282;0.0632822;37807.3;75672.6;819652;25788.4
283;0.0542262;34370.6;69930.2;828551;26068.3
284;0.047053;31246.3;64571.9;836775;26327.1
285;0.0413039;28406.1;59579.7;844368;26566
286;0.0366463;25824;54934.8;851375;26786.5
287;0.0328352;23476.6;50618.6;857835;26989.7
288;0.029688;21342.5;46612.6;863788;27177
289;0.0270672;19402.5;42898.5;869270;27349.5
290;0.0248677;17638.8;39458.6;874314;27508.2
291;0.0230086;16035.5;36275.6;878955;27654.2
292;0.0214271;14577.8;33333;883221;27788.4
293;0.0200735;13252.7;30614.8;887141;27911.7
294;0.0189087;12048;28105.9;890741;28025
295;0.0179013;10952.9;25791.9;894046;28129
296;0.0170259;9957.26;23658.9;897079;28224.4
297;0.0162622;9052.14;21694.2;899862;28312
298;0.0155932;8229.31;19885.5;902413;28392.2
299;0.0150052;7481.26;18221.5;904751;28465.8
300;0.0144867;6801.22;16691.3;906894;28533.2
301;0.014028;6182.99;15284.8;908857;28595
302;0.0136213;5620.95;13992.8;910655;28651.5
303;0.0132598;5110.01;12806.4;912300;28703.3
304;0.0129377;4645.51;11717.5;913806;28750.7
305;0.0126501;4223.23;10718.5;915184;28794.1
306;0.0123928;3839.34;9802.2;916445;28833.7
307;0.0121624;3490.35;8962.19;917597;28870
308;0.0119555;3173.07;8192.35;918651;28903.1
309;0.0117697;2884.64;7487.05;919615;28933.5
310;0.0116025;2622.43;6841.08;920495;28961.2
311;0.0114519;2384.05;6249.64;921300;28986.5
312;0.0113161;2167.34;5708.27;922035;29009.6
313;0.0111935;1970.33;5212.86;922706;29030.7
314;0.0110828;1791.23;4759.65;923319;29050
315;0.0109827;1628.4;4345.12;923879;29067.6
316;0.0108921;1480.38;3966.08;924390;29083.7
317;0.0108101;1345.81;3619.56;924856;29098.4
318;0.0107359;1223.48;3302.84;925282;29111.8
319;0.0106686;1112.27;3013.42;925670;29124
320;0.0106076;1011.16;2749;926025;29135.1
321;0.0105522;919.246;2507.46;926348;29145.3
322;0.010502;835.687;2286.87;926643;29154.6
323;0.0104564;759.723;2085.43;926912;29163
324;0.010415;690.664;1901.53;927157;29170.8
325;0.0103775;627.883;1733.65;927381;29177.8
326;0.0103433;570.808;1580.44;927585;29184.2
327;0.0103123;518.922;1440.62;927770;29190.1
328;0.0102841;471.752;1313.04;927940;29195.4
329;0.0102585;428.87;1196.65;928094;29200.2
330;0.0102352;389.886;1090.48;928235;29204.7
331;0.010214;354.445;993.646;928363;29208.7
332;0.0101947;322.226;905.336;928480;29212.4
333;0.0101772;292.936;824.809;928587;29215.7
334;0.0101613;266.308;751.387;928684;29218.8
335;0.0101468;242.1;684.452;928772;29221.6
336;0.0101336;220.093;623.435;928852;29224.1
337;0.0101216;200.087;567.818;928926;29226.4
338;0.0101107;181.899;517.13;928992;29228.5
339;0.0101008;165.364;470.937;929053;29230.4
340;0.0100917;150.333;428.844;929109;29232.2
341;0.0100835;136.668;390.49;929159;29233.7
342;0.010076;124.245;355.547;929205;29235.2
343;0.0100692;112.951;323.713;929247;29236.5
344;0.0100631;102.684;294.714;929285;29237.7
345;0.0100574;93.3496;268.299;929320;29238.8
346;0.0100523;84.8641;244.24;929351;29239.8
347;0.0100476;77.15;222.328;929380;29240.7
348;0.0100434;70.137;202.372;929406;29241.5
349;0.0100395;63.7616;184.2;929430;29242.3
350;0.010036;57.9657;167.652;929451;29242.9
351;0.0100328;52.6966;152.585;929471;29243.6
352;0.0100299;47.9065;138.867;929489;29244.1
353;0.0100273;43.5518;126.377;929505;29244.6
354;0.0100249;39.5929;115.006;929520;29245.1
355;0.0100227;35.9939;104.655;929534;29245.5
356;0.0100207;32.7221;95.2322;929546;29245.9
357;0.0100189;29.7476;86.655;929557;29246.3
358;0.0100173;27.0436;78.8478;929568;29246.6
359;0.0100158;24.5853;71.7418;929577;29246.9
360;0.0100144;22.3505;65.2743;929585;29247.2
361;0.0100131;20.3189;59.3882;929593;29247.4
362;0.010012;18.4719;54.0314;929600;29247.6
363;0.010011;16.7928;49.1565;929606;29247.8
364;0.0100101;15.2663;44.7203;929612;29248
365;0.0100092;13.8786;40.6834;929617;29248.2
366;0.0100084;12.617;37.0101;929622;29248.3
367;0.0100077;11.4702;33.6676;929626;29248.4
368;0.0100071;10.4275;30.6264;929630;29248.6
369;0.0100065;9.47966;27.8593;929634;29248.7
370;0.010006;8.61796;25.3416;929637;29248.8
371;0.0100055;7.83459;23.0511;929640;29248.9
372;0.0100051;7.12242;20.9671;929643;29249
373;0.0100047;6.475;19.0713;929645;29249
374;0.0100043;5.88642;17.3465;929648;29249.1
375;0.010004;5.35134;15.7774;929650;29249.2
376;0.0100037;4.86491;14.3501;929652;29249.2
377;0.0100034;4.42269;13.0516;929653;29249.3
378;0.0100032;4.02067;11.8705;929655;29249.3
379;0.0100029;3.65519;10.7961;929656;29249.4
380;0.0100027;3.32293;9.81877;929657;29249.4
381;0.0100025;3.02088;8.92981;929659;29249.5
382;0.0100024;2.74628;8.12122;929660;29249.5
383;0.0100022;2.49664;7.38575;929661;29249.5
384;0.0100021;2.2697;6.71681;929661;29249.6
385;0.0100019;2.06338;6.10837;929662;29249.6
386;0.0100018;1.87582;5.55499;929663;29249.6
387;0.0100017;1.70531;5.05168;929664;29249.6
388;0.0100016;1.5503;4.59392;929664;29249.6
389;0.0100015;1.40937;4.1776;929665;29249.7
390;0.0100015;1.28126;3.79897;929665;29249.7
391;0.0100014;1.1648;3.45462;929666;29249.7
392;0.0100013;1.05892;3.14146;929666;29249.7
393;0.0100013;0.962661;2.85665;929666;29249.7
394;0.0100012;0.875155;2.59765;929667;29249.7
395;0.0100012;0.795603;2.3621;929667;29249.7
396;0.0100011;0.723283;2.1479;929667;29249.7
397;0.0100011;0.657537;1.95311;929668;29249.7
398;0.010001;0.597767;1.77597;929668;29249.8
399;0.010001;0.54343;1.61488;929668;29249.8
400;0.010001;0.494032;1.46839;929668;29249.8
401;0.0100009;0.449124;1.33518;929668;29249.8
402;0.0100009;0.408299;1.21405;929669;29249.8
403;0.0100009;0.371185;1.1039;929669;29249.8
404;0.0100009;0.337444;1.00374;929669;29249.8
405;0.0100009;0.30677;0.912658;929669;29249.8
406;0.0100008;0.278885;0.829838;929669;29249.8
407;0.0100008;0.253534;0.75453;929669;29249.8
408;0.0100008;0.230488;0.686051;929669;29249.8
409;0.0100008;0.209537;0.623785;929669;29249.8
410;0.0100008;0.19049;0.567167;929669;29249.8
411;0.0100008;0.173174;0.515685;929669;29249.8
412;0.0100008;0.157433;0.468874;929670;29249.8
