176;1.70844e+07;1.7647;0.8787;0.1176;0.0037
177;1.70844e+07;3.15493;0.932525;0.220935;0.00695119
178;1.70844e+07;4.51377;1.10619;0.3306;0.0104015
179;1.70844e+07;6.05557;1.38231;0.460688;0.0144944
180;1.70843e+07;7.94449;1.76509;0.623248;0.019609
181;1.70843e+07;10.3372;2.27314;0.830823;0.0261398
182;1.70843e+07;13.4089;2.93706;1.09814;0.0345505
183;1.70843e+07;17.3731;3.79966;1.44354;0.0454176
184;1.70843e+07;22.4991;4.91798;1.89038;0.0594763
185;1.70843e+07;29.1327;6.3666;2.46874;0.0776728
186;1.70843e+07;37.7197;8.24249;3.21745;0.101229
187;1.70843e+07;48.8364;10.6714;4.18677;0.131726
188;1.70843e+07;63.2289;13.8162;5.44172;0.171211
189;1.70843e+07;81.8627;17.8878;7.06651;0.222331
190;1.70842e+07;105.988;23.1593;9.17011;0.288515
191;1.70842e+07;137.222;29.9844;11.8936;0.374205
192;1.70841e+07;177.662;38.8208;15.4198;0.485147
193;1.70841e+07;230.019;50.2613;19.9851;0.628784
194;1.7084e+07;297.804;65.0733;25.8959;0.814751
195;1.70839e+07;385.566;84.2503;33.5485;1.05552
196;1.70837e+07;499.19;109.079;43.4563;1.36725
197;1.70835e+07;646.298;141.224;56.284;1.77084
198;1.70833e+07;836.755;182.842;72.8919;2.29337
199;1.70829e+07;1083.33;236.724;94.3941;2.96988
200;1.70825e+07;1402.57;306.485;122.233;3.84576
201;1.7082e+07;1815.87;396.802;158.275;4.97976
202;1.70813e+07;2350.95;513.733;204.939;6.44792
203;1.70804e+07;3043.67;665.118;265.354;8.34873
204;1.70792e+07;3940.46;861.109;343.572;10.8097
205;1.70777e+07;5101.41;1114.84;444.839;13.9958
206;1.70757e+07;6604.29;1443.33;575.944;18.1207
207;1.70732e+07;8549.72;1868.59;745.68;23.461
208;1.70699e+07;11067.9;2419.1;965.426;30.3748
209;1.70656e+07;14327.2;3131.73;1249.91;39.3255
210;1.70601e+07;18545.4;4054.19;1618.2;50.9129
211;1.70529e+07;24003.9;5248.19;2094.98;65.9134
212;1.70437e+07;31066.4;6793.54;2712.16;85.3317
213;1.70317e+07;40202.6;8793.42;3511.08;110.468
214;1.70163e+07;52018.2;11381.2;4545.19;143.003
215;1.69963e+07;67294.2;14729.1;5883.62;185.114
216;1.69704e+07;87035.9;19059.5;7615.76;239.612
217;1.6937e+07;112535;24659.2;9857.16;310.132
218;1.68939e+07;145447;31897.4;12757.1;401.371
219;1.68382e+07;187889;41249.4;16508.2;519.391
220;1.67664e+07;242556;53324.9;21359.1;672.014
221;1.66741e+07;312862;68904.9;27630.1;869.316
222;1.65554e+07;403105;88985.9;35733.4;1124.26
223;1.64032e+07;518645;114834;46198.1;1453.51
224;1.62086e+07;666085;148050;59702.6;1878.4
225;1.59607e+07;853436;190638;77113.2;2426.18
226;1.56464e+07;1.0902e+06;245091;99532.3;3131.54
227;1.52502e+07;1.38728e+06;314460;128355;4038.38
228;1.47548e+07;1.75664e+06;402420;165336;5201.88
229;1.41413e+07;2.21047e+06;513286;212660;6690.84
230;1.33912e+07;2.75958e+06;651955;273023;8590
231;1.2489e+07;3.41099e+06;823719;349693;11002.2
232;1.14257e+07;4.16423e+06;1.03386e+06;446562;14050
233;1.02045e+07;5.00686e+06;1.28698e+06;568144;17875.3
234;8.84652e+06;5.90971e+06;1.586e+06;719493;22637.1
235;7.39534e+06;6.8237e+06;1.93081e+06;906006;28505.3
236;5.91795e+06;7.68081e+06;2.31687e+06;1.13307e+06;35649.3
237;4.49872e+06;8.40186e+06;2.73402e+06;1.40553e+06;44221.7
238;3.22496e+06;8.91189e+06;3.16612e+06;1.72705e+06;54337.6
239;2.16691e+06;9.15985e+06;3.59216e+06;2.09939e+06;66052.2
240;1.35977e+06;9.13436e+06;3.98906e+06;2.52183e+06;79343.2
241;796871;8.86694e+06;4.3355e+06;2.99094e+06;94102.7
242;438034;8.41978e+06;4.61561e+06;3.5008e+06;110144
243;227841;7.86461e+06;4.82109e+06;4.04359e+06;127222
244;113528;7.26403e+06;4.95119e+06;4.61055e+06;145060
245;54970.1;6.66229e+06;5.01091e+06;5.19281e+06;163379
246;26243.2;6.08541e+06;5.00869e+06;5.78209e+06;181920
247;12519.8;5.54597e+06;4.9543e+06;6.37112e+06;200452
248;6036.8;5.04833e+06;4.85747e+06;6.95374e+06;218783
249;2968.58;4.5925e+06;4.72715e+06;7.52498e+06;236755
250;1498.71;4.17651e+06;4.57121e+06;8.08089e+06;254246
251;780.366;3.79759e+06;4.39636e+06;8.61847e+06;271159
252;420.275;3.45275e+06;4.20829e+06;9.13548e+06;287426
253;234.461;3.13908e+06;4.01168e+06;9.63037e+06;302996
254;135.551;2.85383e+06;3.8104e+06;1.01021e+07;317840
255;81.1884;2.59448e+06;3.60761e+06;1.05502e+07;331938
256;50.3347;2.35867e+06;3.40585e+06;1.09745e+07;345286
257;32.2617;2.14428e+06;3.20712e+06;1.1375e+07;357888
258;21.3456;1.94938e+06;3.01301e+06;1.17522e+07;369754
259;14.5554;1.77219e+06;2.82473e+06;1.21065e+07;380902
260;10.2116;1.6111e+06;2.64318e+06;1.24387e+07;391354
261;7.35825;1.46465e+06;2.46902e+06;1.27495e+07;401134
262;5.43654;1.33152e+06;2.30266e+06;1.30399e+07;410269
263;4.11165;1.21048e+06;2.14438e+06;1.33107e+07;418789
264;3.17803;1.10045e+06;1.9943e+06;1.35629e+07;426723
265;2.50659;1.00042e+06;1.85242e+06;1.37974e+07;434102
266;2.01447;909484;1.71866e+06;1.40153e+07;440956
267;1.64737;826813;1.59286e+06;1.42174e+07;447315
268;1.36904;751656;1.47481e+06;1.44047e+07;453209
269;1.1548;683330;1.36424e+06;1.45781e+07;458665
270;0.987582;621216;1.26087e+06;1.47386e+07;463713
271;0.855372;564747;1.16439e+06;1.48868e+07;468378
272;0.749593;513412;1.07449e+06;1.50238e+07;472687
273;0.664031;466743;990823;1.51501e+07;476662
274;0.59412;424316;913063;1.52667e+07;480328
275;0.536465;385746;840879;1.5374e+07;483707
276;0.488512;350682;773944;1.54729e+07;486818
277;0.448313;318805;711942;1.55639e+07;489681
278;0.414372;289825;654563;1.56477e+07;492316
279;0.385524;263480;601509;1.57246e+07;494738
280;0.360857;239530;552497;1.57954e+07;496963
281;0.339646;217757;507252;1.58603e+07;499007
282;0.321315;197963;465516;1.592e+07;500884
283;0.305398;179968;427044;1.59747e+07;502607
284;0.291518;163609;391603;1.6025e+07;504187
285;0.279368;148737;358973;1.6071e+07;505636
286;0.268693;135217;328950;1.61132e+07;506964
287;0.259284;122925;301340;1.61519e+07;508181
288;0.250966;111751;275961;1.61873e+07;509296
289;0.243592;101593;252645;1.62198e+07;510317
290;0.23704;92358.5;231234;1.62495e+07;511252
291;0.231204;83963.1;211581;1.62767e+07;512107
292;0.225994;76330.8;193548;1.63016e+07;512890
293;0.221336;69392.4;177009;1.63243e+07;513606
294;0.217164;63084.6;161846;1.63452e+07;514261
295;0.213421;57350.2;147948;1.63642e+07;514860
296;0.210058;52137.1;135215;1.63816e+07;515407
297;0.207033;47397.8;123553;1.63975e+07;515908
298;0.204309;43089.4;112874;1.6412e+07;516365
299;0.201852;39172.5;103100;1.64253e+07;516782
300;0.199636;35611.8;94154.4;1.64374e+07;517164
301;0.197633;32374.7;85970.6;1.64485e+07;517512
302;0.195824;29431.8;78485.2;1.64586e+07;517830
303;0.194186;26756.5;71640.3;1.64678e+07;518121
304;0.192705;24324.3;65382.5;1.64763e+07;518386
305;0.191362;22113.2;59662.7;1.6484e+07;518628
306;0.190146;20103.1;54435.7;1.6491e+07;518849
307;0.189044;18275.8;49660;1.64974e+07;519050
308;0.188043;16614.5;45297.5;1.65032e+07;519234
309;0.187136;15104.2;41313.2;1.65085e+07;519401
310;0.186312;13731.3;37674.9;1.65134e+07;519554
311;0.185565;12483.1;34353.1;1.65178e+07;519694
312;0.184886;11348.4;31320.8;1.65219e+07;519821
313;0.184269;10316.8;28553.1;1.65256e+07;519937
314;0.183708;9379.01;26027.4;1.65289e+07;520042
315;0.183199;8526.46;23722.9;1.6532e+07;520139
316;0.182736;7751.41;21620.3;1.65348e+07;520226
317;0.182315;7046.8;19702.4;1.65373e+07;520306
318;0.181932;6406.25;17953;1.65396e+07;520379
319;0.181584;5823.92;16357.7;1.65417e+07;520446
320;0.181268;5294.53;14902.9;1.65437e+07;520506
321;0.18098;4813.25;13576.4;1.65454e+07;520561
322;0.180718;4375.73;12367.1;1.6547e+07;520612
323;0.18048;3977.98;11264.8;1.65485e+07;520657
324;0.180263;3616.38;10259.9;1.65498e+07;520699
325;0.180066;3287.65;9344.14;1.6551e+07;520737
326;0.179887;2988.8;8509.54;1.65521e+07;520771
327;0.179724;2717.12;7749.01;1.65531e+07;520803
328;0.179576;2470.13;7056.05;1.6554e+07;520832
329;0.179441;2245.6;6424.68;1.65548e+07;520858
330;0.179318;2041.47;5849.49;1.65556e+07;520882
331;0.179206;1855.9;5325.52;1.65563e+07;520903
332;0.179104;1687.2;4848.24;1.65569e+07;520923
333;0.179012;1533.84;4413.51;1.65575e+07;520941
334;0.178928;1394.41;4017.58;1.6558e+07;520957
335;0.178851;1267.66;3657;1.65585e+07;520972
336;0.178781;1152.43;3328.63;1.65589e+07;520986
337;0.178718;1047.67;3029.63;1.65593e+07;520998
338;0.17866;952.44;2757.37;1.65596e+07;521009
339;0.178608;865.863;2509.47;1.656e+07;521019
340;0.17856;787.156;2283.78;1.65603e+07;521029
341;0.178517;715.604;2078.31;1.65605e+07;521037
342;0.178477;650.555;1891.26;1.65608e+07;521045
343;0.178441;591.42;1720.99;1.6561e+07;521052
344;0.178408;537.66;1565.99;1.65612e+07;521058
345;0.178379;488.787;1424.91;1.65614e+07;521064
346;0.178352;444.356;1296.5;1.65615e+07;521069
347;0.178327;403.964;1179.63;1.65617e+07;521074
348;0.178304;367.244;1073.26;1.65618e+07;521078
349;0.178284;333.861;976.454;1.6562e+07;521082
350;0.178266;303.513;888.358;1.65621e+07;521086
351;0.178249;275.924;808.189;1.65622e+07;521089
352;0.178233;250.842;735.237;1.65623e+07;521092
353;0.178219;228.041;668.855;1.65624e+07;521095
354;0.178207;207.312;608.452;1.65624e+07;521097
355;0.178195;188.467;553.491;1.65625e+07;521100
356;0.178185;171.336;503.484;1.65626e+07;521102
357;0.178175;155.761;457.986;1.65626e+07;521103
358;0.178166;141.603;416.591;1.65627e+07;521105
359;0.178158;128.731;378.93;1.65627e+07;521107
360;0.178151;117.029;344.668;1.65628e+07;521108
361;0.178145;106.391;313.497;1.65628e+07;521109
362;0.178139;96.7204;285.141;1.65629e+07;521111
363;0.178133;87.9285;259.345;1.65629e+07;521112
364;0.178128;79.9358;235.88;1.65629e+07;521113
365;0.178124;72.6696;214.533;1.6563e+07;521113
366;0.17812;66.064;195.116;1.6563e+07;521114
367;0.178116;60.0588;177.454;1.6563e+07;521115
368;0.178113;54.5994;161.388;1.6563e+07;521116
369;0.17811;49.6363;146.775;1.6563e+07;521116
370;0.178107;45.1244;133.483;1.65631e+07;521117
371;0.178104;41.0226;121.393;1.65631e+07;521117
372;0.178102;37.2936;110.397;1.65631e+07;521118
373;0.1781;33.9036;100.396;1.65631e+07;521118
374;0.178098;30.8218;91.2998;1.65631e+07;521118
375;0.178096;28.0201;83.0269;1.65631e+07;521119
376;0.178095;25.4731;75.5027;1.65631e+07;521119
377;0.178093;23.1576;68.6597;1.65631e+07;521119
378;0.178092;21.0526;62.4363;1.65632e+07;521120
379;0.178091;19.1389;56.7765;1.65632e+07;521120
380;0.17809;17.3992;51.6292;1.65632e+07;521120
381;0.178089;15.8176;46.9482;1.65632e+07;521120
382;0.178088;14.3798;42.6912;1.65632e+07;521120
383;0.178087;13.0726;38.8199;1.65632e+07;521121
384;0.178086;11.8843;35.2993;1.65632e+07;521121
385;0.178086;10.8041;32.0978;1.65632e+07;521121
386;0.178085;9.82196;29.1864;1.65632e+07;521121
387;0.178085;8.92915;26.5389;1.65632e+07;521121
388;0.178084;8.11749;24.1314;1.65632e+07;521121
389;0.178084;7.37961;21.9422;1.65632e+07;521121
390;0.178083;6.7088;19.9514;1.65632e+07;521121
391;0.178083;6.09897;18.1411;1.65632e+07;521121
392;0.178082;5.54458;16.495;1.65632e+07;521122
393;0.178082;5.04058;14.9981;1.65632e+07;521122
394;0.178082;4.58239;13.6371;1.65632e+07;521122
395;0.178082;4.16585;12.3994;1.65632e+07;521122
396;0.178081;3.78717;11.274;1.65632e+07;521122
397;0.178081;3.44292;10.2508;1.65632e+07;521122
398;0.178081;3.12996;9.32031;1.65632e+07;521122
399;0.178081;2.84545;8.47427;1.65632e+07;521122
400;0.178081;2.58679;7.70499;1.65632e+07;521122
401;0.17808;2.35166;7.00551;1.65632e+07;521122
402;0.17808;2.13789;6.36951;1.65632e+07;521122
403;0.17808;1.94356;5.79122;1.65632e+07;521122
404;0.17808;1.76689;5.26542;1.65632e+07;521122
405;0.17808;1.60628;4.78733;1.65632e+07;521122
406;0.17808;1.46027;4.35264;1.65632e+07;521122
407;0.17808;1.32753;3.9574;1.65632e+07;521122
408;0.17808;1.20686;3.59804;1.65632e+07;521122
409;0.17808;1.09715;3.2713;1.65632e+07;521122
410;0.17808;0.997422;2.97422;1.65632e+07;521122
411;0.17808;0.906756;2.70412;1.65632e+07;521122
412;0.17808;0.824332;2.45853;1.65632e+07;521122
413;0.178079;0.7494;2.23524;1.65632e+07;521122
414;0.178079;0.68128;2.03223;1.65632e+07;521122
415;0.178079;0.619352;1.84765;1.65632e+07;521122
416;0.178079;0.563052;1.67983;1.65632e+07;521122
417;0.178079;0.511871;1.52725;1.65632e+07;521122
418;0.178079;0.465342;1.38852;1.65632e+07;521122
419;0.178079;0.423042;1.26239;1.65632e+07;521122
420;0.178079;0.384588;1.14772;1.65632e+07;521122
421;0.178079;0.349629;1.04346;1.65632e+07;521122
422;0.178079;0.317848;0.948669;1.65632e+07;521122
423;0.178079;0.288955;0.862488;1.65632e+07;521122
424;0.178079;0.262689;0.784134;1.65632e+07;521122
425;0.178079;0.238811;0.712897;1.65632e+07;521122
426;0.178079;0.217103;0.64813;1.65632e+07;521122
427;0.178079;0.197368;0.589247;1.65632e+07;521122
428;0.178079;0.179428;0.535712;1.65632e+07;521122
429;0.178079;0.163118;0.48704;1.65632e+07;521122
