180;9.84236e+07;1.7647;0.8787;0.1176;0.0037
181;9.84236e+07;3.15493;0.932525;0.220935;0.00695119
182;9.84236e+07;4.51377;1.10619;0.3306;0.0104015
183;9.84236e+07;6.05557;1.38231;0.460688;0.0144944
184;9.84236e+07;7.94449;1.76509;0.623248;0.019609
185;9.84236e+07;10.3372;2.27314;0.830823;0.0261398
186;9.84236e+07;13.4089;2.93706;1.09814;0.0345505
187;9.84236e+07;17.3731;3.79967;1.44354;0.0454176
188;9.84236e+07;22.4992;4.91798;1.89038;0.0594763
189;9.84236e+07;29.1327;6.3666;2.46874;0.0776729
190;9.84235e+07;37.7197;8.2425;3.21745;0.101229
191;9.84235e+07;48.8365;10.6714;4.18677;0.131727
192;9.84235e+07;63.2291;13.8162;5.44173;0.171211
193;9.84235e+07;81.863;17.8878;7.06651;0.222331
194;9.84235e+07;105.988;23.1594;9.17012;0.288516
195;9.84234e+07;137.223;29.9845;11.8937;0.374205
196;9.84234e+07;177.663;38.821;15.4198;0.485148
197;9.84233e+07;230.021;50.2616;19.9852;0.628785
198;9.84232e+07;297.808;65.0737;25.8959;0.814753
199;9.84231e+07;385.573;84.251;33.5486;1.05553
200;9.84229e+07;499.201;109.08;43.4565;1.36725
201;9.84228e+07;646.316;141.226;56.2843;1.77085
202;9.84225e+07;836.785;182.845;72.8925;2.29339
203;9.84222e+07;1083.38;236.73;94.3951;2.96991
204;9.84218e+07;1402.66;306.494;122.235;3.84581
205;9.84212e+07;1816.02;396.818;158.278;4.97984
206;9.84205e+07;2351.19;513.76;204.944;6.44807
207;9.84196e+07;3044.07;665.164;265.362;8.34898
208;9.84184e+07;3941.13;861.185;343.585;10.8101
209;9.84169e+07;5102.53;1114.97;444.861;13.9965
210;9.8415e+07;6606.17;1443.55;575.981;18.1219
211;9.84124e+07;8552.87;1868.94;745.742;23.463
212;9.84091e+07;11073.2;2419.7;965.53;30.3781
213;9.84048e+07;14336;3132.74;1250.09;39.331
214;9.83993e+07;18560.2;4055.88;1618.5;50.9221
215;9.83922e+07;24028.7;5251.02;2095.47;65.9289
216;9.83829e+07;31108;6798.29;2712.99;85.3577
217;9.83709e+07;40272.3;8801.37;3512.47;110.511
218;9.83554e+07;52135;11394.5;4547.51;143.076
219;9.83353e+07;67489.9;14751.4;5887.5;185.236
220;9.83093e+07;87363.7;19096.9;7622.27;239.816
221;9.82756e+07;113084;24721.8;9868.07;310.475
222;9.82321e+07;146365;32002.4;12775.4;401.946
223;9.81757e+07;189426;41425.1;16538.8;520.355
224;9.81028e+07;245126;53619;21410.4;673.627
225;9.80085e+07;317158;69397;27716;872.018
226;9.78865e+07;410278;89808.8;35877.1;1128.79
227;9.77289e+07;530606;116209;46438.6;1461.08
228;9.75253e+07;686004;150345;60104.8;1891.05
229;9.72624e+07;886543;194466;77785.4;2447.33
230;9.69232e+07;1.14509e+06;251464;100655;3166.85
231;9.64862e+07;1.47801e+06;325050;130227;4097.27
232;9.59239e+07;1.90601e+06;419973;168453;5299.96
233;9.52015e+07;2.45509e+06;542286;217841;6853.85
234;9.42758e+07;3.15763e+06;699674;281614;8860.31
235;9.3093e+07;4.05339e+06;901833;363896;11449.1
236;9.15876e+07;5.19038e+06;1.16089e+06;469951;14785.9
237;8.9681e+07;6.62521e+06;1.49188e+06;606473;19081.2
238;8.72816e+07;8.42231e+06;1.91315e+06;781918;24601.2
239;8.42869e+07;1.06514e+07;2.44667e+06;1.0069e+06;31679.8
240;8.05882e+07;1.33819e+07;3.1181e+06;1.29463e+06;40732.5
241;7.6081e+07;1.66727e+07;3.95629e+06;1.66132e+06;52269.5
242;7.06813e+07;2.05568e+07;4.99194e+06;2.12658e+06;66907.8
243;6.43508e+07;2.50188e+07;6.25504e+06;2.71363e+06;85378
244;5.71275e+07;2.99678e+07;7.77051e+06;3.44923e+06;108522
245;4.91596e+07;3.52117e+07;9.55202e+06;4.36304e+06;137272
246;4.07286e+07;4.0442e+07;1.15941e+07;5.48636e+06;172615
247;3.22471e+07;4.52472e+07;1.38639e+07;6.84982e+06;215513
248;2.42137e+07;4.91677e+07;1.62952e+07;8.48022e+06;266810
249;1.712e+07;5.1792e+07;1.87879e+07;1.03965e+07;327102
250;1.13337e+07;5.28704e+07;2.12168e+07;1.2606e+07;396617
251;7.00482e+06;5.23934e+07;2.34492e+07;1.51011e+07;475119
252;4.04546e+06;5.05902e+07;2.53673e+07;1.78587e+07;561881
253;2.19491e+06;4.78421e+07;2.68889e+07;2.08419e+07;655741
254;1.12963e+06;4.45585e+07;2.79761e+07;2.40041e+07;755230
255;558622;4.10792e+07;2.8633e+07;2.7294e+07;858741
256;269313;3.76344e+07;2.88939e+07;3.06613e+07;964684
257;128412;3.43543e+07;2.88101e+07;3.40592e+07;1.07159e+06
258;61350.2;3.12986e+07;2.84382e+07;3.74473e+07;1.17819e+06
259;29689.6;2.84852e+07;2.78337e+07;4.07916e+07;1.28341e+06
260;14677.3;2.59109e+07;2.70468e+07;4.40649e+07;1.38639e+06
261;7458.02;2.35628e+07;2.61213e+07;4.72456e+07;1.48647e+06
262;3911.53;2.14245e+07;2.50946e+07;5.03174e+07;1.58312e+06
263;2122.81;1.94788e+07;2.39982e+07;5.32685e+07;1.67597e+06
264;1193.59;1.77091e+07;2.28578e+07;5.60907e+07;1.76476e+06
265;695.487;1.60999e+07;2.16949e+07;5.87788e+07;1.84933e+06
266;419.775;1.46367e+07;2.05268e+07;6.13301e+07;1.9296e+06
267;262.192;1.33063e+07;1.93674e+07;6.37441e+07;2.00555e+06
268;169.252;1.20969e+07;1.82276e+07;6.60217e+07;2.07721e+06
269;112.746;1.09973e+07;1.71162e+07;6.81653e+07;2.14466e+06
270;77.3745;9.99771e+06;1.60397e+07;7.01781e+07;2.20799e+06
271;54.6121;9.08894e+06;1.50029e+07;7.20644e+07;2.26733e+06
272;39.5752;8.26277e+06;1.40092e+07;7.38287e+07;2.32284e+06
273;29.3945;7.5117e+06;1.3061e+07;7.54762e+07;2.37468e+06
274;22.3407;6.82889e+06;1.21595e+07;7.70122e+07;2.423e+06
275;17.3472;6.20815e+06;1.13053e+07;7.84421e+07;2.46799e+06
276;13.7405;5.64383e+06;1.04983e+07;7.97716e+07;2.50982e+06
277;11.0864;5.13081e+06;9.73787e+06;8.10062e+07;2.54867e+06
278;9.09931;4.66442e+06;9.02305e+06;8.21514e+07;2.5847e+06
279;7.58752;4.24043e+06;8.35255e+06;8.32125e+07;2.61808e+06
280;6.42017;3.85497e+06;7.72484e+06;8.41948e+07;2.64899e+06
281;5.50636;3.50456e+06;7.13824e+06;8.51032e+07;2.67757e+06
282;4.78192;3.18599e+06;6.59093e+06;8.59427e+07;2.70398e+06
283;4.20086;2.89639e+06;6.08106e+06;8.67178e+07;2.72837e+06
284;3.72978;2.63311e+06;5.60671e+06;8.74329e+07;2.75087e+06
285;3.34405;2.39376e+06;5.16596e+06;8.80923e+07;2.77161e+06
286;3.02534;2.17617e+06;4.75693e+06;8.86998e+07;2.79072e+06
287;2.75978;1.97835e+06;4.37772e+06;8.92592e+07;2.80832e+06
288;2.5368;1.79852e+06;4.02654e+06;8.9774e+07;2.82452e+06
289;2.34825;1.63503e+06;3.7016e+06;9.02475e+07;2.83942e+06
290;2.18777;1.48641e+06;3.40122e+06;9.06828e+07;2.85312e+06
291;2.05037;1.3513e+06;3.12377e+06;9.10828e+07;2.8657e+06
292;1.93209;1.22846e+06;2.86769e+06;9.14502e+07;2.87726e+06
293;1.82975;1.1168e+06;2.63151e+06;9.17874e+07;2.88787e+06
294;1.74081;1.01528e+06;2.41382e+06;9.20969e+07;2.89761e+06
295;1.66319;922990;2.21331e+06;9.23808e+07;2.90654e+06
296;1.59518;839091;2.02874e+06;9.2641e+07;2.91473e+06
297;1.53538;762817;1.85893e+06;9.28796e+07;2.92223e+06
298;1.48264;693477;1.70278e+06;9.30982e+07;2.92911e+06
299;1.43599;630440;1.55927e+06;9.32985e+07;2.93541e+06
300;1.39461;573133;1.42744e+06;9.34818e+07;2.94118e+06
301;1.35782;521036;1.30639e+06;9.36497e+07;2.94646e+06
302;1.32503;473673;1.19528e+06;9.38033e+07;2.9513e+06
303;1.29576;430617;1.09335e+06;9.39439e+07;2.95572e+06
304;1.26957;391474;999872;9.40725e+07;2.95976e+06
305;1.2461;355889;914172;9.41901e+07;2.96346e+06
306;1.22504;323538;835634;9.42976e+07;2.96685e+06
307;1.20612;294129;763681;9.43958e+07;2.96994e+06
308;1.18909;267392;697783;9.44857e+07;2.97276e+06
309;1.17375;243086;637448;9.45677e+07;2.97534e+06
310;1.15992;220990;582222;9.46427e+07;2.9777e+06
311;1.14743;200902;531686;9.47111e+07;2.97986e+06
312;1.13615;182640;485455;9.47737e+07;2.98182e+06
313;1.12595;166038;443171;9.48308e+07;2.98362e+06
314;1.11673;150945;404507;9.48829e+07;2.98526e+06
315;1.10837;137224;369161;9.49305e+07;2.98676e+06
316;1.10081;124751;336856;9.49739e+07;2.98812e+06
317;1.09395;113411;307335;9.50135e+07;2.98937e+06
318;1.08773;103102;280364;9.50496e+07;2.99051e+06
319;1.0821;93729.8;255728;9.50826e+07;2.99154e+06
320;1.07698;85209.8;233228;9.51127e+07;2.99249e+06
321;1.07233;77464.2;212683;9.51401e+07;2.99335e+06
322;1.06812;70422.7;193926;9.51651e+07;2.99414e+06
323;1.06429;64021.3;176804;9.51879e+07;2.99486e+06
324;1.06081;58201.8;161178;9.52087e+07;2.99551e+06
325;1.05764;52911.2;146917;9.52277e+07;2.99611e+06
326;1.05477;48101.6;133906;9.52449e+07;2.99665e+06
327;1.05216;43729.2;122036;9.52607e+07;2.99715e+06
328;1.04978;39754.2;111208;9.5275e+07;2.9976e+06
329;1.04763;36140.5;101332;9.52881e+07;2.99801e+06
330;1.04566;32855.4;92325.4;9.53e+07;2.99839e+06
331;1.04388;29868.8;84112.9;9.53109e+07;2.99873e+06
332;1.04225;27153.7;76625.1;9.53208e+07;2.99904e+06
333;1.04078;24685.5;69798.7;9.53298e+07;2.99932e+06
334;1.03943;22441.6;63576;9.5338e+07;2.99958e+06
335;1.03821;20401.6;57904.2;9.53455e+07;2.99982e+06
336;1.0371;18547.1;52734.9;9.53523e+07;3.00003e+06
337;1.03609;16861.2;48024.1;9.53585e+07;3.00022e+06
338;1.03517;15328.5;43731.5;9.53641e+07;3.0004e+06
339;1.03433;13935.1;39820.2;9.53693e+07;3.00056e+06
340;1.03357;12668.4;36256.7;9.5374e+07;3.00071e+06
341;1.03288;11516.9;33010.3;9.53782e+07;3.00085e+06
342;1.03224;10470;30053.1;9.53821e+07;3.00097e+06
343;1.03167;9518.27;27359.4;9.53856e+07;3.00108e+06
344;1.03115;8653.06;24905.9;9.53889e+07;3.00118e+06
345;1.03067;7866.5;22671.4;9.53918e+07;3.00127e+06
346;1.03024;7151.43;20636.4;9.53945e+07;3.00136e+06
347;1.02985;6501.37;18783.3;9.53969e+07;3.00143e+06
348;1.02949;5910.39;17095.8;9.53991e+07;3.0015e+06
349;1.02917;5373.14;15559.4;9.54011e+07;3.00157e+06
350;1.02887;4884.72;14160.4;9.54029e+07;3.00162e+06
351;1.0286;4440.7;12886.8;9.54046e+07;3.00168e+06
352;1.02836;4037.04;11727.3;9.54061e+07;3.00172e+06
353;1.02813;3670.07;10671.7;9.54075e+07;3.00177e+06
354;1.02793;3336.47;9710.86;9.54087e+07;3.00181e+06
355;1.02774;3033.18;8836.21;9.54099e+07;3.00184e+06
356;1.02758;2757.46;8040.1;9.54109e+07;3.00187e+06
357;1.02742;2506.81;7315.49;9.54119e+07;3.0019e+06
358;1.02728;2278.94;6655.99;9.54127e+07;3.00193e+06
359;1.02716;2071.79;6055.77;9.54135e+07;3.00196e+06
360;1.02704;1883.46;5509.53;9.54142e+07;3.00198e+06
361;1.02694;1712.25;5012.43;9.54149e+07;3.002e+06
362;1.02684;1556.61;4560.07;9.54155e+07;3.00202e+06
363;1.02676;1415.12;4148.43;9.5416e+07;3.00203e+06
364;1.02668;1286.48;3773.86;9.54165e+07;3.00205e+06
365;1.02661;1169.54;3433.03;9.54169e+07;3.00206e+06
366;1.02654;1063.23;3122.91;9.54173e+07;3.00208e+06
367;1.02648;966.582;2840.75;9.54177e+07;3.00209e+06
368;1.02643;878.719;2584.03;9.5418e+07;3.0021e+06
369;1.02638;798.844;2350.46;9.54183e+07;3.00211e+06
370;1.02633;726.229;2137.97;9.54186e+07;3.00212e+06
371;1.02629;660.215;1944.65;9.54189e+07;3.00212e+06
372;1.02626;600.201;1768.77;9.54191e+07;3.00213e+06
373;1.02622;545.643;1608.78;9.54193e+07;3.00214e+06
374;1.02619;496.044;1463.23;9.54195e+07;3.00214e+06
375;1.02616;450.954;1330.83;9.54197e+07;3.00215e+06
376;1.02614;409.962;1210.4;9.54198e+07;3.00215e+06
377;1.02612;372.697;1100.84;9.542e+07;3.00216e+06
378;1.0261;338.818;1001.19;9.54201e+07;3.00216e+06
379;1.02608;308.02;910.541;9.54202e+07;3.00217e+06
380;1.02606;280.021;828.092;9.54203e+07;3.00217e+06
381;1.02604;254.567;753.098;9.54204e+07;3.00217e+06
382;1.02603;231.427;684.887;9.54205e+07;3.00218e+06
383;1.02602;210.39;622.847;9.54206e+07;3.00218e+06
384;1.026;191.266;566.42;9.54207e+07;3.00218e+06
385;1.02599;173.88;515.1;9.54207e+07;3.00218e+06
386;1.02598;158.074;468.424;9.54208e+07;3.00218e+06
387;1.02598;143.705;425.973;9.54208e+07;3.00219e+06
388;1.02597;130.642;387.365;9.54209e+07;3.00219e+06
389;1.02596;118.767;352.253;9.54209e+07;3.00219e+06
390;1.02595;107.971;320.321;9.5421e+07;3.00219e+06
391;1.02595;98.1565;291.28;9.5421e+07;3.00219e+06
392;1.02594;89.2341;264.87;9.5421e+07;3.00219e+06
393;1.02594;81.1227;240.853;9.54211e+07;3.00219e+06
394;1.02593;73.7486;219.012;9.54211e+07;3.00219e+06
395;1.02593;67.0449;199.149;9.54211e+07;3.0022e+06
396;1.02592;60.9505;181.087;9.54212e+07;3.0022e+06
397;1.02592;55.4101;164.661;9.54212e+07;3.0022e+06
398;1.02592;50.3733;149.725;9.54212e+07;3.0022e+06
399;1.02591;45.7944;136.142;9.54212e+07;3.0022e+06
400;1.02591;41.6317;123.791;9.54212e+07;3.0022e+06
401;1.02591;37.8474;112.559;9.54212e+07;3.0022e+06
402;1.02591;34.4071;102.346;9.54213e+07;3.0022e+06
403;1.02591;31.2795;93.0592;9.54213e+07;3.0022e+06
404;1.0259;28.4362;84.6144;9.54213e+07;3.0022e+06
405;1.0259;25.8513;76.9355;9.54213e+07;3.0022e+06
406;1.0259;23.5014;69.9531;9.54213e+07;3.0022e+06
407;1.0259;21.3651;63.6041;9.54213e+07;3.0022e+06
408;1.0259;19.4231;57.831;9.54213e+07;3.0022e+06
409;1.0259;17.6575;52.5817;9.54213e+07;3.0022e+06
410;1.0259;16.0524;47.8086;9.54213e+07;3.0022e+06
411;1.0259;14.5933;43.4686;9.54213e+07;3.0022e+06
412;1.02589;13.2667;39.5223;9.54213e+07;3.0022e+06
413;1.02589;12.0608;35.9342;9.54213e+07;3.0022e+06
414;1.02589;10.9645;32.6717;9.54213e+07;3.0022e+06
415;1.02589;9.9678;29.7053;9.54214e+07;3.0022e+06
416;1.02589;9.06173;27.0081;9.54214e+07;3.0022e+06
417;1.02589;8.23802;24.5558;9.54214e+07;3.0022e+06
418;1.02589;7.48918;22.326;9.54214e+07;3.0022e+06
419;1.02589;6.80842;20.2986;9.54214e+07;3.0022e+06
420;1.02589;6.18953;18.4553;9.54214e+07;3.0022e+06
421;1.02589;5.6269;16.7793;9.54214e+07;3.0022e+06
422;1.02589;5.11542;15.2554;9.54214e+07;3.0022e+06
423;1.02589;4.65043;13.8699;9.54214e+07;3.0022e+06
424;1.02589;4.2277;12.6102;9.54214e+07;3.0022e+06
425;1.02589;3.84341;11.4649;9.54214e+07;3.0022e+06
426;1.02589;3.49404;10.4236;9.54214e+07;3.0022e+06
427;1.02589;3.17643;9.47682;9.54214e+07;3.0022e+06
428;1.02589;2.88769;8.61602;9.54214e+07;3.0022e+06
429;1.02589;2.6252;7.83339;9.54214e+07;3.0022e+06
430;1.02589;2.38657;7.12183;9.54214e+07;3.0022e+06
431;1.02589;2.16963;6.47489;9.54214e+07;3.0022e+06
432;1.02589;1.97241;5.8867;9.54214e+07;3.0022e+06
433;1.02589;1.79312;5.35194;9.54214e+07;3.0022e+06
434;1.02589;1.63013;4.86574;9.54214e+07;3.0022e+06
435;1.02589;1.48195;4.42371;9.54214e+07;3.0022e+06
436;1.02589;1.34724;4.02182;9.54214e+07;3.0022e+06
437;1.02589;1.22478;3.65644;9.54214e+07;3.0022e+06
438;1.02589;1.11344;3.32424;9.54214e+07;3.0022e+06
439;1.02589;1.01223;3.02223;9.54214e+07;3.0022e+06
440;1.02589;0.92022;2.74764;9.54214e+07;3.0022e+06
441;1.02589;0.836572;2.498;9.54214e+07;3.0022e+06
442;1.02589;0.760527;2.27104;9.54214e+07;3.0022e+06
443;1.02589;0.691395;2.06469;9.54214e+07;3.0022e+06
444;1.02589;0.628548;1.87709;9.54214e+07;3.0022e+06
445;1.02589;0.571413;1.70654;9.54214e+07;3.0022e+06
446;1.02589;0.519471;1.55148;9.54214e+07;3.0022e+06
447;1.02589;0.472251;1.4105;9.54214e+07;3.0022e+06
448;1.02589;0.429324;1.28234;9.54214e+07;3.0022e+06
449;1.02589;0.390298;1.16581;9.54214e+07;3.0022e+06
450;1.02589;0.35482;1.05988;9.54214e+07;3.0022e+06
451;1.02589;0.322567;0.963568;9.54214e+07;3.0022e+06
452;1.02589;0.293246;0.876009;9.54214e+07;3.0022e+06
453;1.02589;0.26659;0.796405;9.54214e+07;3.0022e+06
454;1.02589;0.242357;0.724034;9.54214e+07;3.0022e+06
455;1.02589;0.220327;0.658239;9.54214e+07;3.0022e+06
456;1.02589;0.200299;0.598422;9.54214e+07;3.0022e+06
457;1.02589;0.182092;0.544041;9.54214e+07;3.0022e+06
458;1.02589;0.16554;0.494601;9.54214e+07;3.0022e+06
