157;6.42074e+06;1.7647;0.8787;0.1176;0.0037
158;6.42074e+06;3.15493;0.932525;0.220935;0.00695119
159;6.42074e+06;4.51377;1.10619;0.3306;0.0104015
160;6.42074e+06;6.05557;1.38231;0.460688;0.0144944
161;6.42073e+06;7.94448;1.76509;0.623248;0.019609
162;6.42073e+06;10.3372;2.27314;0.830823;0.0261398
163;6.42073e+06;13.4089;2.93706;1.09814;0.0345505
164;6.42072e+06;17.3731;3.79966;1.44354;0.0454176
165;6.42072e+06;22.4991;4.91798;1.89038;0.0594763
166;6.42071e+06;29.1326;6.36659;2.46874;0.0776728
167;6.4207e+06;37.7195;8.24248;3.21745;0.101229
168;6.42068e+06;48.8362;10.6714;4.18676;0.131726
169;6.42066e+06;63.2286;13.8162;5.44172;0.17121
170;6.42064e+06;81.8622;17.8877;7.0665;0.22233
171;6.42061e+06;105.987;23.1592;9.17009;0.288515
172;6.42057e+06;137.221;29.9842;11.8936;0.374204
173;6.42051e+06;177.659;38.8205;15.4198;0.485146
174;6.42044e+06;230.014;50.2608;19.9851;0.628782
175;6.42036e+06;297.797;65.0724;25.8957;0.814746
176;6.42024e+06;385.554;84.2489;33.5482;1.05551
177;6.42009e+06;499.169;109.076;43.4559;1.36724
178;6.4199e+06;646.262;141.22;56.2833;1.77082
179;6.41965e+06;836.695;182.835;72.8907;2.29333
180;6.41933e+06;1083.23;236.713;94.3921;2.96982
181;6.41891e+06;1402.4;306.465;122.23;3.84566
182;6.41837e+06;1815.59;396.769;158.27;4.97958
183;6.41767e+06;2350.47;513.678;204.93;6.44763
184;6.41676e+06;3042.87;665.027;265.339;8.34824
185;6.41559e+06;3939.12;860.956;343.546;10.8088
186;6.41407e+06;5099.16;1114.59;444.794;13.9944
187;6.41211e+06;6600.52;1442.9;575.87;18.1184
188;6.40956e+06;8543.4;1867.87;745.555;23.4571
189;6.40627e+06;11057.3;2417.89;965.216;30.3682
190;6.40202e+06;14309.4;3129.71;1249.56;39.3144
191;6.39651e+06;18515.6;4050.8;1617.61;50.8943
192;6.38939e+06;23954.1;5242.51;2093.99;65.8823
193;6.38018e+06;30983;6784.02;2710.51;85.2796
194;6.36829e+06;40062.9;8777.47;3508.31;110.38
195;6.35292e+06;51784.5;11354.5;4540.54;142.857
196;6.3331e+06;66903.3;14684.4;5875.83;184.869
197;6.30754e+06;86382.3;18984.7;7602.71;239.201
198;6.27462e+06;111443;24534;9835.31;309.444
199;6.23231e+06;143625;31688.2;12720.5;400.22
200;6.17803e+06;184851;40899.9;16447;517.466
201;6.10858e+06;237501;52741.7;21256.9;668.796
202;6.02002e+06;304470;67933;27459.3;863.94
203;5.9076e+06;389208;87369.1;35448.2;1115.29
204;5.76572e+06;495712;112150;45722.8;1438.56
205;5.58796e+06;628412;143607;58911.7;1853.51
206;5.36734e+06;791906;183310;75799.8;2384.86
207;5.09683e+06;990436;233058;97357;3063.1
208;4.7702e+06;1.22704e+06;294819;124765;3925.42
209;4.38344e+06;1.50226e+06;370595;159435;5016.25
210;3.93661e+06;1.81253e+06;462197;203017;6387.45
211;3.43604e+06;2.14834e+06;570892;257372;8097.58
212;2.89623e+06;2.49287e+06;696927;324509;10209.9
213;2.34058e+06;2.82191e+06;838992;406467;12788.5
214;1.79979e+06;3.1062e+06;993734;505133;15892.8
215;1.30701e+06;3.31662e+06;1.15555e+06;621996;19569.6
216;890643;3.43151e+06;1.31686e+06;757888;23845.1
217;567091;3.44314e+06;1.46905e+06;912751;28717.5
218;337095;3.36015e+06;1.60383e+06;1.08551e+06;34153
219;187708;3.2041e+06;1.71473e+06;1.27412e+06;40087.2
220;98689.3;3.00187e+06;1.79798e+06;1.47577e+06;46431.7
221;49565.5;2.77812e+06;1.85276e+06;1.68722e+06;53084.2
222;24115.5;2.55104e+06;1.88055e+06;1.9051e+06;59939.4
223;11533.8;2.33173e+06;1.88433e+06;2.12625e+06;66897.4
224;5497.64;2.12581e+06;1.86771e+06;2.34785e+06;73869.5
225;2642.71;1.93543e+06;1.8344e+06;2.56749e+06;80780
226;1293.36;1.76085e+06;1.78781e+06;2.78322e+06;87567.3
227;649.056;1.60143e+06;1.73101e+06;2.99347e+06;94182.2
228;335.666;1.45618e+06;1.66661e+06;3.19703e+06;100587
229;179.465;1.32397e+06;1.59682e+06;3.39303e+06;106753
230;99.3711;1.2037e+06;1.52347e+06;3.58081e+06;112662
231;57.0198;1.09432e+06;1.44809e+06;3.75997e+06;118298
232;33.9001;994873;1.37191e+06;3.93027e+06;123656
233;20.8667;904452;1.29593e+06;4.09161e+06;128732
234;13.2824;822245;1.22095e+06;4.24401e+06;133527
235;8.73058;747508;1.14759e+06;4.38759e+06;138045
236;5.91639;679562;1.07634e+06;4.52255e+06;142291
237;4.12652;617792;1.00755e+06;4.64913e+06;146274
238;2.95718;561635;941492;4.76761e+06;150001
239;2.17367;510584;878341;4.87833e+06;153485
240;1.63608;464172;818210;4.98163e+06;156735
241;1.25896;421979;761155;5.07785e+06;159762
242;0.988866;383622;707185;5.16736e+06;162578
243;0.791672;348751;656274;5.25052e+06;165195
244;0.645106;317049;608370;5.3277e+06;167623
245;0.534349;288230;563394;5.39925e+06;169874
246;0.44936;262030;521255;5.4655e+06;171959
247;0.383212;238211;481845;5.5268e+06;173887
248;0.33105;216558;445050;5.58347e+06;175670
249;0.289417;196873;410751;5.6358e+06;177317
250;0.255817;178977;378823;5.68411e+06;178837
251;0.228419;162708;349140;5.72866e+06;180238
252;0.205867;147918;321580;5.76972e+06;181530
253;0.187142;134472;296018;5.80753e+06;182720
254;0.171471;122249;272335;5.84235e+06;183815
255;0.158258;111136;250413;5.87437e+06;184823
256;0.147043;101034;230140;5.90382e+06;185749
257;0.137465;91850.1;211408;5.93089e+06;186601
258;0.129239;83500.9;194113;5.95575e+06;187383
259;0.122137;75910.7;178158;5.97858e+06;188101
260;0.115976;69010.4;163447;5.99953e+06;188761
261;0.110608;62737.4;149894;6.01875e+06;189365
262;0.105913;57034.5;137415;6.03638e+06;189920
263;0.101791;51850.1;125931;6.05254e+06;190428
264;0.0981603;47136.9;115369;6.06734e+06;190894
265;0.0949524;42852.2;105659;6.08091e+06;191321
266;0.0921104;38956.9;96738;6.09334e+06;191712
267;0.089586;35415.7;88544.9;6.10471e+06;192070
268;0.0873386;32196.5;81023.7;6.11513e+06;192398
269;0.0853336;29269.8;74122.2;6.12466e+06;192697
270;0.0835415;26609.2;67791.8;6.13337e+06;192972
271;0.0819367;24190.4;61987.4;6.14134e+06;193223
272;0.0804974;21991.5;56667.2;6.14863e+06;193452
273;0.0792048;19992.5;51792.5;6.1553e+06;193662
274;0.0780423;18175.2;47327.4;6.16139e+06;193853
275;0.0769955;16523;43238.7;6.16695e+06;194028
276;0.076052;15021.1;39495.8;6.17204e+06;194188
277;0.0752007;13655.7;36070.4;6.17668e+06;194334
278;0.0744319;12414.4;32936.3;6.18093e+06;194468
279;0.0737371;11285.9;30069.6;6.1848e+06;194590
280;0.0731087;10260;27448.1;6.18834e+06;194701
281;0.0725399;9327.39;25051.3;6.19156e+06;194803
282;0.0720248;8479.53;22860.4;6.19451e+06;194895
283;0.0715581;7708.74;20858.2;6.1972e+06;194980
284;0.0711351;7008.01;19028.8;6.19965e+06;195057
285;0.0707514;6370.99;17357.7;6.20189e+06;195127
286;0.0704033;5791.86;15831.3;6.20393e+06;195192
287;0.0700873;5265.38;14437.5;6.20579e+06;195250
288;0.0698005;4786.76;13164.8;6.20749e+06;195304
289;0.06954;4351.64;12003;6.20904e+06;195352
290;0.0693034;3956.08;10942.6;6.21045e+06;195397
291;0.0690885;3596.47;9974.9;6.21174e+06;195437
292;0.0688931;3269.55;9091.86;6.21291e+06;195474
293;0.0687155;2972.35;8286.22;6.21398e+06;195508
294;0.0685541;2702.16;7551.29;6.21495e+06;195538
295;0.0684074;2456.54;6880.95;6.21584e+06;195566
296;0.068274;2233.24;6269.59;6.21665e+06;195592
297;0.0681526;2030.24;5712.09;6.21739e+06;195615
298;0.0680423;1845.69;5203.76;6.21806e+06;195636
299;0.0679419;1677.92;4740.32;6.21867e+06;195655
300;0.0678506;1525.39;4317.84;6.21923e+06;195673
301;0.0677675;1386.74;3932.74;6.21974e+06;195689
302;0.067692;1260.68;3581.76;6.2202e+06;195704
303;0.0676233;1146.09;3261.89;6.22062e+06;195717
304;0.0675607;1041.91;2970.4;6.221e+06;195729
305;0.0675038;947.197;2704.8;6.22135e+06;195740
306;0.0674521;861.097;2462.81;6.22167e+06;195750
307;0.067405;782.823;2242.34;6.22196e+06;195759
308;0.0673621;711.665;2041.5;6.22222e+06;195767
309;0.0673232;646.974;1858.56;6.22246e+06;195775
310;0.0672877;588.164;1691.93;6.22268e+06;195782
311;0.0672554;534.7;1540.16;6.22288e+06;195788
312;0.067226;486.096;1401.94;6.22306e+06;195794
313;0.0671993;441.91;1276.07;6.22323e+06;195799
314;0.067175;401.74;1161.46;6.22338e+06;195804
315;0.0671529;365.222;1057.09;6.22351e+06;195808
316;0.0671328;332.024;962.063;6.22364e+06;195812
317;0.0671145;301.843;875.545;6.22375e+06;195815
318;0.0670978;274.405;796.779;6.22386e+06;195819
319;0.0670827;249.462;725.073;6.22395e+06;195822
320;0.0670689;226.786;659.798;6.22403e+06;195824
321;0.0670563;206.171;600.379;6.22411e+06;195827
322;0.0670449;187.43;546.294;6.22418e+06;195829
323;0.0670345;170.393;497.066;6.22425e+06;195831
324;0.0670251;154.904;452.261;6.22431e+06;195833
325;0.0670165;140.823;411.482;6.22436e+06;195834
326;0.0670087;128.022;374.37;6.22441e+06;195836
327;0.0670016;116.385;340.596;6.22445e+06;195837
328;0.0669951;105.806;309.861;6.22449e+06;195839
329;0.0669892;96.188;281.893;6.22453e+06;195840
330;0.0669838;87.4445;256.443;6.22456e+06;195841
331;0.066979;79.4958;233.285;6.22459e+06;195842
332;0.0669745;72.2696;212.214;6.22462e+06;195843
333;0.0669705;65.7003;193.042;6.22464e+06;195843
334;0.0669669;59.7282;175.598;6.22467e+06;195844
335;0.0669635;54.2989;159.727;6.22469e+06;195845
336;0.0669605;49.3631;145.288;6.2247e+06;195845
337;0.0669577;44.876;132.152;6.22472e+06;195846
338;0.0669552;40.7968;120.201;6.22474e+06;195846
339;0.0669529;37.0884;109.329;6.22475e+06;195847
340;0.0669509;33.717;99.4386;6.22476e+06;195847
341;0.066949;30.6522;90.4416;6.22478e+06;195848
342;0.0669473;27.8659;82.2573;6.22479e+06;195848
343;0.0669457;25.3329;74.8125;6.2248e+06;195848
344;0.0669443;23.0301;68.0405;6.22481e+06;195848
345;0.066943;20.9367;61.8806;6.22481e+06;195849
346;0.0669418;19.0335;56.2777;6.22482e+06;195849
347;0.0669407;17.3034;51.1813;6.22483e+06;195849
348;0.0669398;15.7305;46.5459;6.22483e+06;195849
349;0.0669389;14.3006;42.3298;6.22484e+06;195850
350;0.0669381;13.0007;38.4951;6.22484e+06;195850
351;0.0669374;11.8189;35.0074;6.22485e+06;195850
352;0.0669367;10.7446;31.8354;6.22485e+06;195850
353;0.0669361;9.7679;28.9504;6.22486e+06;195850
354;0.0669355;8.88;26.3266;6.22486e+06;195850
355;0.066935;8.07281;23.9404;6.22486e+06;195850
356;0.0669346;7.33899;21.7703;6.22487e+06;195850
357;0.0669342;6.67188;19.7966;6.22487e+06;195850
358;0.0669338;6.0654;18.0018;6.22487e+06;195851
359;0.0669335;5.51406;16.3695;6.22487e+06;195851
360;0.0669331;5.01283;14.8851;6.22487e+06;195851
361;0.0669329;4.55716;13.5352;6.22488e+06;195851
362;0.0669326;4.14292;12.3076;6.22488e+06;195851
363;0.0669324;3.76633;11.1913;6.22488e+06;195851
364;0.0669322;3.42397;10.1762;6.22488e+06;195851
365;0.066932;3.11273;9.25304;6.22488e+06;195851
366;0.0669318;2.82978;8.41359;6.22488e+06;195851
367;0.0669316;2.57256;7.65025;6.22488e+06;195851
368;0.0669315;2.33871;6.95612;6.22488e+06;195851
369;0.0669314;2.12612;6.32493;6.22489e+06;195851
370;0.0669312;1.93286;5.75098;6.22489e+06;195851
371;0.0669311;1.75716;5.22908;6.22489e+06;195851
372;0.066931;1.59744;4.75452;6.22489e+06;195851
373;0.0669309;1.45223;4.32301;6.22489e+06;195851
374;0.0669309;1.32022;3.93063;6.22489e+06;195851
375;0.0669308;1.20021;3.57385;6.22489e+06;195851
376;0.0669307;1.09111;3.24945;6.22489e+06;195851
377;0.0669307;0.991931;2.95447;6.22489e+06;195851
378;0.0669306;0.901765;2.68626;6.22489e+06;195851
379;0.0669305;0.819795;2.44239;6.22489e+06;195851
380;0.0669305;0.745275;2.22064;6.22489e+06;195851
381;0.0669305;0.67753;2.01903;6.22489e+06;195851
382;0.0669304;0.615942;1.83571;6.22489e+06;195851
383;0.0669304;0.559953;1.66902;6.22489e+06;195851
384;0.0669304;0.509054;1.51747;6.22489e+06;195851
385;0.0669303;0.462781;1.37967;6.22489e+06;195851
386;0.0669303;0.420714;1.25439;6.22489e+06;195851
387;0.0669303;0.382471;1.14047;6.22489e+06;195851
388;0.0669303;0.347704;1.0369;6.22489e+06;195851
389;0.0669302;0.316098;0.94273;6.22489e+06;195851
390;0.0669302;0.287365;0.85711;6.22489e+06;195851
391;0.0669302;0.261243;0.779264;6.22489e+06;195851
392;0.0669302;0.237496;0.708487;6.22489e+06;195851
393;0.0669302;0.215908;0.644136;6.22489e+06;195851
394;0.0669302;0.196282;0.585628;6.22489e+06;195851
395;0.0669301;0.17844;0.532433;6.22489e+06;195851
396;0.0669301;0.16222;0.484069;6.22489e+06;195851
