197;5.933e+06;1.7647;0.8787;0.1176;0.0037
198;5.933e+06;3.15493;0.932525;0.220935;0.00695119
199;5.933e+06;4.51377;1.10619;0.3306;0.0104015
200;5.93299e+06;6.05557;1.38231;0.460688;0.0144944
201;5.93299e+06;7.94448;1.76509;0.623248;0.019609
202;5.93299e+06;10.3372;2.27314;0.830823;0.0261398
203;5.93298e+06;13.4089;2.93706;1.09814;0.0345504
204;5.93298e+06;17.3731;3.79966;1.44354;0.0454176
205;5.93297e+06;22.4991;4.91798;1.89038;0.0594763
206;5.93296e+06;29.1326;6.36659;2.46874;0.0776728
207;5.93295e+06;37.7195;8.24248;3.21745;0.101229
208;5.93294e+06;48.8362;10.6714;4.18676;0.131726
209;5.93292e+06;63.2286;13.8161;5.44172;0.17121
210;5.93289e+06;81.8621;17.8877;7.0665;0.22233
211;5.93286e+06;105.987;23.1592;9.17009;0.288515
212;5.93282e+06;137.221;29.9842;11.8936;0.374204
213;5.93277e+06;177.659;38.8205;15.4198;0.485145
214;5.9327e+06;230.013;50.2607;19.985;0.628781
215;5.93261e+06;297.796;65.0723;25.8957;0.814746
216;5.9325e+06;385.552;84.2487;33.5482;1.05551
217;5.93235e+06;499.166;109.076;43.4559;1.36723
218;5.93216e+06;646.257;141.219;56.2832;1.77081
219;5.93191e+06;836.687;182.834;72.8906;2.29333
220;5.93158e+06;1083.22;236.711;94.3919;2.96981
221;5.93117e+06;1402.38;306.463;122.229;3.84564
222;5.93063e+06;1815.55;396.765;158.269;4.97956
223;5.92993e+06;2350.41;513.671;204.929;6.44759
224;5.92902e+06;3042.76;665.015;265.336;8.34817
225;5.92785e+06;3938.94;860.936;343.542;10.8087
226;5.92633e+06;5098.87;1114.55;444.788;13.9942
227;5.92436e+06;6600.02;1442.85;575.86;18.118
228;5.92182e+06;8542.57;1867.77;745.539;23.4566
229;5.91853e+06;11055.9;2417.73;965.188;30.3673
230;5.91428e+06;14307.1;3129.44;1249.51;39.3129
231;5.90877e+06;18511.7;4050.36;1617.54;50.8919
232;5.90165e+06;23947.5;5241.76;2093.86;65.8782
233;5.89245e+06;30972;6782.77;2710.29;85.2727
234;5.88056e+06;40044.6;8775.38;3507.94;110.369
235;5.86521e+06;51753.8;11351;4539.93;142.838
236;5.84541e+06;66852;14678.5;5874.8;184.836
237;5.81989e+06;86296.7;18974.9;7601;239.147
238;5.78704e+06;111300;24517.6;9832.44;309.354
239;5.74484e+06;143387;31660.8;12715.7;400.069
240;5.69073e+06;184456;40854.2;16439;517.214
241;5.62158e+06;236847;52665.7;21243.5;668.375
242;5.53351e+06;303388;67806.7;27437;863.238
243;5.42189e+06;387427;87159.7;35411;1114.12
244;5.2813e+06;492796;111804;45661;1436.61
245;5.10563e+06;623672;143038;58809.2;1850.29
246;4.88835e+06;784266;182379;75630.4;2379.53
247;4.62306e+06;978257;231546;97078.2;3054.33
248;4.30451e+06;1.20789e+06;292383;124308;3911.05
249;3.92992e+06;1.47268e+06;366714;158692;4992.87
250;3.5009e+06;1.76783e+06;456099;201818;6349.71
251;3.02546e+06;2.08258e+06;561470;255455;8037.28
252;2.51952e+06;2.39922e+06;682670;321484;10114.7
253;2.00705e+06;2.69359e+06;817951;401766;12640.6
254;1.51772e+06;2.93808e+06;963580;497957;15667
255;1.08158e+06;3.10714e+06;1.11377e+06;611274;19232.3
256;722113;3.18417e+06;1.26111e+06;742253;23353.2
257;450178;3.16667e+06;1.39758e+06;890560;28019.3
258;262155;3.06684e+06;1.5159e+06;1.05491e+06;33190.3
259;143288;2.90693e+06;1.6108e+06;1.23318e+06;38799.2
260;74185.4;2.71179e+06;1.67965e+06;1.42261e+06;44759.1
261;36841.5;2.50263e+06;1.72241e+06;1.62014e+06;50973.8
262;17803.7;2.29418e+06;1.74097e+06;1.8227e+06;57346.7
263;8494.48;2.09495e+06;1.73833e+06;2.02743e+06;63788.3
264;4054.73;1.90896e+06;1.7179e+06;2.23186e+06;70220.2
265;1958.08;1.73753e+06;1.68305e+06;2.43389e+06;76576.4
266;965.049;1.58058e+06;1.63683e+06;2.63181e+06;82803.7
267;488.561;1.43738e+06;1.58196e+06;2.82431e+06;88860
268;255.181;1.30696e+06;1.52073e+06;3.01034e+06;94713.2
269;137.885;1.18827e+06;1.45507e+06;3.18918e+06;100340
270;77.1833;1.08032e+06;1.38658e+06;3.3603e+06;105724
271;44.7739;982152;1.31659e+06;3.52336e+06;110854
272;26.9065;892892;1.24616e+06;3.67819e+06;115725
273;16.7351;811739;1.17617e+06;3.82474e+06;120336
274;10.7594;737958;1.10729e+06;3.96306e+06;124688
275;7.13972;670881;1.04005e+06;4.09327e+06;128785
276;4.88204;609900;974878;4.21558e+06;132633
277;3.43406;554462;912065;4.33023e+06;136240
278;2.48057;504062;851832;4.43749e+06;139615
279;1.83693;458243;794324;4.53766e+06;142767
280;1.39223;416590;739627;4.63108e+06;145706
281;1.07824;378722;687778;4.71806e+06;148442
282;0.852007;344296;638776;4.79894e+06;150987
283;0.685902;313000;592589;4.87406e+06;153351
284;0.561799;284548;549160;4.94375e+06;155543
285;0.467564;258683;508412;5.00833e+06;157575
286;0.39493;235169;470256;5.06812e+06;159456
287;0.338165;213792;434591;5.12342e+06;161196
288;0.293232;194358;401309;5.17453e+06;162804
289;0.257243;176691;370297;5.22172e+06;164289
290;0.228104;160630;341441;5.26527e+06;165659
291;0.204273;146029;314626;5.30542e+06;166922
292;0.184603;132755;289736;5.34242e+06;168086
293;0.168231;120687;266658;5.3765e+06;169158
294;0.154496;109717;245283;5.40785e+06;170145
295;0.142892;99743.7;225503;5.4367e+06;171053
296;0.133023;90677;207217;5.46322e+06;171887
297;0.12458;82434.4;190324;5.48759e+06;172654
298;0.117316;74941.2;174731;5.50997e+06;173358
299;0.111036;68129;160348;5.53052e+06;174004
300;0.10558;61936.1;147091;5.54938e+06;174598
301;0.100821;56306.1;134879;5.56667e+06;175142
302;0.0966531;51187.9;123636;5.58253e+06;175641
303;0.0929904;46534.9;113292;5.59707e+06;176098
304;0.089761;42304.9;103780;5.6104e+06;176518
305;0.0869053;38459.4;95036.8;5.6226e+06;176902
306;0.0843733;34963.4;87004.8;5.63378e+06;177253
307;0.0821226;31785.2;79629.3;5.64401e+06;177575
308;0.0801175;28896;72859.5;5.65337e+06;177870
309;0.0783277;26269.3;66648.3;5.66194e+06;178139
310;0.0767269;23881.4;60951.7;5.66978e+06;178386
311;0.0752927;21710.6;55729.1;5.67695e+06;178611
312;0.074006;19737.1;50942.7;5.6835e+06;178818
313;0.0728498;17943;46557.4;5.68949e+06;179006
314;0.0718096;16312;42541;5.69497e+06;179178
315;0.0708727;14829.2;38863.6;5.69997e+06;179336
316;0.0700279;13481.3;35497.4;5.70454e+06;179480
317;0.0692654;12255.8;32417;5.70872e+06;179611
318;0.0685767;11141.8;29598.9;5.71253e+06;179731
319;0.0679542;10129;27021.3;5.71601e+06;179840
320;0.0673909;9208.26;24664.4;5.71919e+06;179940
321;0.0668811;8371.23;22509.6;5.72209e+06;180032
322;0.0664193;7610.28;20540.1;5.72473e+06;180115
323;0.0660008;6918.51;18740.4;5.72715e+06;180191
324;0.0656214;6289.62;17096.1;5.72935e+06;180260
325;0.0652773;5717.89;15594;5.73136e+06;180324
326;0.064965;5198.14;14222.2;5.7332e+06;180381
327;0.0646816;4725.63;12969.6;5.73487e+06;180434
328;0.0644242;4296.07;11825.9;5.7364e+06;180482
329;0.0641905;3905.55;10782;5.73779e+06;180526
330;0.0639782;3550.54;9829.13;5.73905e+06;180565
331;0.0637853;3227.8;8959.6;5.74021e+06;180602
332;0.06361;2934.39;8166.21;5.74126e+06;180635
333;0.0634506;2667.65;7442.38;5.74222e+06;180665
334;0.0633057;2425.16;6782.11;5.7431e+06;180693
335;0.063174;2204.72;6179.89;5.7439e+06;180718
336;0.0630542;2004.31;5630.68;5.74462e+06;180741
337;0.0629453;1822.12;5129.87;5.74529e+06;180762
338;0.0628463;1656.49;4673.25;5.74589e+06;180781
339;0.0627562;1505.91;4256.96;5.74644e+06;180798
340;0.0626742;1369.02;3877.47;5.74694e+06;180814
341;0.0625997;1244.58;3531.58;5.7474e+06;180828
342;0.0625318;1131.45;3216.33;5.74781e+06;180841
343;0.0624701;1028.6;2929.04;5.74819e+06;180853
344;0.062414;935.1;2667.25;5.74853e+06;180864
345;0.0623629;850.099;2428.71;5.74885e+06;180874
346;0.0623165;772.825;2211.38;5.74913e+06;180883
347;0.0622742;702.575;2013.39;5.74939e+06;180891
348;0.0622357;638.711;1833.03;5.74963e+06;180898
349;0.0622007;580.653;1668.74;5.74985e+06;180905
350;0.0621689;527.871;1519.11;5.75004e+06;180911
351;0.0621399;479.888;1382.82;5.75022e+06;180917
352;0.0621135;436.266;1258.71;5.75038e+06;180922
353;0.0620896;396.609;1145.68;5.75053e+06;180927
354;0.0620677;360.558;1042.76;5.75067e+06;180931
355;0.0620479;327.783;949.051;5.75079e+06;180935
356;0.0620298;297.988;863.726;5.7509e+06;180938
357;0.0620134;270.901;786.043;5.751e+06;180941
358;0.0619984;246.276;715.321;5.75109e+06;180944
359;0.0619848;223.889;650.939;5.75118e+06;180947
360;0.0619724;203.538;592.332;5.75125e+06;180949
361;0.0619612;185.036;538.984;5.75132e+06;180952
362;0.0619509;168.216;490.425;5.75139e+06;180954
363;0.0619416;152.926;446.227;5.75145e+06;180955
364;0.0619331;139.025;406.001;5.7515e+06;180957
365;0.0619254;126.387;369.39;5.75155e+06;180958
366;0.0619184;114.899;336.072;5.75159e+06;180960
367;0.061912;104.454;305.75;5.75163e+06;180961
368;0.0619062;94.9595;278.158;5.75166e+06;180962
369;0.0619009;86.3277;253.049;5.7517e+06;180963
370;0.0618961;78.4805;230.201;5.75173e+06;180964
371;0.0618917;71.3466;209.412;5.75175e+06;180965
372;0.0618878;64.8612;190.496;5.75178e+06;180966
373;0.0618841;58.9653;173.284;5.7518e+06;180967
374;0.0618809;53.6054;157.625;5.75182e+06;180967
375;0.0618779;48.7327;143.378;5.75184e+06;180968
376;0.0618751;44.3029;130.416;5.75186e+06;180968
377;0.0618727;40.2757;118.624;5.75187e+06;180969
378;0.0618704;36.6147;107.896;5.75189e+06;180969
379;0.0618684;33.2864;98.1361;5.7519e+06;180970
380;0.0618665;30.2607;89.2579;5.75191e+06;180970
381;0.0618648;27.51;81.1816;5.75192e+06;180970
382;0.0618633;25.0093;73.835;5.75193e+06;180971
383;0.0618619;22.736;67.1521;5.75194e+06;180971
384;0.0618606;20.6693;61.0733;5.75195e+06;180971
385;0.0618594;18.7904;55.5439;5.75195e+06;180971
386;0.0618584;17.0824;50.5145;5.75196e+06;180972
387;0.0618574;15.5296;45.9399;5.75197e+06;180972
388;0.0618566;14.118;41.779;5.75197e+06;180972
389;0.0618558;12.8346;37.9945;5.75198e+06;180972
390;0.061855;11.668;34.5525;5.75198e+06;180972
391;0.0618544;10.6074;31.4219;5.75199e+06;180972
392;0.0618538;9.64315;28.5746;5.75199e+06;180972
393;0.0618532;8.76659;25.9851;5.75199e+06;180973
394;0.0618527;7.9697;23.63;5.752e+06;180973
395;0.0618523;7.24526;21.4881;5.752e+06;180973
396;0.0618519;6.58666;19.5402;5.752e+06;180973
397;0.0618515;5.98794;17.7687;5.752e+06;180973
398;0.0618512;5.44363;16.1576;5.75201e+06;180973
399;0.0618509;4.94881;14.6926;5.75201e+06;180973
400;0.0618506;4.49896;13.3602;5.75201e+06;180973
401;0.0618503;4.09001;12.1486;5.75201e+06;180973
402;0.0618501;3.71822;11.0467;5.75201e+06;180973
403;0.0618499;3.38024;10.0447;5.75201e+06;180973
404;0.0618497;3.07297;9.13357;5.75201e+06;180973
405;0.0618495;2.79364;8.30501;5.75202e+06;180973
406;0.0618494;2.5397;7.55155;5.75202e+06;180973
407;0.0618492;2.30884;6.86641;5.75202e+06;180973
408;0.0618491;2.09897;6.24338;5.75202e+06;180973
409;0.061849;1.90817;5.67686;5.75202e+06;180973
410;0.0618489;1.73472;5.16171;5.75202e+06;180973
411;0.0618488;1.57703;4.69328;5.75202e+06;180973
412;0.0618487;1.43368;4.26734;5.75202e+06;180973
413;0.0618486;1.30336;3.88003;5.75202e+06;180973
414;0.0618485;1.18488;3.52786;5.75202e+06;180973
415;0.0618485;1.07718;3.20763;5.75202e+06;180973
416;0.0618484;0.979263;2.91646;5.75202e+06;180973
417;0.0618484;0.890248;2.65171;5.75202e+06;180974
418;0.0618483;0.809324;2.41098;5.75202e+06;180974
419;0.0618483;0.735757;2.1921;5.75202e+06;180974
420;0.0618482;0.668877;1.99308;5.75202e+06;180974
421;0.0618482;0.608076;1.81212;5.75202e+06;180974
422;0.0618482;0.552802;1.64758;5.75202e+06;180974
423;0.0618481;0.502552;1.49798;5.75202e+06;180974
424;0.0618481;0.45687;1.36196;5.75202e+06;180974
425;0.0618481;0.415341;1.23828;5.75202e+06;180974
426;0.061848;0.377586;1.12583;5.75202e+06;180974
427;0.061848;0.343264;1.02359;5.75202e+06;180974
428;0.061848;0.312061;0.930632;5.75203e+06;180974
429;0.061848;0.283695;0.846113;5.75203e+06;180974
430;0.061848;0.257907;0.769267;5.75203e+06;180974
431;0.061848;0.234463;0.699399;5.75203e+06;180974
432;0.0618479;0.21315;0.635874;5.75203e+06;180974
433;0.0618479;0.193775;0.578118;5.75203e+06;180974
434;0.0618479;0.176161;0.525607;5.75203e+06;180974
435;0.0618479;0.160148;0.477864;5.75203e+06;180974
