107;1.32198e+06;1.7647;0.8787;0.1176;0.0037
108;1.32197e+06;3.15493;0.932525;0.220935;0.00695119
109;1.32197e+06;4.51377;1.10619;0.3306;0.0104015
110;1.32197e+06;6.05556;1.38231;0.460688;0.0144944
111;1.32197e+06;7.94446;1.76509;0.623248;0.019609
112;1.32196e+06;10.3371;2.27314;0.830823;0.0261398
113;1.32196e+06;13.4089;2.93705;1.09814;0.0345504
114;1.32196e+06;17.3729;3.79965;1.44354;0.0454175
115;1.32195e+06;22.4989;4.91795;1.89038;0.0594762
116;1.32194e+06;29.1323;6.36655;2.46873;0.0776727
117;1.32193e+06;37.7189;8.24241;3.21744;0.101229
118;1.32191e+06;48.8351;10.6713;4.18675;0.131726
119;1.3219e+06;63.2266;13.8159;5.44168;0.171209
120;1.32187e+06;81.8588;17.8874;7.06644;0.222328
121;1.32184e+06;105.981;23.1586;9.16999;0.288512
122;1.3218e+06;137.211;29.9831;11.8934;0.374198
123;1.32175e+06;177.643;38.8187;15.4195;0.485136
124;1.32168e+06;229.986;50.2577;19.9845;0.628765
125;1.32159e+06;297.75;65.0672;25.8948;0.814719
126;1.32147e+06;385.475;84.2401;33.5468;1.05547
127;1.32133e+06;499.037;109.061;43.4534;1.36716
128;1.32113e+06;646.041;141.195;56.279;1.77068
129;1.32088e+06;836.323;182.793;72.8835;2.2931
130;1.32056e+06;1082.61;236.642;94.38;2.96944
131;1.32014e+06;1401.35;306.346;122.209;3.84501
132;1.3196e+06;1813.83;396.57;158.235;4.97849
133;1.31891e+06;2347.53;513.343;204.872;6.4458
134;1.318e+06;3037.93;664.465;265.241;8.34517
135;1.31683e+06;3930.84;860.013;343.382;10.8037
136;1.31532e+06;5085.29;1113.01;444.52;13.9857
137;1.31337e+06;6577.28;1440.25;575.409;18.1039
138;1.31084e+06;8504.49;1863.42;744.783;23.4328
139;1.30758e+06;10992.2;2410.45;963.922;30.3275
140;1.30337e+06;14200.4;3117.25;1247.39;39.2461
141;1.29795e+06;18333.3;4029.95;1613.98;50.7799
142;1.29097e+06;23649.5;5207.62;2087.9;65.6907
143;1.28199e+06;30474.4;6725.67;2700.32;84.9589
144;1.27048e+06;39214.7;8679.97;3491.25;109.844
145;1.25576e+06;50372.1;11191.7;4512.02;141.96
146;1.237e+06;64555.9;14413;5828.16;183.369
147;1.21319e+06;82490.5;18532.8;7523.13;236.697
148;1.18318e+06;105011;23783.2;9702.59;305.269
149;1.1456e+06;133037;30443.8;12499.5;393.266
150;1.09903e+06;167514;38844;16079.7;505.908
151;1.04203e+06;209296;49359.2;20647.7;649.631
152;973335;258961;62396.1;26452.3;832.256
153;892214;316543;78367;33790;1063.12
154;798804;381179;97634.8;43006;1353.08
155;694589;450745;120441;54487.9;1714.33
156;582772;521589;146804;68651.7;2159.96
157;468382;588567;176409;85915.9;2703.14
158;357859;645589;208512;106662;3355.85
159;258000;686764;241903;131183;4127.34
160;174428;707909;274987;159630;5022.38
161;110156;707832;305980;191969;6039.84
162;64957;688689;333207;227952;7171.96
163;35907.2;655137;355391;267137;8404.83
164;18763.8;612729;371834;308931;9719.77
165;9381.39;566414;382427;352659;11095.6
166;4551.74;519757;387526;397632;12510.5
167;2174.64;474888;387765;443205;13944.4
168;1037.01;432858;383896;488806;15379.1
169;499.34;394049;376676;533953;16799.5
170;245.033;358484;366805;578250;18193.2
171;123.382;326020;354897;621386;19550.4
172;64.0535;296444;341484;663122;20863.5
173;34.3875;269527;327008;703280;22127
174;19.1215;245042;311842;741736;23336.9
175;11.0188;222776;296289;778409;24490.8
176;6.57853;202530;280600;813253;25587
177;4.06583;184123;264973;846251;26625.2
178;2.59817;167387;249569;877412;27605.6
179;1.71416;152173;234511;906761;28529.1
180;1.16572;138341;219898;934340;29396.7
181;0.81576;125766;205799;960200;30210.4
182;0.586419;114334;192268;984402;30971.8
183;0.432303;103941;179339;1.00701e+06;31683.2
184;0.326272;94493;167033;1.0281e+06;32346.8
185;0.2517;85903.7;155362;1.04775e+06;32964.8
186;0.198166;78095.1;144325;1.06602e+06;33539.6
187;0.158995;70996.3;133917;1.08299e+06;34073.6
188;0.129821;64542.8;124126;1.09874e+06;34569.1
189;0.107733;58675.8;114937;1.11333e+06;35028.4
190;0.0907542;53342.2;106329;1.12685e+06;35453.7
191;0.0775181;48493.4;98279.8;1.13936e+06;35847.1
192;0.0670651;44085.4;90766.5;1.15091e+06;36210.7
193;0.0587106;40078;83763.9;1.16159e+06;36546.5
194;0.0519594;36434.9;77246.4;1.17144e+06;36856.5
195;0.046448;33123;71188.4;1.18052e+06;37142.3
196;0.0419067;30112.1;65564.1;1.18889e+06;37405.7
197;0.0381323;27374.9;60348.4;1.1966e+06;37648.3
198;0.0349704;24886.6;55516.5;1.2037e+06;37871.6
199;0.0323025;22624.4;51044.5;1.21023e+06;38077
200;0.0300362;20567.8;46909.4;1.21623e+06;38265.8
201;0.0280994;18698.2;43088.9;1.22175e+06;38439.4
202;0.0264348;16998.5;39561.9;1.22682e+06;38598.8
203;0.0249968;15453.4;36308.2;1.23147e+06;38745.2
204;0.0237487;14048.7;33308.7;1.23574e+06;38879.5
205;0.0226608;12771.6;30545.4;1.23966e+06;39002.8
206;0.0217087;11610.7;28001.2;1.24325e+06;39115.8
207;0.0208726;10555.3;25660.1;1.24654e+06;39219.4
208;0.0201358;9595.82;23507;1.24956e+06;39314.4
209;0.0194846;8723.56;21527.8;1.25232e+06;39401.3
210;0.0189075;7930.59;19709.5;1.25485e+06;39481
211;0.0183947;7209.7;18039.6;1.25717e+06;39553.9
212;0.0179381;6554.34;16506.8;1.25929e+06;39620.7
213;0.0175307;5958.55;15100.3;1.26124e+06;39681.7
214;0.0171664;5416.92;13810.3;1.26301e+06;39737.6
215;0.0168401;4924.52;12627.5;1.26464e+06;39788.7
216;0.0165474;4476.88;11543.4;1.26612e+06;39835.4
217;0.0162845;4069.93;10550.1;1.26748e+06;39878.1
218;0.0160481;3699.98;9640.35;1.26872e+06;39917.2
219;0.0158351;3363.65;8807.31;1.26985e+06;39952.8
220;0.0156432;3057.89;8044.74;1.27089e+06;39985.4
221;0.01547;2779.93;7346.87;1.27183e+06;40015.2
222;0.0153135;2527.23;6708.39;1.2727e+06;40042.4
223;0.0151721;2297.51;6124.39;1.27349e+06;40067.2
224;0.0150442;2088.67;5590.34;1.27421e+06;40089.8
225;0.0149284;1898.81;5102.1;1.27486e+06;40110.5
226;0.0148236;1726.2;4655.81;1.27546e+06;40129.4
227;0.0147286;1569.29;4247.97;1.27601e+06;40146.6
228;0.0146424;1426.64;3875.34;1.27651e+06;40162.4
229;0.0145643;1296.96;3534.95;1.27697e+06;40176.7
230;0.0144934;1179.07;3224.05;1.27738e+06;40189.8
231;0.0144291;1071.89;2940.15;1.27776e+06;40201.7
232;0.0143707;974.457;2680.95;1.27811e+06;40212.6
233;0.0143176;885.878;2444.33;1.27842e+06;40222.5
234;0.0142695;805.352;2228.36;1.27871e+06;40231.5
235;0.0142257;732.146;2031.26;1.27897e+06;40239.8
236;0.0141859;665.594;1851.42;1.27921e+06;40247.3
237;0.0141498;605.091;1687.35;1.27943e+06;40254.2
238;0.0141169;550.088;1537.67;1.27963e+06;40260.4
239;0.014087;500.085;1401.16;1.27981e+06;40266.1
240;0.0140598;454.628;1276.66;1.27997e+06;40271.3
241;0.0140351;413.302;1163.12;1.28012e+06;40276
242;0.0140126;375.733;1059.6;1.28026e+06;40280.3
243;0.0139922;341.579;965.229;1.28038e+06;40284.2
244;0.0139736;310.529;879.196;1.2805e+06;40287.8
245;0.0139567;282.302;800.777;1.2806e+06;40291
246;0.0139413;256.641;729.304;1.2807e+06;40294
247;0.0139273;233.312;664.168;1.28078e+06;40296.7
248;0.0139146;212.104;604.813;1.28086e+06;40299.2
249;0.013903;192.824;550.729;1.28093e+06;40301.4
250;0.0138924;175.296;501.453;1.281e+06;40303.4
251;0.0138828;159.362;456.561;1.28105e+06;40305.3
252;0.0138741;144.876;415.667;1.28111e+06;40307
253;0.0138662;131.707;378.415;1.28116e+06;40308.5
254;0.0138589;119.735;344.486;1.2812e+06;40309.9
255;0.0138524;108.851;313.584;1.28124e+06;40311.2
256;0.0138464;98.9562;285.44;1.28128e+06;40312.4
257;0.013841;89.9611;259.812;1.28131e+06;40313.4
258;0.013836;81.7836;236.474;1.28134e+06;40314.4
259;0.0138315;74.3495;215.224;1.28137e+06;40315.2
260;0.0138274;67.5911;195.875;1.2814e+06;40316
261;0.0138237;61.4471;178.26;1.28142e+06;40316.8
262;0.0138203;55.8615;162.222;1.28144e+06;40317.4
263;0.0138172;50.7837;147.623;1.28146e+06;40318
264;0.0138144;46.1675;134.332;1.28148e+06;40318.6
265;0.0138118;41.9709;122.234;1.28149e+06;40319.1
266;0.0138095;38.1557;111.223;1.28151e+06;40319.5
267;0.0138074;34.6874;101.2;1.28152e+06;40319.9
268;0.0138055;31.5343;92.0771;1.28153e+06;40320.3
269;0.0138037;28.6678;83.7747;1.28154e+06;40320.7
270;0.0138021;26.0619;76.2187;1.28155e+06;40321
271;0.0138007;23.6929;69.3424;1.28156e+06;40321.2
272;0.0137994;21.5392;63.0848;1.28157e+06;40321.5
273;0.0137982;19.5813;57.3906;1.28158e+06;40321.7
274;0.0137971;17.8014;52.209;1.28158e+06;40321.9
275;0.0137961;16.1832;47.4942;1.28159e+06;40322.1
276;0.0137952;14.7122;43.2042;1.2816e+06;40322.3
277;0.0137944;13.3748;39.3009;1.2816e+06;40322.5
278;0.0137936;12.1591;35.7495;1.28161e+06;40322.6
279;0.0137929;11.0538;32.5183;1.28161e+06;40322.8
280;0.0137923;10.049;29.5786;1.28161e+06;40322.9
281;0.0137917;9.13556;26.9042;1.28162e+06;40323
282;0.0137912;8.30513;24.4711;1.28162e+06;40323.1
283;0.0137908;7.5502;22.2577;1.28162e+06;40323.2
284;0.0137903;6.86389;20.2442;1.28163e+06;40323.3
285;0.01379;6.23996;18.4125;1.28163e+06;40323.3
286;0.0137896;5.67275;16.7463;1.28163e+06;40323.4
287;0.0137893;5.15709;15.2306;1.28163e+06;40323.5
288;0.013789;4.68831;13.8519;1.28163e+06;40323.5
289;0.0137887;4.26215;12.5978;1.28164e+06;40323.6
290;0.0137885;3.87472;11.4571;1.28164e+06;40323.6
291;0.0137883;3.52251;10.4196;1.28164e+06;40323.7
292;0.0137881;3.20231;9.47591;1.28164e+06;40323.7
293;0.0137879;2.91122;8.61757;1.28164e+06;40323.7
294;0.0137877;2.64659;7.83689;1.28164e+06;40323.8
295;0.0137876;2.40602;7.12685;1.28164e+06;40323.8
296;0.0137875;2.18731;6.48107;1.28164e+06;40323.8
297;0.0137873;1.98848;5.89374;1.28164e+06;40323.8
298;0.0137872;1.80773;5.35958;1.28164e+06;40323.9
299;0.0137871;1.64341;4.87379;1.28165e+06;40323.9
300;0.013787;1.49402;4.43198;1.28165e+06;40323.9
301;0.013787;1.35822;4.03019;1.28165e+06;40323.9
302;0.0137869;1.23475;3.66479;1.28165e+06;40323.9
303;0.0137868;1.12251;3.33249;1.28165e+06;40323.9
304;0.0137867;1.02048;3.0303;1.28165e+06;40324
305;0.0137867;0.927717;2.75548;1.28165e+06;40324
306;0.0137866;0.843387;2.50557;1.28165e+06;40324
307;0.0137866;0.766724;2.27831;1.28165e+06;40324
308;0.0137865;0.697028;2.07165;1.28165e+06;40324
309;0.0137865;0.633669;1.88372;1.28165e+06;40324
310;0.0137865;0.576068;1.71282;1.28165e+06;40324
311;0.0137864;0.523704;1.55742;1.28165e+06;40324
312;0.0137864;0.476099;1.41611;1.28165e+06;40324
313;0.0137864;0.432822;1.28761;1.28165e+06;40324
314;0.0137864;0.393478;1.17077;1.28165e+06;40324
315;0.0137863;0.357711;1.06452;1.28165e+06;40324
316;0.0137863;0.325195;0.967912;1.28165e+06;40324
317;0.0137863;0.295635;0.880064;1.28165e+06;40324
318;0.0137863;0.268762;0.800186;1.28165e+06;40324
319;0.0137863;0.244331;0.727553;1.28165e+06;40324.1
320;0.0137862;0.222122;0.661511;1.28165e+06;40324.1
321;0.0137862;0.201931;0.60146;1.28165e+06;40324.1
322;0.0137862;0.183575;0.546859;1.28165e+06;40324.1
323;0.0137862;0.166888;0.497212;1.28165e+06;40324.1
