82;1.09225e+08;1.7647;0.8787;0.1176;0.0037
83;1.09225e+08;3.15493;0.932525;0.220935;0.00695119
84;1.09225e+08;4.51377;1.10619;0.3306;0.0104015
85;1.09225e+08;6.05557;1.38231;0.460688;0.0144944
86;1.09225e+08;7.94449;1.76509;0.623248;0.019609
87;1.09225e+08;10.3372;2.27314;0.830823;0.0261398
88;1.09225e+08;13.4089;2.93706;1.09814;0.0345505
89;1.09225e+08;17.3731;3.79967;1.44354;0.0454176
90;1.09225e+08;22.4992;4.91798;1.89038;0.0594763
91;1.09225e+08;29.1327;6.3666;2.46874;0.0776729
92;1.09225e+08;37.7197;8.2425;3.21745;0.101229
93;1.09224e+08;48.8365;10.6714;4.18677;0.131727
94;1.09224e+08;63.2291;13.8162;5.44173;0.171211
95;1.09224e+08;81.863;17.8878;7.06651;0.222331
96;1.09224e+08;105.988;23.1594;9.17012;0.288516
97;1.09224e+08;137.223;29.9845;11.8937;0.374205
98;1.09224e+08;177.663;38.821;15.4198;0.485148
99;1.09224e+08;230.021;50.2616;19.9852;0.628785
100;1.09224e+08;297.808;65.0737;25.8959;0.814753
101;1.09224e+08;385.573;84.251;33.5486;1.05553
102;1.09224e+08;499.201;109.08;43.4565;1.36725
103;1.09224e+08;646.316;141.226;56.2843;1.77085
104;1.09223e+08;836.785;182.845;72.8925;2.29339
105;1.09223e+08;1083.39;236.73;94.3951;2.96991
106;1.09223e+08;1402.66;306.494;122.235;3.84582
107;1.09222e+08;1816.02;396.818;158.278;4.97985
108;1.09221e+08;2351.19;513.76;204.944;6.44807
109;1.09221e+08;3044.08;665.164;265.362;8.34899
110;1.09219e+08;3941.14;861.187;343.586;10.8101
111;1.09218e+08;5102.56;1114.97;444.861;13.9965
112;1.09216e+08;6606.21;1443.55;575.982;18.1219
113;1.09213e+08;8552.94;1868.95;745.744;23.463
114;1.0921e+08;11073.3;2419.71;965.533;30.3781
115;1.09206e+08;14336.2;3132.76;1250.09;39.3311
116;1.092e+08;18560.5;4055.92;1618.5;50.9223
117;1.09193e+08;24029.2;5251.08;2095.48;65.9292
118;1.09184e+08;31108.9;6798.38;2713.01;85.3582
119;1.09172e+08;40273.7;8801.54;3512.5;110.512
120;1.09156e+08;52137.5;11394.8;4547.56;143.078
121;1.09136e+08;67494;14751.9;5887.59;185.239
122;1.0911e+08;87370.5;19097.7;7622.41;239.821
123;1.09077e+08;113095;24723.1;9868.3;310.482
124;1.09033e+08;146385;32004.6;12775.7;401.958
125;1.08977e+08;189458;41428.8;16539.5;520.375
126;1.08904e+08;245180;53625.2;21411.5;673.661
127;1.08809e+08;317248;69407.3;27717.8;872.074
128;1.08687e+08;410428;89826;35880.1;1128.88
129;1.0853e+08;530858;116238;46443.6;1461.24
130;1.08326e+08;686426;150393;60113.2;1891.32
131;1.08063e+08;887250;194547;77799.5;2447.77
132;1.07723e+08;1.14627e+06;251599;100678;3167.6
133;1.07285e+08;1.47998e+06;325276;130266;4098.51
134;1.06721e+08;1.90929e+06;420350;168519;5302.04
135;1.05996e+08;2.46056e+06;542917;217952;6857.33
136;1.05066e+08;3.16672e+06;700726;281799;8866.12
137;1.03877e+08;4.06846e+06;903583;364204;11458.8
138;1.0236e+08;5.21528e+06;1.1638e+06;470466;14802.1
139;1.00435e+08;6.66616e+06;1.4967e+06;607329;19108.1
140;9.80061e+07;8.48932e+06;1.92111e+06;783341;24645.9
141;9.49635e+07;1.07603e+07;2.45975e+06;1.00926e+06;31754
142;9.11884e+07;1.35573e+07;3.1395e+06;1.29853e+06;40855.1
143;8.65613e+07;1.6952e+07;3.99103e+06;1.66773e+06;52471.2
144;8.0977e+07;2.09954e+07;5.04786e+06;2.13708e+06;67238.1
145;7.43687e+07;2.56952e+07;6.34404e+06;2.73071e+06;85915.1
146;6.67401e+07;3.09881e+07;7.91019e+06;3.47677e+06;109388
147;5.8202e+07;3.67094e+07;9.76751e+06;4.40701e+06;138656
148;4.90055e+07;4.2569e+07;1.19196e+07;5.55566e+06;174796
149;3.95529e+07;4.81521e+07;1.43433e+07;6.95741e+06;218898
150;3.03685e+07;5.29594e+07;1.69805e+07;8.64418e+06;271968
151;2.20162e+07;5.64977e+07;1.97347e+07;1.06411e+07;334796
152;1.49748e+07;5.84035e+07;2.24766e+07;1.29619e+07;407814
153;9.51642e+06;5.8553e+07;2.5059e+07;1.56051e+07;490978
154;5.64611e+06;5.71008e+07;2.73418e+07;1.85521e+07;583696
155;3.13853e+06;5.4418e+07;2.92157e+07;2.17675e+07;684861
156;1.64771e+06;5.09622e+07;3.06185e+07;2.52032e+07;792959
157;826643;4.71508e+07;3.15369e+07;2.8804e+07;906247
158;401920;4.32895e+07;3.19975e+07;3.25127e+07;1.02293e+06
159;192174;3.95642e+07;3.20512e+07;3.62756e+07;1.14132e+06
160;91608.2;3.60684e+07;3.17598e+07;4.00448e+07;1.25991e+06
161;44052.6;3.28374e+07;3.11859e+07;4.37798e+07;1.37743e+06
162;21572.8;2.98749e+07;3.0388e+07;4.74473e+07;1.49281e+06
163;10834.5;2.717e+07;2.94176e+07;5.10209e+07;1.60525e+06
164;5608.18;2.47055e+07;2.8319e+07;5.44804e+07;1.71409e+06
165;3001.31;2.24624e+07;2.71296e+07;5.78107e+07;1.81887e+06
166;1663.49;2.04219e+07;2.58806e+07;6.10011e+07;1.91925e+06
167;955.472;1.85662e+07;2.45976e+07;6.40447e+07;2.01501e+06
168;568.616;1.6879e+07;2.33016e+07;6.69374e+07;2.10602e+06
169;350.337;1.53449e+07;2.20094e+07;6.96777e+07;2.19224e+06
170;223.206;1.39502e+07;2.07345e+07;7.2266e+07;2.27367e+06
171;146.843;1.26822e+07;1.94875e+07;7.47043e+07;2.35039e+06
172;99.5922;1.15294e+07;1.82765e+07;7.69961e+07;2.4225e+06
173;69.5169;1.04814e+07;1.71076e+07;7.91454e+07;2.49012e+06
174;49.8542;9.52867e+06;1.59852e+07;8.11572e+07;2.55342e+06
175;36.6703;8.66253e+06;1.49123e+07;8.30371e+07;2.61256e+06
176;27.6187;7.87511e+06;1.38909e+07;8.47908e+07;2.66774e+06
177;21.2651;7.15927e+06;1.29218e+07;8.64244e+07;2.71913e+06
178;16.7122;6.5085e+06;1.20051e+07;8.7944e+07;2.76694e+06
179;13.3864;5.91688e+06;1.11405e+07;8.93558e+07;2.81136e+06
180;10.9133;5.37904e+06;1.0327e+07;9.06659e+07;2.85258e+06
181;9.04356;4.89008e+06;9.56332e+06;9.18804e+07;2.89079e+06
182;7.60824;4.44558e+06;8.8478e+06;9.3005e+07;2.92618e+06
183;6.4907;4.04147e+06;8.17866e+06;9.40455e+07;2.95891e+06
184;5.60914;3.67411e+06;7.55396e+06;9.50073e+07;2.98918e+06
185;4.9053;3.34013e+06;6.97164e+06;9.58957e+07;3.01713e+06
186;4.33708;3.03651e+06;6.4296e+06;9.67155e+07;3.04292e+06
187;3.87363;2.76049e+06;5.92571e+06;9.74716e+07;3.06671e+06
188;3.49206;2.50957e+06;5.45785e+06;9.81685e+07;3.08863e+06
189;3.17517;2.28145e+06;5.02393e+06;9.88103e+07;3.10883e+06
190;2.90989;2.07406e+06;4.62191e+06;9.94012e+07;3.12742e+06
191;2.68619;1.88553e+06;4.24981e+06;9.99447e+07;3.14452e+06
192;2.49628;1.71414e+06;3.9057e+06;1.00444e+08;3.16024e+06
193;2.33407;1.55832e+06;3.58775e+06;1.00904e+08;3.17469e+06
194;2.19472;1.41667e+06;3.29421e+06;1.01326e+08;3.18797e+06
195;2.0744;1.2879e+06;3.0234e+06;1.01713e+08;3.20016e+06
196;1.97001;1.17083e+06;2.77373e+06;1.02069e+08;3.21134e+06
197;1.87905;1.0644e+06;2.5437e+06;1.02395e+08;3.22161e+06
198;1.79948;967644;2.33191e+06;1.02694e+08;3.23102e+06
199;1.72962;879685;2.137e+06;1.02968e+08;3.23965e+06
200;1.66807;799722;1.95775e+06;1.0322e+08;3.24755e+06
201;1.61369;727027;1.79297e+06;1.0345e+08;3.2548e+06
202;1.56551;660940;1.64157e+06;1.03661e+08;3.26143e+06
203;1.52271;600861;1.50253e+06;1.03854e+08;3.2675e+06
204;1.48461;546243;1.37489e+06;1.0403e+08;3.27306e+06
205;1.45061;496589;1.25777e+06;1.04192e+08;3.27815e+06
206;1.42022;451449;1.15034e+06;1.0434e+08;3.2828e+06
207;1.39301;410413;1.05184e+06;1.04475e+08;3.28706e+06
208;1.3686;373106;961559;1.04599e+08;3.29095e+06
209;1.34668;339191;878837;1.04712e+08;3.29451e+06
210;1.32696;308358;803067;1.04815e+08;3.29776e+06
211;1.30921;280329;733685;1.0491e+08;3.30073e+06
212;1.2932;254847;670170;1.04996e+08;3.30345e+06
213;1.27877;231681;612044;1.05075e+08;3.30593e+06
214;1.26573;210621;558863;1.05147e+08;3.30819e+06
215;1.25394;191476;510219;1.05213e+08;3.31026e+06
216;1.24328;174071;465734;1.05273e+08;3.31215e+06
217;1.23363;158248;425064;1.05327e+08;3.31387e+06
218;1.2249;143863;387888;1.05377e+08;3.31544e+06
219;1.21698;130786;353915;1.05423e+08;3.31688e+06
220;1.2098;118897;322873;1.05465e+08;3.31819e+06
221;1.20329;108090;294516;1.05503e+08;3.31938e+06
222;1.19739;98264.4;268617;1.05537e+08;3.32047e+06
223;1.19203;89332.1;244966;1.05569e+08;3.32147e+06
224;1.18716;81211.8;223372;1.05598e+08;3.32237e+06
225;1.18274;73829.7;203659;1.05624e+08;3.3232e+06
226;1.17873;67118.6;185666;1.05648e+08;3.32395e+06
227;1.17508;61017.5;169246;1.0567e+08;3.32464e+06
228;1.17177;55471;154263;1.0569e+08;3.32527e+06
229;1.16876;50428.7;140593;1.05708e+08;3.32584e+06
230;1.16602;45844.7;128123;1.05724e+08;3.32636e+06
231;1.16353;41677.5;116749;1.05739e+08;3.32683e+06
232;1.16127;37889;106376;1.05753e+08;3.32726e+06
233;1.15921;34444.9;96916.7;1.05766e+08;3.32766e+06
234;1.15733;31313.8;88291.7;1.05777e+08;3.32802e+06
235;1.15563;28467.4;80428.4;1.05787e+08;3.32834e+06
236;1.15408;25879.7;73260.1;1.05797e+08;3.32864e+06
237;1.15267;23527.3;66726.1;1.05805e+08;3.32891e+06
238;1.15139;21388.6;60770.9;1.05813e+08;3.32916e+06
239;1.15023;19444.4;55343.6;1.0582e+08;3.32938e+06
240;1.14917;17676.9;50397.9;1.05827e+08;3.32959e+06
241;1.1482;16070.1;45891.5;1.05833e+08;3.32977e+06
242;1.14732;14609.3;41785.6;1.05838e+08;3.32994e+06
243;1.14652;13281.3;38045;1.05843e+08;3.3301e+06
244;1.1458;12074.1;34637.4;1.05848e+08;3.33024e+06
245;1.14514;10976.5;31533.4;1.05852e+08;3.33037e+06
246;1.14453;9978.76;28706.2;1.05855e+08;3.33048e+06
247;1.14399;9071.69;26131.2;1.05859e+08;3.33059e+06
248;1.14349;8247.07;23786.1;1.05862e+08;3.33069e+06
249;1.14303;7497.41;21650.5;1.05865e+08;3.33078e+06
250;1.14262;6815.9;19705.8;1.05867e+08;3.33086e+06
251;1.14225;6196.33;17935.1;1.05869e+08;3.33093e+06
252;1.14191;5633.09;16322.8;1.05872e+08;3.33099e+06
253;1.14159;5121.04;14854.9;1.05874e+08;3.33105e+06
254;1.14131;4655.54;13518.5;1.05875e+08;3.33111e+06
255;1.14106;4232.35;12301.9;1.05877e+08;3.33116e+06
256;1.14082;3847.63;11194.4;1.05878e+08;3.33121e+06
257;1.14061;3497.88;10186.3;1.0588e+08;3.33125e+06
258;1.14041;3179.92;9268.62;1.05881e+08;3.33128e+06
259;1.14024;2890.87;8433.39;1.05882e+08;3.33132e+06
260;1.14008;2628.09;7673.2;1.05883e+08;3.33135e+06
261;1.13993;2389.2;6981.33;1.05884e+08;3.33138e+06
262;1.1398;2172.02;6351.68;1.05885e+08;3.3314e+06
263;1.13968;1974.58;5778.65;1.05885e+08;3.33143e+06
264;1.13957;1795.09;5257.19;1.05886e+08;3.33145e+06
265;1.13947;1631.92;4782.67;1.05887e+08;3.33147e+06
266;1.13938;1483.58;4350.87;1.05887e+08;3.33149e+06
267;1.1393;1348.72;3957.97;1.05888e+08;3.3315e+06
268;1.13922;1226.12;3600.47;1.05888e+08;3.33152e+06
269;1.13915;1114.67;3275.18;1.05889e+08;3.33153e+06
270;1.13909;1013.34;2979.23;1.05889e+08;3.33154e+06
271;1.13903;921.231;2709.96;1.05889e+08;3.33155e+06
272;1.13898;837.491;2464.98;1.0589e+08;3.33156e+06
273;1.13894;761.363;2242.11;1.0589e+08;3.33157e+06
274;1.13889;692.155;2039.35;1.0589e+08;3.33158e+06
275;1.13885;629.239;1854.89;1.0589e+08;3.33159e+06
276;1.13882;572.041;1687.09;1.05891e+08;3.3316e+06
277;1.13879;520.042;1534.45;1.05891e+08;3.3316e+06
278;1.13876;472.77;1395.59;1.05891e+08;3.33161e+06
279;1.13873;429.796;1269.28;1.05891e+08;3.33161e+06
280;1.13871;390.727;1154.38;1.05891e+08;3.33162e+06
281;1.13869;355.21;1049.87;1.05892e+08;3.33162e+06
282;1.13867;322.922;954.813;1.05892e+08;3.33163e+06
283;1.13865;293.568;868.348;1.05892e+08;3.33163e+06
284;1.13863;266.883;789.703;1.05892e+08;3.33163e+06
285;1.13862;242.623;718.171;1.05892e+08;3.33163e+06
286;1.1386;220.569;653.112;1.05892e+08;3.33164e+06
287;1.13859;200.519;593.939;1.05892e+08;3.33164e+06
288;1.13858;182.292;540.121;1.05892e+08;3.33164e+06
289;1.13857;165.722;491.175;1.05892e+08;3.33164e+06
290;1.13856;150.657;446.659;1.05892e+08;3.33165e+06
291;1.13855;136.963;406.174;1.05892e+08;3.33165e+06
292;1.13854;124.513;369.355;1.05892e+08;3.33165e+06
293;1.13854;113.195;335.871;1.05892e+08;3.33165e+06
294;1.13853;102.905;305.419;1.05892e+08;3.33165e+06
295;1.13852;93.5511;277.726;1.05893e+08;3.33165e+06
296;1.13852;85.0473;252.541;1.05893e+08;3.33165e+06
297;1.13851;77.3165;229.639;1.05893e+08;3.33165e+06
298;1.13851;70.2885;208.812;1.05893e+08;3.33166e+06
299;1.13851;63.8992;189.872;1.05893e+08;3.33166e+06
300;1.1385;58.0908;172.649;1.05893e+08;3.33166e+06
301;1.1385;52.8104;156.987;1.05893e+08;3.33166e+06
302;1.1385;48.0099;142.745;1.05893e+08;3.33166e+06
303;1.13849;43.6458;129.794;1.05893e+08;3.33166e+06
304;1.13849;39.6784;118.018;1.05893e+08;3.33166e+06
305;1.13849;36.0716;107.309;1.05893e+08;3.33166e+06
306;1.13849;32.7927;97.5712;1.05893e+08;3.33166e+06
307;1.13848;29.8119;88.7167;1.05893e+08;3.33166e+06
308;1.13848;27.102;80.6652;1.05893e+08;3.33166e+06
309;1.13848;24.6384;73.3441;1.05893e+08;3.33166e+06
310;1.13848;22.3988;66.6871;1.05893e+08;3.33166e+06
311;1.13848;20.3627;60.634;1.05893e+08;3.33166e+06
312;1.13848;18.5118;55.1301;1.05893e+08;3.33166e+06
313;1.13848;16.829;50.1255;1.05893e+08;3.33166e+06
314;1.13848;15.2993;45.575;1.05893e+08;3.33166e+06
315;1.13847;13.9086;41.4375;1.05893e+08;3.33166e+06
316;1.13847;12.6443;37.6754;1.05893e+08;3.33166e+06
317;1.13847;11.4949;34.2548;1.05893e+08;3.33166e+06
318;1.13847;10.45;31.1445;1.05893e+08;3.33166e+06
319;1.13847;9.50013;28.3166;1.05893e+08;3.33166e+06
320;1.13847;8.63657;25.7454;1.05893e+08;3.33166e+06
321;1.13847;7.8515;23.4075;1.05893e+08;3.33166e+06
322;1.13847;7.1378;21.2819;1.05893e+08;3.33166e+06
323;1.13847;6.48898;19.3492;1.05893e+08;3.33166e+06
324;1.13847;5.89913;17.592;1.05893e+08;3.33166e+06
325;1.13847;5.3629;15.9943;1.05893e+08;3.33166e+06
326;1.13847;4.87541;14.5417;1.05893e+08;3.33166e+06
327;1.13847;4.43224;13.221;1.05893e+08;3.33166e+06
328;1.13847;4.02935;12.0202;1.05893e+08;3.33166e+06
329;1.13847;3.66308;10.9284;1.05893e+08;3.33166e+06
330;1.13847;3.33011;9.93574;1.05893e+08;3.33166e+06
331;1.13847;3.0274;9.03324;1.05893e+08;3.33166e+06
332;1.13847;2.75221;8.2127;1.05893e+08;3.33166e+06
333;1.13847;2.50203;7.46668;1.05893e+08;3.33166e+06
334;1.13847;2.2746;6.7884;1.05893e+08;3.33166e+06
335;1.13847;2.06784;6.17173;1.05893e+08;3.33166e+06
336;1.13847;1.87987;5.61107;1.05893e+08;3.33166e+06
337;1.13847;1.70899;5.10132;1.05893e+08;3.33166e+06
338;1.13847;1.55364;4.63788;1.05893e+08;3.33166e+06
339;1.13847;1.41242;4.21653;1.05893e+08;3.33166e+06
340;1.13847;1.28403;3.83346;1.05893e+08;3.33166e+06
341;1.13847;1.16731;3.48518;1.05893e+08;3.33166e+06
342;1.13847;1.0612;3.16853;1.05893e+08;3.33166e+06
343;1.13847;0.964739;2.88065;1.05893e+08;3.33166e+06
344;1.13847;0.877044;2.61892;1.05893e+08;3.33166e+06
345;1.13847;0.797321;2.38097;1.05893e+08;3.33166e+06
346;1.13847;0.724845;2.16464;1.05893e+08;3.33166e+06
347;1.13847;0.658956;1.96795;1.05893e+08;3.33166e+06
348;1.13847;0.599057;1.78914;1.05893e+08;3.33166e+06
349;1.13847;0.544603;1.62657;1.05893e+08;3.33166e+06
350;1.13847;0.495099;1.47877;1.05893e+08;3.33166e+06
351;1.13847;0.450094;1.3444;1.05893e+08;3.33166e+06
352;1.13847;0.409181;1.22224;1.05893e+08;3.33166e+06
353;1.13847;0.371986;1.11118;1.05893e+08;3.33166e+06
354;1.13847;0.338173;1.0102;1.05893e+08;3.33166e+06
355;1.13847;0.307433;0.918407;1.05893e+08;3.33166e+06
356;1.13847;0.279487;0.83495;1.05893e+08;3.33166e+06
357;1.13847;0.254082;0.759076;1.05893e+08;3.33166e+06
358;1.13847;0.230986;0.690096;1.05893e+08;3.33166e+06
359;1.13847;0.209989;0.627384;1.05893e+08;3.33166e+06
360;1.13847;0.190901;0.57037;1.05893e+08;3.33166e+06
361;1.13847;0.173548;0.518537;1.05893e+08;3.33166e+06
362;1.13847;0.157773;0.471414;1.05893e+08;3.33166e+06
