192;883481;1.7647;0.8787;0.1176;0.0037
193;883480;3.15493;0.932525;0.220935;0.00695119
194;883478;4.51377;1.10619;0.3306;0.0104015
195;883476;6.05555;1.38231;0.460688;0.0144944
196;883474;7.94445;1.76509;0.623248;0.019609
197;883471;10.3371;2.27313;0.830823;0.0261398
198;883467;13.4088;2.93705;1.09814;0.0345504
199;883461;17.3729;3.79964;1.44354;0.0454175
200;883455;22.4987;4.91794;1.89038;0.0594762
201;883446;29.132;6.36653;2.46873;0.0776725
202;883435;37.7185;8.24237;3.21743;0.101229
203;883420;48.8344;10.6712;4.18673;0.131725
204;883401;63.2254;13.8158;5.44166;0.171209
205;883377;81.8567;17.8871;7.0664;0.222327
206;883345;105.978;23.1582;9.16993;0.28851
207;883305;137.205;29.9825;11.8933;0.374195
208;883252;177.633;38.8175;15.4193;0.48513
209;883183;229.969;50.2558;19.9842;0.628755
210;883095;297.721;65.0639;25.8943;0.814701
211;882980;385.426;84.2346;33.5458;1.05544
212;882831;498.955;109.052;43.4518;1.36711
213;882639;645.902;141.179;56.2763;1.7706
214;882390;836.091;182.767;72.879;2.29296
215;882068;1082.22;236.598;94.3724;2.9692
216;881651;1400.7;306.272;122.196;3.84461
217;881112;1812.73;396.445;158.214;4.97782
218;880414;2345.69;513.134;204.836;6.44466
219;879512;3034.85;664.114;265.18;8.34326
220;878345;3925.68;859.424;343.28;10.8005
221;876837;5076.65;1112.02;444.348;13.9803
222;874889;6562.82;1438.6;575.122;18.0948
223;872375;8480.29;1860.66;744.301;23.4176
224;869133;10951.7;2405.82;963.114;30.3021
225;864956;14132.9;3109.5;1246.04;39.2036
226;859584;18220.7;4017;1611.72;50.7088
227;852687;23461.8;5186;2084.12;65.5717
228;843853;30162.4;6689.61;2693.99;84.7599
229;832577;38697.2;8619.93;3480.69;109.511
230;818240;49516.3;11091.9;4494.39;141.405
231;800109;63146.4;14247.5;5798.8;182.445
232;777335;80180.6;18259.3;7474.3;235.161
233;748977;101250;23332.8;9621.59;302.72
234;714059;126965;29706.2;12365.5;389.052
235;671671;157811;37643.9;15859;498.965
236;621139;193998;47422.7;20285.9;638.247
237;562261;235242;59304.8;25862.8;813.711
238;495597;280522;73494.5;32837.1;1033.14
239;422759;327861;90079.1;41480;1305.07
240;346582;374235;108955;52073.3;1638.36
241;271016;415783;129757;64886.5;2041.5
242;200613;448392;151812;80145.9;2521.6
243;139607;468639;174156;97998.9;3083.3
244;90873.5;474773;195630;118480;3727.68
245;55214.2;467275;215057;141486;4451.51
246;31376.6;448638;231446;166776;5247.22
247;16784.9;422448;244153;193995;6103.57
248;8542.5;392290;252938;222707;7006.94
249;4192.2;360981;257915;252452;7942.8
250;2012.97;330347;259443;282783;8897.09
251;959.217;301372;258002;313294;9857.03
252;459.328;274478;254101;343635;10811.6
253;223.314;249764;248228;373517;11751.8
254;111.101;227172;240822;402709;12670.3
255;56.8823;206577;232260;431029;13561.3
256;30.0826;187826;222865;458343;14420.7
257;16.4692;170766;212905;484552;15245.3
258;9.3427;155250;202602;509590;16033
259;5.49209;141142;192138;533415;16782.6
260;3.34356;128314;181662;556011;17493.5
261;2.10585;116652;171290;577374;18165.7
262;1.37025;106049;161116;597518;18799.5
263;0.919706;96409.4;151213;616465;19395.6
264;0.635694;87646.1;141634;634248;19955.1
265;0.451703;79679.3;132421;650904;20479.1
266;0.329395;72436.5;123601;666477;20969.1
267;0.246098;65852.1;115193;681012;21426.4
268;0.188068;59866.2;107206;694559;21852.6
269;0.146776;54424.4;99643.7;707166;22249.3
270;0.116809;49477.3;92504.1;718885;22618
271;0.0946599;44979.8;85780.8;729763;22960.2
272;0.0780085;40891.2;79464.3;739851;23277.6
273;0.0652921;37174.2;73542.3;749196;23571.6
274;0.0554384;33795.1;68000.7;757844;23843.7
275;0.0476998;30723.1;62824.2;765841;24095.3
276;0.0415465;27930.4;57996.4;773229;24327.8
277;0.0365975;25391.5;53500.3;780050;24542.4
278;0.032575;23083.4;49318.8;786341;24740.3
279;0.0292736;20985.1;45434.7;792141;24922.8
280;0.02654;19077.6;41831;797484;25090.9
281;0.0242577;17343.4;38491.1;802404;25245.7
282;0.0223379;15766.9;35398.6;806930;25388.1
283;0.0207118;14333.7;32538;811093;25519.1
284;0.0193257;13030.8;29894.1;814920;25639.5
285;0.0181373;11846.3;27452.4;818435;25750.1
286;0.017113;10769.5;25199.3;821664;25851.7
287;0.0162257;9790.52;23121.5;824627;25944.9
288;0.0154537;8900.56;21206.8;827346;26030.4
289;0.0147792;8091.5;19443.5;829840;26108.9
290;0.0141878;7355.98;17820.5;832127;26180.9
291;0.0136674;6687.32;16327.6;834222;26246.8
292;0.013208;6079.45;14954.9;836142;26307.2
293;0.0128014;5526.82;13693.5;837901;26362.5
294;0.0124405;5024.44;12534.9;839511;26413.2
295;0.0121194;4567.72;11471.1;840986;26459.6
296;0.0118332;4152.51;10494.9;842335;26502
297;0.0115775;3775.05;9599.3;843569;26540.9
298;0.0113486;3431.9;8778.06;844698;26576.4
299;0.0111435;3119.94;8025.24;845730;26608.9
300;0.0109593;2836.33;7335.38;846674;26638.5
301;0.0107937;2578.51;6703.42;847536;26665.7
302;0.0106447;2344.13;6124.68;848325;26690.5
303;0.0105105;2131.04;5594.84;849045;26713.1
304;0.0103893;1937.33;5109.9;849703;26733.9
305;0.01028;1761.23;4666.17;850304;26752.8
306;0.0101812;1601.13;4260.26;850853;26770
307;0.0100919;1455.59;3889.03;851354;26785.8
308;0.010011;1323.28;3549.61;851811;26800.2
309;0.00993782;1202.99;3239.33;852228;26813.3
310;0.00987151;1093.64;2955.75;852609;26825.3
311;0.00981141;994.228;2696.63;852957;26836.2
312;0.00975691;903.853;2459.9;853274;26846.2
313;0.00970747;821.693;2243.68;853563;26855.3
314;0.00966261;747.001;2046.21;853827;26863.6
315;0.00962188;679.099;1865.91;854068;26871.2
316;0.00958489;617.368;1701.3;854287;26878.1
317;0.0095513;561.25;1551.05;854487;26884.4
318;0.00952078;510.232;1413.93;854670;26890.1
319;0.00949305;463.852;1288.8;854836;26895.4
320;0.00946785;421.688;1174.63;854988;26900.1
321;0.00944494;383.357;1070.48;855126;26904.5
322;0.00942411;348.509;975.478;855252;26908.4
323;0.00940517;316.83;888.832;855366;26912
324;0.00938795;288.03;809.817;855471;26915.3
325;0.00937229;261.848;737.768;855566;26918.3
326;0.00935805;238.046;672.079;855653;26921
327;0.00934509;216.408;612.194;855732;26923.5
328;0.0093333;196.736;557.606;855804;26925.8
329;0.00932258;178.853;507.852;855869;26927.9
330;0.00931283;162.595;462.507;855929;26929.7
331;0.00930396;147.815;421.185;855984;26931.5
332;0.00929588;134.379;383.532;856033;26933
333;0.00928854;122.164;349.224;856078;26934.4
334;0.00928186;111.059;317.968;856119;26935.7
335;0.00927578;100.964;289.494;856157;26936.9
336;0.00927024;91.7864;263.556;856191;26938
337;0.00926521;83.443;239.93;856222;26938.9
338;0.00926063;75.858;218.411;856250;26939.8
339;0.00925646;68.9625;198.814;856276;26940.6
340;0.00925267;62.6938;180.966;856299;26941.4
341;0.00924922;56.995;164.714;856320;26942
342;0.00924608;51.8141;149.915;856340;26942.7
343;0.00924323;47.1042;136.44;856357;26943.2
344;0.00924063;42.8225;124.172;856373;26943.7
345;0.00923827;38.9299;113.002;856388;26944.2
346;0.00923612;35.3912;102.834;856401;26944.6
347;0.00923416;32.1741;93.5771;856413;26945
348;0.00923238;29.2495;85.1509;856424;26945.3
349;0.00923076;26.5907;77.4808;856434;26945.6
350;0.00922929;24.1736;70.4995;856443;26945.9
351;0.00922795;21.9762;64.1453;856452;26946.2
352;0.00922673;19.9786;58.3621;856459;26946.4
353;0.00922562;18.1625;53.0988;856466;26946.6
354;0.00922461;16.5116;48.3089;856472;26946.8
355;0.00922369;15.0107;43.95;856478;26947
356;0.00922286;13.6462;39.9833;856483;26947.2
357;0.0092221;12.4058;36.3738;856488;26947.3
358;0.0092214;11.2781;33.0893;856492;26947.5
359;0.00922078;10.2529;30.1008;856496;26947.6
360;0.0092202;9.32092;27.3815;856500;26947.7
361;0.00921968;8.47364;24.9074;856503;26947.8
362;0.00921921;7.70339;22.6564;856506;26947.9
363;0.00921878;7.00315;20.6084;856508;26948
364;0.00921839;6.36657;18.7452;856511;26948
365;0.00921803;5.78785;17.0501;856513;26948.1
366;0.00921771;5.26173;15.5081;856515;26948.2
367;0.00921742;4.78344;14.1052;856517;26948.2
368;0.00921715;4.34863;12.8291;856519;26948.3
369;0.0092169;3.95334;11.6682;856520;26948.3
370;0.00921668;3.59398;10.6122;856521;26948.4
371;0.00921648;3.26729;9.65164;856523;26948.4
372;0.0092163;2.97029;8.77789;856524;26948.5
373;0.00921613;2.70029;7.98313;856525;26948.5
374;0.00921598;2.45483;7.26023;856526;26948.5
375;0.00921584;2.23169;6.60271;856527;26948.5
376;0.00921572;2.02883;6.00466;856527;26948.6
377;0.0092156;1.84441;5.46072;856528;26948.6
378;0.0092155;1.67675;4.96599;856529;26948.6
379;0.0092154;1.52434;4.51603;856529;26948.6
380;0.00921532;1.38577;4.1068;856530;26948.6
381;0.00921524;1.25981;3.73461;856530;26948.7
382;0.00921517;1.14529;3.39612;856531;26948.7
383;0.00921511;1.04118;3.08828;856531;26948.7
384;0.00921505;0.94654;2.80831;856532;26948.7
385;0.00921499;0.8605;2.55371;856532;26948.7
386;0.00921494;0.78228;2.32216;856532;26948.7
387;0.0092149;0.711171;2.11159;856532;26948.7
388;0.00921486;0.646526;1.9201;856533;26948.7
389;0.00921482;0.587756;1.74596;856533;26948.7
390;0.00921479;0.534329;1.5876;856533;26948.7
391;0.00921476;0.485759;1.4436;856533;26948.8
392;0.00921473;0.441603;1.31264;856533;26948.8
393;0.00921471;0.401462;1.19356;856534;26948.8
394;0.00921469;0.364969;1.08528;856534;26948.8
395;0.00921467;0.331793;0.986808;856534;26948.8
396;0.00921465;0.301633;0.897268;856534;26948.8
397;0.00921463;0.274215;0.815848;856534;26948.8
398;0.00921461;0.249289;0.741812;856534;26948.8
399;0.0092146;0.226628;0.67449;856534;26948.8
400;0.00921459;0.206028;0.613275;856534;26948.8
401;0.00921458;0.1873;0.557613;856534;26948.8
402;0.00921456;0.170274;0.507;856535;26948.8
403;0.00921456;0.154796;0.460979;856535;26948.8
