132;5.51552e+06;1.7647;0.8787;0.1176;0.0037
133;5.51552e+06;3.15493;0.932525;0.220935;0.00695119
134;5.51552e+06;4.51377;1.10619;0.3306;0.0104015
135;5.51552e+06;6.05557;1.38231;0.460688;0.0144944
136;5.51552e+06;7.94448;1.76509;0.623248;0.019609
137;5.51551e+06;10.3372;2.27314;0.830823;0.0261398
138;5.51551e+06;13.4089;2.93706;1.09814;0.0345504
139;5.5155e+06;17.3731;3.79966;1.44354;0.0454176
140;5.5155e+06;22.4991;4.91797;1.89038;0.0594763
141;5.51549e+06;29.1326;6.36659;2.46874;0.0776728
142;5.51548e+06;37.7195;8.24248;3.21745;0.101229
143;5.51546e+06;48.8362;10.6714;4.18676;0.131726
144;5.51544e+06;63.2285;13.8161;5.44172;0.17121
145;5.51542e+06;81.862;17.8877;7.06649;0.22233
146;5.51539e+06;105.987;23.1592;9.17009;0.288515
147;5.51535e+06;137.22;29.9842;11.8936;0.374204
148;5.51529e+06;177.658;38.8204;15.4198;0.485145
149;5.51523e+06;230.013;50.2607;19.985;0.628781
150;5.51514e+06;297.795;65.0722;25.8957;0.814745
151;5.51502e+06;385.55;84.2485;33.5482;1.05551
152;5.51487e+06;499.163;109.076;43.4558;1.36723
153;5.51468e+06;646.253;141.219;56.2831;1.77081
154;5.51443e+06;836.679;182.833;72.8904;2.29332
155;5.51411e+06;1083.21;236.71;94.3916;2.9698
156;5.51369e+06;1402.36;306.46;122.229;3.84563
157;5.51315e+06;1815.51;396.761;158.268;4.97953
158;5.51245e+06;2350.35;513.664;204.928;6.44755
159;5.51154e+06;3042.66;665.003;265.334;8.34811
160;5.51037e+06;3938.77;860.916;343.539;10.8086
161;5.50885e+06;5098.57;1114.52;444.782;13.994
162;5.50689e+06;6599.53;1442.79;575.85;18.1177
163;5.50435e+06;8541.74;1867.68;745.522;23.4561
164;5.50106e+06;11054.5;2417.57;965.161;30.3665
165;5.4968e+06;14304.8;3129.18;1249.47;39.3115
166;5.4913e+06;18507.8;4049.91;1617.46;50.8894
167;5.48418e+06;23941;5241.02;2093.73;65.8741
168;5.47499e+06;30961.1;6781.52;2710.07;85.2659
169;5.46311e+06;40026.3;8773.29;3507.58;110.357
170;5.44777e+06;51723.3;11347.5;4539.32;142.819
171;5.42799e+06;66801;14672.7;5873.78;184.804
172;5.40251e+06;86211.6;18965.1;7599.29;239.093
173;5.36973e+06;111158;24501.3;9829.58;309.264
174;5.32763e+06;143151;31633.5;12710.9;399.919
175;5.27371e+06;184064;40808.8;16431;516.963
176;5.20484e+06;236197;52590.1;21230.1;667.955
177;5.11725e+06;302315;67681.2;27414.7;862.539
178;5.00642e+06;385664;86951.9;35374.1;1112.96
179;4.86711e+06;489916;111462;45599.6;1434.68
180;4.6935e+06;618999;142475;58707.5;1847.09
181;4.47947e+06;776756;181459;75462.5;2374.24
182;4.21929e+06;966330;230056;96802.1;3045.64
183;3.90855e+06;1.18923e+06;289989;123857;3896.85
184;3.54565e+06;1.44403e+06;362914;157959;4969.81
185;3.13358e+06;1.72484e+06;450155;200638;6312.59
186;2.68174e+06;2.01989e+06;552339;253576;7978.17
187;2.20713e+06;2.31089e+06;668949;318531;10021.8
188;1.73388e+06;2.57408e+06;797865;397200;12496.9
189;1.29026e+06;2.78372e+06;935068;491029;15449
190;903159;2.91778e+06;1.07468e+06;600993;18908.8
191;591543;2.96417e+06;1.20955e+06;727376;22885.1
192;361664;2.92461e+06;1.33228e+06;869619;27360.5
193;206732;2.81369e+06;1.43652e+06;1.02629e+06;32289.9
194;111156;2.6535e+06;1.51803e+06;1.19523e+06;37605
195;56797.4;2.46666e+06;1.5751e+06;1.37375e+06;43221.7
196;27948.1;2.27129e+06;1.60826e+06;1.55898e+06;49049.6
197;13438;2.07934e+06;1.61964e+06;1.74811e+06;55000.1
198;6404.28;1.89736e+06;1.61219e+06;1.93858e+06;60992.8
199;3063.89;1.72823e+06;1.5891e+06;2.12817e+06;66957.9
200;1486.97;1.57271e+06;1.55344e+06;2.31505e+06;72837.5
201;738.023;1.4305e+06;1.50796e+06;2.49774e+06;78585.2
202;376.8;1.30083e+06;1.45508e+06;2.67507e+06;84164.7
203;198.662;1.18276e+06;1.39682e+06;2.84619e+06;89548.5
204;108.412;1.07534e+06;1.3349e+06;3.01046e+06;94716.7
205;61.2999;977638;1.27073e+06;3.16744e+06;99655.9
206;35.9187;888796;1.20546e+06;3.31688e+06;104358
207;21.7982;808019;1.14002e+06;3.45864e+06;108818
208;13.6873;734578;1.07519e+06;3.59271e+06;113036
209;8.88026;667810;1.01154e+06;3.71915e+06;117014
210;5.94394;607109;949545;3.83811e+06;120757
211;4.09771;551924;889551;3.94977e+06;124270
212;2.90457;501756;831818;4.05438e+06;127561
213;2.11325;456147;776528;4.15221e+06;130639
214;1.57547;414684;723799;4.24353e+06;133512
215;1.20158;376989;673697;4.32864e+06;136190
216;0.93602;342721;626246;4.40787e+06;138683
217;0.743635;311568;581436;4.48152e+06;141000
218;0.601667;283247;539229;4.54989e+06;143151
219;0.495098;257500;499568;4.61331e+06;145147
220;0.413825;234093;462377;4.67206e+06;146995
221;0.350928;212814;427570;4.72643e+06;148706
222;0.301591;193469;395050;4.77671e+06;150288
223;0.262403;175883;364717;4.82317e+06;151749
224;0.230917;159895;336465;4.86606e+06;153099
225;0.205348;145361;310186;4.90563e+06;154344
226;0.184382;132147;285774;4.94211e+06;155492
227;0.167035;120135;263122;4.97572e+06;156549
228;0.152562;109215;242125;5.00666e+06;157522
229;0.140396;99287.4;222683;5.03513e+06;158418
230;0.130097;90262.2;204697;5.06132e+06;159242
231;0.121323;82057.3;188072;5.08539e+06;160000
232;0.113805;74598.3;172718;5.10751e+06;160695
233;0.107327;67817.4;158548;5.12782e+06;161335
234;0.101719;61652.8;145481;5.14647e+06;161921
235;0.0968409;56048.5;133438;5.16358e+06;162459
236;0.092581;50953.7;122347;5.17927e+06;162953
237;0.0888466;46322;112138;5.19366e+06;163406
238;0.0855616;42111.4;102746;5.20684e+06;163821
239;0.0826628;38283.4;94111.1;5.21893e+06;164201
240;0.0800973;34803.5;86175.4;5.22999e+06;164549
241;0.077821;31639.9;78886;5.24013e+06;164868
242;0.0757963;28763.8;72193.2;5.24941e+06;165160
243;0.0739915;26149.2;66050.8;5.2579e+06;165427
244;0.0723795;23772.2;60415.8;5.26566e+06;165671
245;0.0709371;21611.3;55248.2;5.27277e+06;165895
246;0.0696443;19646.8;50511.1;5.27926e+06;166099
247;0.0684838;17860.9;46170;5.2852e+06;166286
248;0.0674407;16237.4;42193.1;5.29063e+06;166457
249;0.066502;14761.4;38551.1;5.2956e+06;166613
250;0.0656562;13419.6;35216.6;5.30013e+06;166756
251;0.0648933;12199.8;32164.7;5.30427e+06;166886
252;0.0642047;11090.8;29372.1;5.30805e+06;167005
253;0.0635825;10082.6;26817.4;5.31151e+06;167114
254;0.0630199;9166.14;24481;5.31466e+06;167213
255;0.0625108;8332.94;22344.6;5.31754e+06;167304
256;0.0620499;7575.47;20391.7;5.32017e+06;167386
257;0.0616324;6886.86;18606.8;5.32257e+06;167462
258;0.061254;6260.85;16975.8;5.32475e+06;167531
259;0.0609109;5691.74;15485.7;5.32675e+06;167593
260;0.0605997;5174.36;14124.7;5.32857e+06;167651
261;0.0603172;4704.01;12881.7;5.33023e+06;167703
262;0.0600608;4276.41;11746.8;5.33175e+06;167751
263;0.059828;3887.69;10710.6;5.33313e+06;167794
264;0.0596166;3534.3;9764.8;5.33439e+06;167834
265;0.0594245;3213.03;8901.6;5.33554e+06;167870
266;0.0592499;2920.97;8113.9;5.33658e+06;167903
267;0.0590913;2655.45;7395.2;5.33754e+06;167933
268;0.0589471;2414.07;6739.54;5.33841e+06;167960
269;0.058816;2194.63;6141.48;5.3392e+06;167985
270;0.0586968;1995.14;5596.01;5.33992e+06;168008
271;0.0585884;1813.78;5098.57;5.34058e+06;168028
272;0.0584898;1648.91;4644.99;5.34118e+06;168047
273;0.0584001;1499.02;4231.43;5.34173e+06;168065
274;0.0583186;1362.76;3854.42;5.34222e+06;168080
275;0.0582444;1238.89;3510.76;5.34268e+06;168094
276;0.0581769;1126.27;3197.52;5.34309e+06;168107
277;0.0581155;1023.89;2912.04;5.34347e+06;168119
278;0.0580597;930.822;2651.88;5.34381e+06;168130
279;0.0580089;846.211;2414.82;5.34412e+06;168140
280;0.0579627;769.29;2198.82;5.34441e+06;168149
281;0.0579206;699.362;2002.03;5.34466e+06;168157
282;0.0578823;635.79;1822.76;5.3449e+06;168164
283;0.0578475;577.996;1659.45;5.34511e+06;168171
284;0.0578158;525.457;1510.7;5.34531e+06;168177
285;0.057787;477.693;1375.21;5.34549e+06;168183
286;0.0577608;434.27;1251.82;5.34565e+06;168188
287;0.0577369;394.795;1139.45;5.3458e+06;168193
288;0.0577152;358.908;1037.12;5.34593e+06;168197
289;0.0576955;326.284;943.946;5.34605e+06;168201
290;0.0576775;296.624;859.104;5.34616e+06;168204
291;0.0576611;269.661;781.858;5.34626e+06;168207
292;0.0576463;245.149;711.531;5.34636e+06;168210
293;0.0576327;222.865;647.506;5.34644e+06;168213
294;0.0576204;202.607;589.222;5.34651e+06;168215
295;0.0576092;184.19;536.166;5.34658e+06;168217
296;0.057599;167.447;487.872;5.34665e+06;168219
297;0.0575897;152.226;443.914;5.3467e+06;168221
298;0.0575813;138.389;403.905;5.34676e+06;168223
299;0.0575736;125.809;367.491;5.3468e+06;168224
300;0.0575666;114.373;334.35;5.34685e+06;168226
301;0.0575603;103.977;304.19;5.34689e+06;168227
302;0.0575545;94.5251;276.743;5.34692e+06;168228
303;0.0575493;85.9328;251.767;5.34696e+06;168229
304;0.0575445;78.1215;229.039;5.34698e+06;168230
305;0.0575401;71.0203;208.357;5.34701e+06;168231
306;0.0575362;64.5645;189.539;5.34704e+06;168232
307;0.0575326;58.6956;172.417;5.34706e+06;168232
308;0.0575293;53.3602;156.838;5.34708e+06;168233
309;0.0575263;48.5097;142.664;5.3471e+06;168234
310;0.0575236;44.1002;129.769;5.34711e+06;168234
311;0.0575211;40.0915;118.036;5.34713e+06;168235
312;0.0575189;36.4472;107.363;5.34714e+06;168235
313;0.0575169;33.1341;97.6529;5.34716e+06;168235
314;0.057515;30.1222;88.8195;5.34717e+06;168236
315;0.0575133;27.3841;80.7838;5.34718e+06;168236
316;0.0575118;24.8949;73.4739;5.34719e+06;168236
317;0.0575104;22.632;66.8245;5.3472e+06;168237
318;0.0575091;20.5747;60.7759;5.3472e+06;168237
319;0.057508;18.7045;55.2741;5.34721e+06;168237
320;0.0575069;17.0043;50.2696;5.34722e+06;168237
321;0.057506;15.4586;45.7175;5.34722e+06;168237
322;0.0575051;14.0534;41.5772;5.34723e+06;168238
323;0.0575043;12.7759;37.8113;5.34723e+06;168238
324;0.0575036;11.6146;34.3861;5.34724e+06;168238
325;0.0575029;10.5588;31.2709;5.34724e+06;168238
326;0.0575024;9.59904;28.4375;5.34725e+06;168238
327;0.0575018;8.72648;25.8606;5.34725e+06;168238
328;0.0575013;7.93325;23.5169;5.34725e+06;168238
329;0.0575009;7.21212;21.3855;5.34725e+06;168238
330;0.0575005;6.55653;19.447;5.34726e+06;168239
331;0.0575001;5.96055;17.6841;5.34726e+06;168239
332;0.0574998;5.41873;16.0808;5.34726e+06;168239
333;0.0574995;4.92617;14.6228;5.34726e+06;168239
334;0.0574992;4.47838;13.2968;5.34727e+06;168239
335;0.0574989;4.0713;12.091;5.34727e+06;168239
336;0.0574987;3.70122;10.9944;5.34727e+06;168239
337;0.0574985;3.36478;9.99725;5.34727e+06;168239
338;0.0574983;3.05892;9.09044;5.34727e+06;168239
339;0.0574981;2.78086;8.26583;5.34727e+06;168239
340;0.057498;2.52808;7.51596;5.34727e+06;168239
341;0.0574978;2.29828;6.83408;5.34727e+06;168239
342;0.0574977;2.08937;6.21402;5.34727e+06;168239
343;0.0574976;1.89944;5.65018;5.34728e+06;168239
344;0.0574975;1.72678;5.13747;5.34728e+06;168239
345;0.0574974;1.56982;4.67126;5.34728e+06;168239
346;0.0574973;1.42712;4.24734;5.34728e+06;168239
347;0.0574972;1.2974;3.86186;5.34728e+06;168239
348;0.0574971;1.17946;3.51135;5.34728e+06;168239
349;0.0574971;1.07225;3.19264;5.34728e+06;168239
350;0.057497;0.974783;2.90284;5.34728e+06;168239
351;0.057497;0.886175;2.63933;5.34728e+06;168239
352;0.0574969;0.805622;2.39973;5.34728e+06;168239
353;0.0574969;0.732391;2.18188;5.34728e+06;168239
354;0.0574968;0.665817;1.98379;5.34728e+06;168239
355;0.0574968;0.605294;1.80368;5.34728e+06;168239
356;0.0574967;0.550273;1.63991;5.34728e+06;168239
357;0.0574967;0.500253;1.49101;5.34728e+06;168239
358;0.0574967;0.45478;1.35562;5.34728e+06;168239
359;0.0574967;0.413441;1.23253;5.34728e+06;168239
360;0.0574966;0.375859;1.1206;5.34728e+06;168239
361;0.0574966;0.341693;1.01884;5.34728e+06;168239
362;0.0574966;0.310633;0.926314;5.34728e+06;168239
363;0.0574966;0.282397;0.842189;5.34728e+06;168239
364;0.0574966;0.256727;0.765701;5.34728e+06;168239
365;0.0574965;0.233391;0.696158;5.34728e+06;168239
366;0.0574965;0.212175;0.632929;5.34728e+06;168239
367;0.0574965;0.192889;0.575442;5.34728e+06;168239
368;0.0574965;0.175355;0.523174;5.34728e+06;168239
369;0.0574965;0.159415;0.475653;5.34728e+06;168239
