207;6.69771e+07;1.7647;0.8787;0.1176;0.0037
208;6.69771e+07;3.15493;0.932525;0.220935;0.00695119
209;6.69771e+07;4.51377;1.10619;0.3306;0.0104015
210;6.69771e+07;6.05557;1.38231;0.460688;0.0144944
211;6.69771e+07;7.94449;1.76509;0.623248;0.019609
212;6.69771e+07;10.3372;2.27314;0.830823;0.0261398
213;6.69771e+07;13.4089;2.93706;1.09814;0.0345505
214;6.69771e+07;17.3731;3.79967;1.44354;0.0454176
215;6.69771e+07;22.4991;4.91798;1.89038;0.0594763
216;6.69771e+07;29.1327;6.3666;2.46874;0.0776729
217;6.69771e+07;37.7197;8.2425;3.21745;0.101229
218;6.6977e+07;48.8365;10.6714;4.18677;0.131727
219;6.6977e+07;63.2291;13.8162;5.44172;0.171211
220;6.6977e+07;81.863;17.8878;7.06651;0.222331
221;6.6977e+07;105.988;23.1594;9.17012;0.288516
222;6.69769e+07;137.223;29.9845;11.8937;0.374205
223;6.69769e+07;177.663;38.8209;15.4198;0.485148
224;6.69768e+07;230.021;50.2615;19.9852;0.628785
225;6.69767e+07;297.808;65.0737;25.8959;0.814753
226;6.69766e+07;385.572;84.251;33.5486;1.05553
227;6.69765e+07;499.2;109.08;43.4565;1.36725
228;6.69763e+07;646.314;141.226;56.2843;1.77085
229;6.6976e+07;836.782;182.845;72.8924;2.29338
230;6.69757e+07;1083.38;236.729;94.395;2.96991
231;6.69753e+07;1402.65;306.493;122.234;3.84581
232;6.69747e+07;1816;396.816;158.278;4.97983
233;6.6974e+07;2351.16;513.757;204.944;6.44806
234;6.69731e+07;3044.03;665.159;265.361;8.34896
235;6.6972e+07;3941.06;861.177;343.584;10.81
236;6.69704e+07;5102.42;1114.96;444.859;13.9964
237;6.69685e+07;6605.99;1443.52;575.978;18.1218
238;6.69659e+07;8552.56;1868.91;745.736;23.4628
239;6.69626e+07;11072.6;2419.64;965.52;30.3778
240;6.69584e+07;14335.2;3132.64;1250.07;39.3304
241;6.69528e+07;18558.7;4055.72;1618.47;50.9212
242;6.69457e+07;24026.3;5250.75;2095.42;65.9273
243;6.69364e+07;31103.9;6797.82;2712.91;85.3551
244;6.69244e+07;40265.4;8800.59;3512.33;110.507
245;6.69089e+07;52123.5;11393.2;4547.28;143.069
246;6.68888e+07;67470.6;14749.2;5887.12;185.224
247;6.68628e+07;87331.3;19093.2;7621.63;239.796
248;6.68292e+07;113029;24715.6;9866.99;310.441
249;6.67857e+07;146274;31992;12773.6;401.889
250;6.67294e+07;189273;41407.7;16535.8;520.259
251;6.66566e+07;244871;53589.9;21405.4;673.468
252;6.65624e+07;316731;69348.2;27707.5;871.751
253;6.64408e+07;409562;89727.1;35862.9;1128.34
254;6.62838e+07;529409;116072;46414.8;1460.33
255;6.6081e+07;684003;150116;60064.9;1889.8
256;6.58197e+07;883200;194083;77718.6;2445.23
257;6.54831e+07;1.13951e+06;250824;100543;3163.33
258;6.50503e+07;1.4687e+06;323980;130040;4091.38
259;6.4495e+07;1.89051e+06;418186;168140;5290.11
260;6.37843e+07;2.42934e+06;539308;217318;6837.4
261;6.28779e+07;3.11496e+06;694717;280741;8832.83
262;6.17268e+07;3.98289e+06;893598;362440;11403.3
263;6.02732e+07;5.07441e+06;1.14725e+06;467527;14709.6
264;5.84509e+07;6.43546e+06;1.46935e+06;602443;18954.4
265;5.61874e+07;8.11399e+06;1.8761e+06;775239;24391
266;5.3409e+07;1.01549e+07;2.38609e+06;995869;31332.6
267;5.00497e+07;1.25911e+07;3.01974e+06;1.27647e+06;40161.1
268;4.60652e+07;1.54311e+07;3.79797e+06;1.63159e+06;51334.2
269;4.1452e+07;1.86416e+07;4.73996e+06;2.07824e+06;65386.7
270;3.62701e+07;2.21289e+07;5.85952e+06;2.63565e+06;82924.5
271;3.06636e+07;2.57239e+07;7.16028e+06;3.32473e+06;104605
272;2.48696e+07;2.91796e+07;8.63005e+06;4.16678e+06;131098
273;1.92036e+07;3.21932e+07;1.02356e+07;5.18168e+06;163029
274;1.4012e+07;3.44584e+07;1.19204e+07;6.38539e+06;200901
275;9.59791e+06;3.57402e+07;1.36067e+07;7.78723e+06;245006
276;6.14435e+06;3.5945e+07;1.5205e+07;9.38738e+06;295351
277;3.67191e+06;3.515e+07;1.66281e+07;1.11755e+07;351610
278;2.05471e+06;3.35721e+07;1.78062e+07;1.3131e+07;413134
279;1.08475e+06;3.14904e+07;1.8698e+07;1.5225e+07;479017
280;546496;2.91661e+07;1.92924e+07;1.74239e+07;548199
281;266412;2.6795e+07;1.96035e+07;1.96926e+07;619581
282;127524;2.44982e+07;1.96612e+07;2.1998e+07;692114
283;60772.7;2.23381e+07;1.95032e+07;2.43102e+07;764861
284;29182.9;2.03392e+07;1.9168e+07;2.66037e+07;837023
285;14258;1.85053e+07;1.86918e+07;2.88579e+07;907944
286;7139.64;1.68302e+07;1.81066e+07;3.10561e+07;977104
287;3683.12;1.53038e+07;1.74401e+07;3.31854e+07;1.0441e+06
288;1963.89;1.39144e+07;1.67157e+07;3.52363e+07;1.10863e+06
289;1084.39;1.26505e+07;1.59529e+07;3.72021e+07;1.17047e+06
290;620.488;1.1501e+07;1.51678e+07;3.90782e+07;1.2295e+06
291;367.88;1.04558e+07;1.43734e+07;4.08619e+07;1.28562e+06
292;225.835;9.50554e+06;1.35803e+07;4.25522e+07;1.3388e+06
293;143.38;8.64157e+06;1.27971e+07;4.41493e+07;1.38905e+06
294;94.0123;7.8561e+06;1.20303e+07;4.56542e+07;1.4364e+06
295;63.5599;7.14201e+06;1.12852e+07;4.7069e+07;1.48091e+06
296;44.2338;6.49282e+06;1.05655e+07;4.83961e+07;1.52267e+06
297;31.6337;5.90264e+06;9.87408e+06;4.96386e+07;1.56176e+06
298;23.2074;5.36609e+06;9.2129e+06;5.07998e+07;1.59829e+06
299;17.4363;4.87832e+06;8.58316e+06;5.18832e+07;1.63238e+06
300;13.3946;4.43489e+06;7.98546e+06;5.28926e+07;1.66414e+06
301;10.5046;4.03176e+06;7.41995e+06;5.38317e+07;1.69368e+06
302;8.39768;3.66527e+06;6.8864e+06;5.47043e+07;1.72114e+06
303;6.8338;3.3321e+06;6.38425e+06;5.55141e+07;1.74662e+06
304;5.6535;3.02922e+06;5.91273e+06;5.62649e+07;1.77024e+06
305;4.74885;2.75386e+06;5.47087e+06;5.69603e+07;1.79212e+06
306;4.0455;2.50354e+06;5.05758e+06;5.76036e+07;1.81236e+06
307;3.49142;2.27596e+06;4.67167e+06;5.81984e+07;1.83107e+06
308;3.04959;2.06908e+06;4.31188e+06;5.87478e+07;1.84836e+06
309;2.6933;1.881e+06;3.97693e+06;5.92549e+07;1.86431e+06
310;2.403;1.71002e+06;3.66551e+06;5.97226e+07;1.87903e+06
311;2.16423;1.55458e+06;3.37632e+06;6.01536e+07;1.89259e+06
312;1.9661;1.41327e+06;3.10809e+06;6.05507e+07;1.90508e+06
313;1.80038;1.2848e+06;2.85954e+06;6.09162e+07;1.91658e+06
314;1.66074;1.16801e+06;2.62947e+06;6.12525e+07;1.92716e+06
315;1.54228;1.06184e+06;2.41669e+06;6.15617e+07;1.93689e+06
316;1.44115;965319;2.22006e+06;6.18459e+07;1.94583e+06
317;1.35433;877572;2.03852e+06;6.2107e+07;1.95405e+06
318;1.2794;797801;1.87102e+06;6.23467e+07;1.96159e+06
319;1.21443;725281;1.71658e+06;6.25667e+07;1.96851e+06
320;1.15784;659353;1.57429e+06;6.27686e+07;1.97486e+06
321;1.10835;599418;1.44326e+06;6.29537e+07;1.98069e+06
322;1.06492;544931;1.32268e+06;6.31235e+07;1.98603e+06
323;1.02667;495396;1.21177e+06;6.3279e+07;1.99092e+06
324;0.99289;450365;1.10982e+06;6.34215e+07;1.9954e+06
325;0.962965;409427;1.01614e+06;6.3552e+07;1.99951e+06
326;0.936391;372210;930095;6.36715e+07;2.00327e+06
327;0.912736;338376;851108;6.37809e+07;2.00671e+06
328;0.891636;307618;778627;6.3881e+07;2.00986e+06
329;0.872778;279655;712142;6.39726e+07;2.01274e+06
330;0.855894;254235;651180;6.40563e+07;2.01538e+06
331;0.840754;231125;595302;6.41329e+07;2.01779e+06
332;0.827157;210115;544101;6.42029e+07;2.01999e+06
333;0.814931;191016;497201;6.42669e+07;2.022e+06
334;0.803922;173653;454254;6.43254e+07;2.02384e+06
335;0.794001;157868;414938;6.43788e+07;2.02552e+06
336;0.78505;143517;378956;6.44276e+07;2.02706e+06
337;0.776967;130472;346034;6.44721e+07;2.02846e+06
338;0.769661;118612;315920;6.45128e+07;2.02974e+06
339;0.763055;107830;288381;6.455e+07;2.03091e+06
340;0.757076;98028.3;263202;6.45839e+07;2.03198e+06
341;0.751661;89117.5;240187;6.46149e+07;2.03295e+06
342;0.746755;81016.8;219153;6.46431e+07;2.03384e+06
343;0.742309;73652.3;199934;6.46689e+07;2.03465e+06
344;0.738276;66957.3;182377;6.46924e+07;2.03539e+06
345;0.734617;60870.9;166341;6.47138e+07;2.03606e+06
346;0.731296;55337.8;151697;6.47334e+07;2.03668e+06
347;0.728282;50307.6;138326;6.47512e+07;2.03724e+06
348;0.725544;45734.6;126120;6.47675e+07;2.03775e+06
349;0.723058;41577.3;114979;6.47823e+07;2.03822e+06
350;0.720798;37798;104812;6.47959e+07;2.03865e+06
351;0.718745;34362.1;95533.8;6.48082e+07;2.03903e+06
352;0.716879;31238.6;87069.1;6.48194e+07;2.03939e+06
353;0.715183;28399;79347.2;6.48297e+07;2.03971e+06
354;0.713641;25817.6;72303.8;6.4839e+07;2.04e+06
355;0.712239;23470.7;65880.2;6.48475e+07;2.04027e+06
356;0.710964;21337.2;60022.4;6.48552e+07;2.04051e+06
357;0.709804;19397.7;54681.3;6.48623e+07;2.04074e+06
358;0.708749;17634.4;49811.7;6.48687e+07;2.04094e+06
359;0.70779;16031.5;45372.5;6.48746e+07;2.04112e+06
360;0.706917;14574.2;41326.1;6.48799e+07;2.04129e+06
361;0.706123;13249.4;37638;6.48848e+07;2.04144e+06
362;0.705401;12045;34276.9;6.48892e+07;2.04158e+06
363;0.704744;10950.2;31214;6.48932e+07;2.04171e+06
364;0.704146;9954.79;28423.1;6.48969e+07;2.04182e+06
365;0.703602;9049.9;25880.3;6.49002e+07;2.04193e+06
366;0.703107;8227.26;23563.6;6.49033e+07;2.04203e+06
367;0.702657;7479.4;21453.2;6.49061e+07;2.04211e+06
368;0.702247;6799.53;19530.8;6.49086e+07;2.04219e+06
369;0.701875;6181.45;17779.8;6.49109e+07;2.04226e+06
370;0.701535;5619.56;16185;6.4913e+07;2.04233e+06
371;0.701227;5108.74;14732.6;6.49149e+07;2.04239e+06
372;0.700946;4644.35;13409.9;6.49166e+07;2.04244e+06
373;0.700691;4222.18;12205.5;6.49182e+07;2.04249e+06
374;0.700458;3838.39;11108.7;6.49196e+07;2.04254e+06
375;0.700247;3489.48;10110.2;6.49209e+07;2.04258e+06
376;0.700054;3172.28;9200.99;6.49221e+07;2.04262e+06
377;0.699879;2883.92;8373.27;6.49232e+07;2.04265e+06
378;0.69972;2621.78;7619.74;6.49242e+07;2.04268e+06
379;0.699575;2383.46;6933.78;6.49251e+07;2.04271e+06
380;0.699443;2166.8;6309.37;6.49259e+07;2.04274e+06
381;0.699323;1969.84;5741.01;6.49266e+07;2.04276e+06
382;0.699214;1790.78;5223.68;6.49273e+07;2.04278e+06
383;0.699115;1628;4752.83;6.49279e+07;2.0428e+06
384;0.699025;1480.01;4324.3;6.49285e+07;2.04282e+06
385;0.698943;1345.48;3934.29;6.4929e+07;2.04283e+06
386;0.698868;1223.18;3579.37;6.49295e+07;2.04285e+06
387;0.6988;1111.99;3256.38;6.49299e+07;2.04286e+06
388;0.698738;1010.91;2962.46;6.49303e+07;2.04287e+06
389;0.698682;919.018;2695;6.49306e+07;2.04288e+06
390;0.698631;835.479;2451.64;6.49309e+07;2.04289e+06
391;0.698584;759.534;2230.2;6.49312e+07;2.0429e+06
392;0.698542;690.493;2028.72;6.49315e+07;2.04291e+06
393;0.698503;627.727;1845.4;6.49317e+07;2.04292e+06
394;0.698468;570.667;1678.61;6.49319e+07;2.04293e+06
395;0.698436;518.793;1526.87;6.49321e+07;2.04293e+06
396;0.698407;471.635;1388.82;6.49323e+07;2.04294e+06
397;0.698381;428.763;1263.23;6.49325e+07;2.04294e+06
398;0.698357;389.789;1148.97;6.49326e+07;2.04295e+06
399;0.698335;354.357;1045.03;6.49328e+07;2.04295e+06
400;0.698315;322.146;950.483;6.49329e+07;2.04296e+06
401;0.698297;292.863;864.472;6.4933e+07;2.04296e+06
402;0.698281;266.242;786.233;6.49331e+07;2.04296e+06
403;0.698266;242.04;715.064;6.49332e+07;2.04297e+06
404;0.698252;220.039;650.328;6.49333e+07;2.04297e+06
405;0.69824;200.037;591.445;6.49333e+07;2.04297e+06
406;0.698229;181.854;537.886;6.49334e+07;2.04297e+06
407;0.698219;165.323;489.171;6.49335e+07;2.04298e+06
408;0.698209;150.296;444.863;6.49335e+07;2.04298e+06
409;0.698201;136.634;404.563;6.49336e+07;2.04298e+06
410;0.698193;124.214;367.909;6.49336e+07;2.04298e+06
411;0.698186;112.923;334.573;6.49337e+07;2.04298e+06
412;0.69818;102.658;304.254;6.49337e+07;2.04298e+06
413;0.698174;93.3264;276.679;6.49338e+07;2.04298e+06
414;0.698169;84.843;251.602;6.49338e+07;2.04298e+06
415;0.698164;77.1308;228.795;6.49338e+07;2.04299e+06
416;0.69816;70.1196;208.053;6.49338e+07;2.04299e+06
417;0.698156;63.7457;189.19;6.49339e+07;2.04299e+06
418;0.698152;57.9513;172.036;6.49339e+07;2.04299e+06
419;0.698149;52.6835;156.436;6.49339e+07;2.04299e+06
420;0.698146;47.8946;142.249;6.49339e+07;2.04299e+06
421;0.698143;43.541;129.348;6.49339e+07;2.04299e+06
422;0.698141;39.5831;117.616;6.4934e+07;2.04299e+06
423;0.698139;35.985;106.947;6.4934e+07;2.04299e+06
424;0.698137;32.7139;97.2454;6.4934e+07;2.04299e+06
425;0.698135;29.7403;88.4232;6.4934e+07;2.04299e+06
426;0.698133;27.0369;80.4009;6.4934e+07;2.04299e+06
427;0.698131;24.5792;73.1059;6.4934e+07;2.04299e+06
428;0.69813;22.345;66.4724;6.4934e+07;2.04299e+06
429;0.698129;20.3138;60.4405;6.4934e+07;2.04299e+06
430;0.698128;18.4673;54.9556;6.4934e+07;2.04299e+06
431;0.698127;16.7886;49.9681;6.4934e+07;2.04299e+06
432;0.698126;15.2625;45.4331;6.49341e+07;2.04299e+06
433;0.698125;13.8752;41.3094;6.49341e+07;2.04299e+06
434;0.698124;12.6139;37.5598;6.49341e+07;2.04299e+06
435;0.698123;11.4673;34.1504;6.49341e+07;2.04299e+06
436;0.698123;10.4249;31.0504;6.49341e+07;2.04299e+06
437;0.698122;9.47731;28.2316;6.49341e+07;2.04299e+06
438;0.698122;8.61582;25.6686;6.49341e+07;2.04299e+06
439;0.698121;7.83264;23.3382;6.49341e+07;2.04299e+06
440;0.698121;7.12065;21.2192;6.49341e+07;2.04299e+06
441;0.69812;6.47339;19.2926;6.49341e+07;2.04299e+06
442;0.69812;5.88496;17.5408;6.49341e+07;2.04299e+06
443;0.69812;5.35001;15.9481;6.49341e+07;2.04299e+06
444;0.698119;4.8637;14.4999;6.49341e+07;2.04299e+06
445;0.698119;4.42159;13.1832;6.49341e+07;2.04299e+06
446;0.698119;4.01967;11.986;6.49341e+07;2.04299e+06
447;0.698118;3.65428;10.8975;6.49341e+07;2.04299e+06
448;0.698118;3.32211;9.90777;6.49341e+07;2.04299e+06
449;0.698118;3.02013;9.00794;6.49341e+07;2.04299e+06
450;0.698118;2.7456;8.1898;6.49341e+07;2.04299e+06
451;0.698118;2.49602;7.44596;6.49341e+07;2.04299e+06
452;0.698118;2.26913;6.76965;6.49341e+07;2.04299e+06
453;0.698118;2.06287;6.15475;6.49341e+07;2.04299e+06
454;0.698117;1.87536;5.5957;6.49341e+07;2.04299e+06
455;0.698117;1.70489;5.08741;6.49341e+07;2.04299e+06
456;0.698117;1.54991;4.62528;6.49341e+07;2.04299e+06
457;0.698117;1.40902;4.20512;6.49341e+07;2.04299e+06
458;0.698117;1.28094;3.82312;6.49341e+07;2.04299e+06
459;0.698117;1.16451;3.47581;6.49341e+07;2.04299e+06
460;0.698117;1.05865;3.16005;6.49341e+07;2.04299e+06
461;0.698117;0.962421;2.87297;6.49341e+07;2.04299e+06
462;0.698117;0.874937;2.61196;6.49341e+07;2.04299e+06
463;0.698117;0.795406;2.37466;6.49341e+07;2.04299e+06
464;0.698117;0.723103;2.15892;6.49341e+07;2.04299e+06
465;0.698117;0.657373;1.96277;6.49341e+07;2.04299e+06
466;0.698117;0.597618;1.78444;6.49341e+07;2.04299e+06
467;0.698117;0.543295;1.62231;6.49341e+07;2.04299e+06
468;0.698117;0.493909;1.47491;6.49341e+07;2.04299e+06
469;0.698116;0.449013;1.3409;6.49341e+07;2.04299e+06
470;0.698116;0.408198;1.21907;6.49341e+07;2.04299e+06
471;0.698116;0.371092;1.1083;6.49341e+07;2.04299e+06
472;0.698116;0.33736;1.00759;6.49341e+07;2.04299e+06
473;0.698116;0.306694;0.916039;6.49341e+07;2.04299e+06
474;0.698116;0.278816;0.832802;6.49341e+07;2.04299e+06
475;0.698116;0.253471;0.757127;6.49341e+07;2.04299e+06
476;0.698116;0.230431;0.688328;6.49341e+07;2.043e+06
477;0.698116;0.209485;0.62578;6.49341e+07;2.043e+06
478;0.698116;0.190443;0.568915;6.49341e+07;2.043e+06
479;0.698116;0.173131;0.517217;6.49341e+07;2.043e+06
480;0.698116;0.157394;0.470216;6.49341e+07;2.043e+06
