230;2.11927e+06;1.7647;0.8787;0.1176;0.0037
231;2.11927e+06;3.15493;0.932525;0.220935;0.00695119
232;2.11927e+06;4.51377;1.10619;0.3306;0.0104015
233;2.11927e+06;6.05556;1.38231;0.460688;0.0144944
234;2.11927e+06;7.94447;1.76509;0.623248;0.019609
235;2.11926e+06;10.3372;2.27314;0.830823;0.0261398
236;2.11926e+06;13.4089;2.93705;1.09814;0.0345504
237;2.11925e+06;17.373;3.79966;1.44354;0.0454175
238;2.11925e+06;22.499;4.91796;1.89038;0.0594763
239;2.11924e+06;29.1324;6.36657;2.46873;0.0776727
240;2.11923e+06;37.7192;8.24245;3.21744;0.101229
241;2.11921e+06;48.8356;10.6713;4.18675;0.131726
242;2.11919e+06;63.2276;13.816;5.4417;0.17121
243;2.11917e+06;81.8604;17.8875;7.06647;0.222329
244;2.11914e+06;105.984;23.1589;9.17004;0.288513
245;2.1191e+06;137.216;29.9837;11.8935;0.374201
246;2.11904e+06;177.651;38.8196;15.4196;0.485141
247;2.11898e+06;230;50.2592;19.9848;0.628773
248;2.11889e+06;297.772;65.0697;25.8953;0.814732
249;2.11877e+06;385.512;84.2442;33.5475;1.05549
250;2.11862e+06;499.1;109.068;43.4546;1.36719
251;2.11843e+06;646.146;141.207;56.281;1.77075
252;2.11818e+06;836.499;182.813;72.8869;2.29321
253;2.11786e+06;1082.9;236.675;94.3857;2.96962
254;2.11744e+06;1401.85;306.403;122.219;3.84532
255;2.1169e+06;1814.66;396.664;158.252;4.97901
256;2.1162e+06;2348.92;513.502;204.899;6.44667
257;2.1153e+06;3040.27;664.731;265.287;8.34662
258;2.11413e+06;3934.76;860.459;343.46;10.8061
259;2.11261e+06;5091.86;1113.76;444.65;13.9898
260;2.11065e+06;6588.28;1441.51;575.627;18.1107
261;2.10812e+06;8522.89;1865.53;745.148;23.4443
262;2.10484e+06;11023;2413.97;964.534;30.3467
263;2.10061e+06;14251.9;3123.14;1248.42;39.2784
264;2.09515e+06;18419.4;4039.81;1615.7;50.8341
265;2.0881e+06;23793.1;5224.1;2090.78;65.7813
266;2.07902e+06;30713.9;6753.21;2705.13;85.1105
267;2.06733e+06;39613.4;8725.94;3499.31;110.097
268;2.05231e+06;51034.5;11268.3;4525.48;142.383
269;2.03305e+06;65653.5;14540.5;5850.64;184.076
270;2.00843e+06;84303.3;18744.7;7560.61;237.876
271;1.97708e+06;107992;24134.1;9764.98;307.231
272;1.93734e+06;137913;31023.1;12603.1;396.528
273;1.88728e+06;175432;39796.3;16251.5;511.313
274;1.82473e+06;222041;50915.8;20931.5;658.559
275;1.74734e+06;279244;64923.2;26919.2;846.948
276;1.65284e+06;348361;82431.3;34554.2;1087.16
277;1.53933e+06;430203;104098;44248.1;1392.16
278;1.40582e+06;524617;130577;56490.1;1777.32
279;1.25283e+06;629910;162425;71845.9;2260.46
280;1.08321e+06;742277;199982;90947.1;2861.43
281;902587;855426;243197;114465;3601.37
282;719496;960758;291456;143065;4501.2
283;544510;1.04841e+06;343435;177340;5579.58
284;388384;1.10924e+06;397077;217728;6850.29
285;259553;1.13724e+06;449741;264424;8319.48
286;161969;1.13145e+06;498562;317314;9983.52
287;94410.5;1.09616e+06;540935;375945;11828.2
288;51646.8;1.03928e+06;574961;439559;13829.7
289;26758;969698;599688;507174;15957
290;13295;895016;615092;577698;18175.9
291;6426.73;820527;621838;650032;20451.7
292;3066.59;749301;620995;723161;22752.5
293;1463.68;682793;613780;796190;25050.2
294;706.669;621484;601394;868370;27321.2
295;348.17;565350;584938;939094;29546.3
296;176.19;514131;565375;1.00788e+06;31710.6
297;91.9841;467481;543530;1.07437e+06;33802.5
298;49.6786;425029;520094;1.13829e+06;35813.5
299;27.7944;386416;495641;1.19945e+06;37737.9
300;16.1154;351302;470645;1.25774e+06;39571.8
301;9.67966;319375;445489;1.31309e+06;41313.2
302;6.01761;290348;420483;1.36548e+06;42961.5
303;3.86709;263957;395871;1.41493e+06;44517.2
304;2.56501;239965;371845;1.46148e+06;45982
305;1.7532;218153;348553;1.50521e+06;47357.8
306;1.23273;198323;326104;1.5462e+06;48647.4
307;0.890135;180296;304575;1.58455e+06;49854
308;0.658947;163907;284019;1.62037e+06;50981
309;0.499267;149008;264467;1.65377e+06;52031.8
310;0.386554;135464;245932;1.68487e+06;53010.4
311;0.305364;123150;228414;1.71379e+06;53920.3
312;0.245769;111956;211902;1.74065e+06;54765.4
313;0.201254;101779;196375;1.76557e+06;55549.5
314;0.16746;92527.4;181806;1.78867e+06;56276.1
315;0.141417;84116.7;168164;1.81005e+06;56948.7
316;0.121068;76470.5;155412;1.82982e+06;57570.9
317;0.104964;69519.3;143512;1.8481e+06;58146
318;0.0920668;63200;132423;1.86498e+06;58677
319;0.0816259;57455.2;122105;1.88055e+06;59166.9
320;0.0730884;52232.5;112516;1.89491e+06;59618.7
321;0.0660426;47484.6;103616;1.90814e+06;60035
322;0.0601784;43168.2;95363.7;1.92033e+06;60418.4
323;0.0552596;39244.2;87720.1;1.93154e+06;60771.3
324;0.0511041;35676.9;80646.9;1.94186e+06;61095.8
325;0.0475705;32433.9;74107.5;1.95134e+06;61394.2
326;0.0445475;29485.7;68066.5;1.96006e+06;61668.4
327;0.041947;26805.4;62490.3;1.96806e+06;61920.3
328;0.0396986;24368.8;57346.8;1.97541e+06;62151.5
329;0.0377457;22153.7;52605.8;1.98215e+06;62363.7
330;0.0360422;20139.9;48238.5;1.98834e+06;62558.3
331;0.0345505;18309.2;44217.9;1.99401e+06;62736.8
332;0.0332395;16644.9;40518.5;1.99921e+06;62900.4
333;0.0320838;15131.9;37116.7;2.00398e+06;63050.3
334;0.0310618;13756.4;33989.9;2.00834e+06;63187.6
335;0.0301556;12505.9;31117.4;2.01234e+06;63313.4
336;0.0293502;11369.2;28479.6;2.016e+06;63428.5
337;0.0286327;10335.7;26058.5;2.01935e+06;63533.9
338;0.0279923;9396.18;23837.1;2.02241e+06;63630.3
339;0.0274195;8542.07;21799.8;2.02522e+06;63718.5
340;0.0269063;7765.6;19932;2.02778e+06;63799.2
341;0.0264459;7059.7;18220.1;2.03012e+06;63872.9
342;0.0260322;6417.98;16651.7;2.03227e+06;63940.3
343;0.02566;5834.58;15215.3;2.03422e+06;64002
344;0.0253248;5304.22;13900;2.03601e+06;64058.2
345;0.0250226;4822.07;12696.1;2.03765e+06;64109.7
346;0.0247498;4383.74;11594.4;2.03914e+06;64156.7
347;0.0245034;3985.26;10586.5;2.0405e+06;64199.6
348;0.0242806;3623;9664.59;2.04175e+06;64238.7
349;0.0240791;3293.67;8821.61;2.04289e+06;64274.5
350;0.0238967;2994.27;8050.94;2.04392e+06;64307.1
351;0.0237315;2722.1;7346.54;2.04487e+06;64336.9
352;0.0235818;2474.66;6702.85;2.04573e+06;64364.1
353;0.0234461;2249.71;6114.74;2.04652e+06;64388.9
354;0.023323;2045.21;5577.52;2.04724e+06;64411.5
355;0.0232112;1859.3;5086.87;2.0479e+06;64432.2
356;0.0231098;1690.29;4638.85;2.0485e+06;64451
357;0.0230178;1536.64;4229.8;2.04904e+06;64468.1
358;0.0229342;1396.96;3856.41;2.04954e+06;64483.8
359;0.0228582;1269.98;3515.61;2.04999e+06;64498.1
360;0.0227892;1154.54;3204.61;2.05041e+06;64511.1
361;0.0227265;1049.59;2920.84;2.05078e+06;64522.9
362;0.0226695;954.183;2661.95;2.05113e+06;64533.7
363;0.0226176;867.448;2425.79;2.05144e+06;64543.6
364;0.0225705;788.597;2210.39;2.05172e+06;64552.6
365;0.0225277;716.914;2013.95;2.05198e+06;64560.7
366;0.0224887;651.746;1834.83;2.05222e+06;64568.2
367;0.0224533;592.503;1671.51;2.05244e+06;64575
368;0.022421;538.644;1522.61;2.05263e+06;64581.2
369;0.0223917;489.681;1386.88;2.05281e+06;64586.8
370;0.0223651;445.169;1263.17;2.05298e+06;64591.9
371;0.0223408;404.704;1150.41;2.05312e+06;64596.6
372;0.0223187;367.916;1047.65;2.05326e+06;64600.9
373;0.0222986;334.472;954.016;2.05338e+06;64604.7
374;0.0222804;304.069;868.697;2.05349e+06;64608.3
375;0.0222637;276.429;790.964;2.0536e+06;64611.5
376;0.0222486;251.302;720.148;2.05369e+06;64614.4
377;0.0222349;228.458;655.637;2.05377e+06;64617.1
378;0.0222223;207.692;596.875;2.05385e+06;64619.5
379;0.0222109;188.812;543.353;2.05392e+06;64621.7
380;0.0222006;171.649;494.608;2.05399e+06;64623.7
381;0.0221911;156.046;450.215;2.05404e+06;64625.5
382;0.0221826;141.862;409.788;2.0541e+06;64627.2
383;0.0221748;128.967;372.976;2.05415e+06;64628.7
384;0.0221677;117.244;339.457;2.05419e+06;64630.1
385;0.0221612;106.586;308.938;2.05423e+06;64631.4
386;0.0221553;96.8974;281.153;2.05427e+06;64632.5
387;0.02215;88.0895;255.857;2.0543e+06;64633.5
388;0.0221451;80.0821;232.829;2.05433e+06;64634.5
389;0.0221407;72.8027;211.866;2.05436e+06;64635.3
390;0.0221366;66.1849;192.785;2.05438e+06;64636.1
391;0.022133;60.1687;175.416;2.0544e+06;64636.8
392;0.0221296;54.6994;159.607;2.05442e+06;64637.5
393;0.0221266;49.7272;145.219;2.05444e+06;64638.1
394;0.0221238;45.207;132.124;2.05446e+06;64638.6
395;0.0221213;41.0977;120.207;2.05448e+06;64639.1
396;0.0221191;37.3619;109.362;2.05449e+06;64639.6
397;0.022117;33.9657;99.4923;2.0545e+06;64640
398;0.0221151;30.8782;90.5113;2.05451e+06;64640.3
399;0.0221134;28.0714;82.3391;2.05452e+06;64640.7
400;0.0221118;25.5197;74.9031;2.05453e+06;64641
401;0.0221104;23.2;68.1371;2.05454e+06;64641.2
402;0.0221091;21.0911;61.9809;2.05455e+06;64641.5
403;0.0221079;19.1739;56.3798;2.05456e+06;64641.7
404;0.0221068;17.431;51.2839;2.05457e+06;64641.9
405;0.0221059;15.8465;46.6476;2.05457e+06;64642.1
406;0.022105;14.4061;42.4297;2.05458e+06;64642.3
407;0.0221042;13.0966;38.5925;2.05458e+06;64642.5
408;0.0221034;11.9061;35.1017;2.05459e+06;64642.6
409;0.0221028;10.8238;31.9261;2.05459e+06;64642.7
410;0.0221022;9.83995;29.0374;2.05459e+06;64642.8
411;0.0221016;8.9455;26.4096;2.0546e+06;64643
412;0.0221011;8.13235;24.0193;2.0546e+06;64643.1
413;0.0221007;7.39312;21.845;2.0546e+06;64643.1
414;0.0221002;6.72109;19.8672;2.05461e+06;64643.2
415;0.0220999;6.11014;18.0683;2.05461e+06;64643.3
416;0.0220995;5.55473;16.432;2.05461e+06;64643.4
417;0.0220992;5.0498;14.9437;2.05461e+06;64643.4
418;0.0220989;4.59078;13.5901;2.05461e+06;64643.5
419;0.0220987;4.17348;12.3589;2.05462e+06;64643.5
420;0.0220984;3.79411;11.2391;2.05462e+06;64643.6
421;0.0220982;3.44922;10.2207;2.05462e+06;64643.6
422;0.022098;3.13569;9.29447;2.05462e+06;64643.7
423;0.0220979;2.85065;8.45208;2.05462e+06;64643.7
424;0.0220977;2.59153;7.68597;2.05462e+06;64643.7
425;0.0220975;2.35596;6.98923;2.05462e+06;64643.7
426;0.0220974;2.1418;6.35559;2.05462e+06;64643.8
427;0.0220973;1.94711;5.77935;2.05462e+06;64643.8
428;0.0220972;1.77012;5.25531;2.05463e+06;64643.8
429;0.0220971;1.60922;4.77874;2.05463e+06;64643.8
430;0.022097;1.46294;4.34536;2.05463e+06;64643.9
431;0.0220969;1.32996;3.95125;2.05463e+06;64643.9
432;0.0220968;1.20907;3.59286;2.05463e+06;64643.9
433;0.0220968;1.09916;3.26695;2.05463e+06;64643.9
434;0.0220967;0.999248;2.97058;2.05463e+06;64643.9
435;0.0220967;0.908416;2.70108;2.05463e+06;64643.9
436;0.0220966;0.825841;2.45601;2.05463e+06;64643.9
437;0.0220966;0.750772;2.23317;2.05463e+06;64643.9
438;0.0220965;0.682527;2.03053;2.05463e+06;64643.9
439;0.0220965;0.620485;1.84627;2.05463e+06;64644
440;0.0220964;0.564083;1.67872;2.05463e+06;64644
441;0.0220964;0.512808;1.52636;2.05463e+06;64644
442;0.0220964;0.466194;1.38783;2.05463e+06;64644
443;0.0220963;0.423817;1.26186;2.05463e+06;64644
444;0.0220963;0.385292;1.14733;2.05463e+06;64644
445;0.0220963;0.350269;1.04318;2.05463e+06;64644
446;0.0220963;0.31843;0.94848;2.05463e+06;64644
447;0.0220963;0.289484;0.862374;2.05463e+06;64644
448;0.0220962;0.26317;0.784082;2.05463e+06;64644
449;0.0220962;0.239248;0.712895;2.05463e+06;64644
450;0.0220962;0.2175;0.648169;2.05463e+06;64644
451;0.0220962;0.19773;0.589317;2.05463e+06;64644
452;0.0220962;0.179756;0.535806;2.05463e+06;64644
453;0.0220962;0.163416;0.487153;2.05463e+06;64644
