172;2.2801e+06;1.7647;0.8787;0.1176;0.0037
173;2.2801e+06;3.15493;0.932525;0.220935;0.00695119
174;2.2801e+06;4.51377;1.10619;0.3306;0.0104015
175;2.2801e+06;6.05556;1.38231;0.460688;0.0144944
176;2.28009e+06;7.94447;1.76509;0.623248;0.019609
177;2.28009e+06;10.3372;2.27314;0.830823;0.0261398
178;2.28009e+06;13.4089;2.93705;1.09814;0.0345504
179;2.28008e+06;17.373;3.79966;1.44354;0.0454175
180;2.28007e+06;22.499;4.91797;1.89038;0.0594763
181;2.28006e+06;29.1325;6.36657;2.46873;0.0776727
182;2.28005e+06;37.7192;8.24245;3.21744;0.101229
183;2.28004e+06;48.8357;10.6713;4.18675;0.131726
184;2.28002e+06;63.2277;13.8161;5.4417;0.17121
185;2.28e+06;81.8606;17.8876;7.06647;0.222329
186;2.27996e+06;105.984;23.1589;9.17005;0.288513
187;2.27992e+06;137.216;29.9837;11.8935;0.374201
188;2.27987e+06;177.651;38.8197;15.4196;0.485141
189;2.2798e+06;230.001;50.2593;19.9848;0.628774
190;2.27971e+06;297.775;65.07;25.8953;0.814733
191;2.2796e+06;385.517;84.2447;33.5475;1.05549
192;2.27945e+06;499.107;109.069;43.4547;1.3672
193;2.27926e+06;646.158;141.208;56.2813;1.77075
194;2.27901e+06;836.52;182.815;72.8873;2.29322
195;2.27869e+06;1082.94;236.679;94.3864;2.96964
196;2.27827e+06;1401.91;306.409;122.22;3.84535
197;2.27773e+06;1814.76;396.675;158.254;4.97907
198;2.27703e+06;2349.08;513.52;204.903;6.44677
199;2.27612e+06;3040.54;664.762;265.293;8.34679
200;2.27495e+06;3935.22;860.512;343.469;10.8064
201;2.27344e+06;5092.62;1113.84;444.665;13.9903
202;2.27148e+06;6589.57;1441.65;575.653;18.1115
203;2.26894e+06;8525.05;1865.77;745.191;23.4456
204;2.26567e+06;11026.6;2414.38;964.606;30.349
205;2.26143e+06;14258;3123.83;1248.54;39.2822
206;2.25597e+06;18429.5;4040.96;1615.9;50.8404
207;2.24891e+06;23810;5226.03;2091.12;65.7919
208;2.23981e+06;30742.1;6756.44;2705.7;85.1283
209;2.2281e+06;39660.4;8731.34;3500.26;110.127
210;2.21304e+06;51112.7;11277.4;4527.06;142.433
211;2.19373e+06;65783.6;14555.6;5853.28;184.159
212;2.16901e+06;84518.9;18769.7;7565.01;238.015
213;2.1375e+06;108348;24175.7;9772.33;307.463
214;2.0975e+06;138499;31092.1;12615.4;396.913
215;2.04702e+06;176392;39910.2;16271.8;511.954
216;1.98377e+06;223602;51103.1;20965.3;659.621
217;1.90529e+06;281760;65229.7;26975;848.703
218;1.80907e+06;352372;82929.3;34646;1090.05
219;1.6929e+06;436508;104901;44398.5;1396.89
220;1.55537e+06;534357;131855;56734.8;1785.02
221;1.39652e+06;644632;164434;72240.9;2272.89
222;1.21862e+06;763939;203085;91578.3;2881.29
223;1.02684e+06;886280;247893;115461;3632.71
224;829517;1.00304e+06;298386;144613;4549.91
225;637568;1.10381e+06;353368;179704;5653.94
226;462767;1.17827e+06;410841;221260;6961.4
227;315170;1.21877e+06;468111;269575;8481.51
228;200559;1.22259e+06;522115;324624;10213.5
229;119150;1.19287e+06;569916;386025;12145.3
230;66313.3;1.13727e+06;609217;453047;14254
231;34849.7;1.06536e+06;638697;524691;16508.1
232;17497.2;985869;658064;599802;18871.3
233;8511.35;905239;667856;677190;21306.2
234;4070.45;827394;669131;755730;23777.2
235;1940.26;754314;663176;834420;26253
236;932.794;686754;651299;912409;28706.8
237;456.603;624805;634722;989002;31116.6
238;229.197;568237;614525;1.06365e+06;33465
239;118.565;516695;591636;1.13591e+06;35738.8
240;63.4099;469783;566838;1.20549e+06;37927.8
241;35.1212;427108;540784;1.27215e+06;40025.1
242;20.159;388299;514011;1.33575e+06;42026
243;11.9888;353010;486958;1.39619e+06;43927.9
244;7.3817;320926;459978;1.45346e+06;45729.6
245;4.70004;291757;433355;1.50755e+06;47431.5
246;3.09019;265238;407310;1.55852e+06;49034.9
247;2.09464;241129;382013;1.60642e+06;50542
248;1.4613;219211;357594;1.65134e+06;51955.4
249;1.04744;199285;334144;1.69339e+06;53278.5
250;0.770085;181170;311727;1.73269e+06;54514.9
251;0.579743;164702;290383;1.76935e+06;55668.3
252;0.44619;149731;270131;1.8035e+06;56742.7
253;0.350526;136120;250975;1.83526e+06;57742.2
254;0.280671;123747;232905;1.86478e+06;58670.8
255;0.228742;112498;215902;1.89217e+06;59532.5
256;0.189495;102272;199939;1.91756e+06;60331.4
257;0.159375;92975.8;184983;1.94107e+06;61071.1
258;0.13593;84524.4;170996;1.96283e+06;61755.6
259;0.11744;76841.1;157938;1.98293e+06;62388.3
260;0.102681;69856.3;145765;2.00151e+06;62972.6
261;0.0907682;63506.4;134433;2.01865e+06;63512
262;0.0810538;57733.6;123899;2.03446e+06;64009.4
263;0.0730569;52485.7;114118;2.04903e+06;64467.8
264;0.0664167;47714.7;105047;2.06245e+06;64890
265;0.0608589;43377.5;96641.8;2.0748e+06;65278.7
266;0.0561727;39434.4;88862.2;2.08617e+06;65636.3
267;0.052195;35849.9;81667.8;2.09662e+06;65965.1
268;0.0487977;32591.1;75020.2;2.10622e+06;66267.2
269;0.0458796;29628.6;68882.8;2.11505e+06;66544.8
270;0.0433602;26935.3;63220.6;2.12315e+06;66799.7
271;0.0411746;24486.9;58000.3;2.13058e+06;67033.6
272;0.0392703;22261.1;53190.7;2.1374e+06;67248.2
273;0.0376045;20237.5;48762.2;2.14366e+06;67445
274;0.0361421;18397.9;44687;2.14939e+06;67625.4
275;0.0348539;16725.6;40938.8;2.15465e+06;67790.8
276;0.0337158;15205.2;37493.3;2.15946e+06;67942.2
277;0.0327074;13823.1;34327.5;2.16387e+06;68081
278;0.0318117;12566.6;31420.1;2.16791e+06;68208
279;0.0310143;11424.3;28751.1;2.1716e+06;68324.2
280;0.0303028;10385.8;26302.1;2.17498e+06;68430.6
281;0.0296669;9441.72;24055.7;2.17808e+06;68527.9
282;0.0290974;8583.47;21996;2.18091e+06;68616.9
283;0.0285867;7803.23;20108.1;2.18349e+06;68698.3
284;0.028128;7093.92;18378.3;2.18586e+06;68772.7
285;0.0277155;6449.08;16793.9;2.18802e+06;68840.7
286;0.027344;5862.86;15343;2.18999e+06;68902.8
287;0.0270092;5329.93;14014.8;2.1918e+06;68959.6
288;0.0267071;4845.44;12799.3;2.19345e+06;69011.5
289;0.0264343;4404.99;11687.2;2.19495e+06;69058.8
290;0.0261877;4004.57;10670;2.19633e+06;69102.1
291;0.0259647;3640.56;9739.72;2.19758e+06;69141.6
292;0.0257629;3309.63;8889.21;2.19873e+06;69177.6
293;0.0255801;3008.79;8111.8;2.19977e+06;69210.5
294;0.0254145;2735.29;7401.34;2.20072e+06;69240.5
295;0.0252643;2486.65;6752.19;2.2016e+06;69267.9
296;0.0251282;2260.61;6159.19;2.20239e+06;69292.9
297;0.0250046;2055.12;5617.57;2.20311e+06;69315.7
298;0.0248925;1868.31;5122.97;2.20377e+06;69336.4
299;0.0247907;1698.48;4671.38;2.20438e+06;69355.4
300;0.0246983;1544.09;4259.14;2.20493e+06;69372.7
301;0.0246143;1403.73;3882.86;2.20543e+06;69388.4
302;0.024538;1276.13;3539.47;2.20588e+06;69402.8
303;0.0244687;1160.13;3226.13;2.2063e+06;69415.9
304;0.0244057;1054.68;2940.26;2.20668e+06;69427.8
305;0.0243484;958.808;2679.47;2.20702e+06;69438.7
306;0.0242963;871.652;2441.61;2.20734e+06;69448.6
307;0.024249;792.419;2224.68;2.20763e+06;69457.7
308;0.0242059;720.388;2026.85;2.20789e+06;69465.9
309;0.0241668;654.905;1846.48;2.20813e+06;69473.4
310;0.0241311;595.374;1682.03;2.20834e+06;69480.2
311;0.0240987;541.255;1532.12;2.20854e+06;69486.4
312;0.0240693;492.055;1395.48;2.20872e+06;69492.1
313;0.0240425;447.327;1270.93;2.20889e+06;69497.3
314;0.0240181;406.665;1157.43;2.20904e+06;69502
315;0.0239959;369.699;1054;2.20917e+06;69506.3
316;0.0239757;336.094;959.755;2.2093e+06;69510.2
317;0.0239573;305.543;873.888;2.20941e+06;69513.7
318;0.0239406;277.769;795.659;2.20951e+06;69516.9
319;0.0239254;252.52;724.395;2.20961e+06;69519.9
320;0.0239116;229.566;659.48;2.20969e+06;69522.6
321;0.023899;208.698;600.352;2.20977e+06;69525
322;0.0238875;189.727;546.5;2.20984e+06;69527.2
323;0.0238771;172.481;497.456;2.2099e+06;69529.3
324;0.0238676;156.803;452.793;2.20996e+06;69531.1
325;0.023859;142.549;412.123;2.21001e+06;69532.8
326;0.0238511;129.592;375.09;2.21006e+06;69534.3
327;0.023844;117.812;341.371;2.21011e+06;69535.7
328;0.0238375;107.103;310.672;2.21015e+06;69536.9
329;0.0238316;97.367;282.723;2.21018e+06;69538.1
330;0.0238262;88.5164;257.28;2.21022e+06;69539.1
331;0.0238213;80.4703;234.118;2.21025e+06;69540.1
332;0.0238169;73.1555;213.034;2.21027e+06;69541
333;0.0238128;66.5057;193.843;2.2103e+06;69541.7
334;0.0238091;60.4603;176.375;2.21032e+06;69542.5
335;0.0238058;54.9645;160.477;2.21034e+06;69543.1
336;0.0238027;49.9682;146.007;2.21036e+06;69543.7
337;0.0237999;45.4261;132.838;2.21038e+06;69544.3
338;0.0237974;41.2969;120.854;2.2104e+06;69544.7
339;0.0237951;37.543;109.949;2.21041e+06;69545.2
340;0.023793;34.1303;100.025;2.21042e+06;69545.6
341;0.0237911;31.0279;90.994;2.21043e+06;69546
342;0.0237894;28.2075;82.7769;2.21044e+06;69546.3
343;0.0237878;25.6434;75.3001;2.21045e+06;69546.6
344;0.0237864;23.3124;68.4972;2.21046e+06;69546.9
345;0.0237851;21.1933;62.3076;2.21047e+06;69547.1
346;0.0237839;19.2668;56.6761;2.21048e+06;69547.4
347;0.0237829;17.5155;51.5527;2.21049e+06;69547.6
348;0.0237819;15.9233;46.8915;2.21049e+06;69547.8
349;0.023781;14.4759;42.651;2.2105e+06;69547.9
350;0.0237802;13.16;38.7933;2.2105e+06;69548.1
351;0.0237794;11.9638;35.2839;2.21051e+06;69548.2
352;0.0237788;10.8763;32.0915;2.21051e+06;69548.4
353;0.0237782;9.88764;29.1874;2.21051e+06;69548.5
354;0.0237776;8.98885;26.5458;2.21052e+06;69548.6
355;0.0237771;8.17176;24.1429;2.21052e+06;69548.7
356;0.0237766;7.42895;21.9572;2.21052e+06;69548.8
357;0.0237762;6.75366;19.969;2.21053e+06;69548.9
358;0.0237758;6.13975;18.1607;2.21053e+06;69548.9
359;0.0237755;5.58165;16.5159;2.21053e+06;69549
360;0.0237752;5.07428;15.0199;2.21053e+06;69549.1
361;0.0237749;4.61303;13.6592;2.21053e+06;69549.1
362;0.0237746;4.1937;12.4217;2.21054e+06;69549.2
363;0.0237744;3.81249;11.2962;2.21054e+06;69549.2
364;0.0237742;3.46594;10.2725;2.21054e+06;69549.3
365;0.023774;3.15089;9.34149;2.21054e+06;69549.3
366;0.0237738;2.86447;8.49478;2.21054e+06;69549.3
367;0.0237737;2.60409;7.72475;2.21054e+06;69549.4
368;0.0237735;2.36738;7.02445;2.21054e+06;69549.4
369;0.0237734;2.15218;6.38757;2.21054e+06;69549.4
370;0.0237733;1.95655;5.8084;2.21054e+06;69549.5
371;0.0237731;1.7787;5.28169;2.21055e+06;69549.5
372;0.023773;1.61702;4.8027;2.21055e+06;69549.5
373;0.023773;1.47003;4.36712;2.21055e+06;69549.5
374;0.0237729;1.3364;3.97102;2.21055e+06;69549.5
375;0.0237728;1.21493;3.61081;2.21055e+06;69549.5
376;0.0237727;1.10449;3.28326;2.21055e+06;69549.6
377;0.0237727;1.00409;2.98539;2.21055e+06;69549.6
378;0.0237726;0.912819;2.71454;2.21055e+06;69549.6
379;0.0237726;0.829844;2.46824;2.21055e+06;69549.6
380;0.0237725;0.754411;2.24428;2.21055e+06;69549.6
381;0.0237725;0.685835;2.04062;2.21055e+06;69549.6
382;0.0237724;0.623493;1.85544;2.21055e+06;69549.6
383;0.0237724;0.566817;1.68705;2.21055e+06;69549.6
384;0.0237724;0.515293;1.53393;2.21055e+06;69549.6
385;0.0237723;0.468453;1.39471;2.21055e+06;69549.6
386;0.0237723;0.425871;1.26811;2.21055e+06;69549.6
387;0.0237723;0.387159;1.153;2.21055e+06;69549.6
388;0.0237723;0.351967;1.04833;2.21055e+06;69549.6
389;0.0237722;0.319973;0.953165;2.21055e+06;69549.7
390;0.0237722;0.290887;0.866632;2.21055e+06;69549.7
391;0.0237722;0.264446;0.787951;2.21055e+06;69549.7
392;0.0237722;0.240408;0.716411;2.21055e+06;69549.7
393;0.0237722;0.218555;0.651363;2.21055e+06;69549.7
394;0.0237722;0.198688;0.592219;2.21055e+06;69549.7
395;0.0237722;0.180627;0.538444;2.21055e+06;69549.7
396;0.0237721;0.164208;0.48955;2.21055e+06;69549.7
