208;3.72655e+06;1.7647;0.8787;0.1176;0.0037
209;3.72655e+06;3.15493;0.932525;0.220935;0.00695119
210;3.72654e+06;4.51377;1.10619;0.3306;0.0104015
211;3.72654e+06;6.05557;1.38231;0.460688;0.0144944
212;3.72654e+06;7.94448;1.76509;0.623248;0.019609
213;3.72654e+06;10.3372;2.27314;0.830823;0.0261398
214;3.72653e+06;13.4089;2.93705;1.09814;0.0345504
215;3.72653e+06;17.373;3.79966;1.44354;0.0454175
216;3.72652e+06;22.4991;4.91797;1.89038;0.0594763
217;3.72651e+06;29.1326;6.36659;2.46874;0.0776728
218;3.7265e+06;37.7194;8.24247;3.21745;0.101229
219;3.72649e+06;48.836;10.6714;4.18676;0.131726
220;3.72647e+06;63.2282;13.8161;5.44171;0.17121
221;3.72644e+06;81.8616;17.8877;7.06649;0.22233
222;3.72641e+06;105.986;23.1591;9.17008;0.288514
223;3.72637e+06;137.219;29.984;11.8936;0.374203
224;3.72632e+06;177.656;38.8202;15.4197;0.485144
225;3.72625e+06;230.009;50.2602;19.985;0.628778
226;3.72616e+06;297.788;65.0715;25.8956;0.814741
227;3.72605e+06;385.539;84.2472;33.548;1.05551
228;3.7259e+06;499.144;109.074;43.4554;1.36722
229;3.7257e+06;646.221;141.215;56.2825;1.77079
230;3.72546e+06;836.625;182.827;72.8894;2.29329
231;3.72513e+06;1083.12;236.699;94.3899;2.96975
232;3.72472e+06;1402.21;306.443;122.226;3.84554
233;3.72417e+06;1815.26;396.732;158.263;4.97938
234;3.72348e+06;2349.92;513.616;204.919;6.44729
235;3.72257e+06;3041.94;664.922;265.32;8.34766
236;3.7214e+06;3937.56;860.779;343.515;10.8079
237;3.71988e+06;5096.56;1114.29;444.743;13.9928
238;3.71792e+06;6596.16;1442.4;575.783;18.1156
239;3.71538e+06;8536.09;1867.03;745.41;23.4525
240;3.71209e+06;11045;2416.49;964.973;30.3605
241;3.70785e+06;14288.9;3127.37;1249.15;39.3016
242;3.70235e+06;18481.3;4046.88;1616.93;50.8728
243;3.69526e+06;23896.6;5235.94;2092.84;65.8463
244;3.6861e+06;30886.8;6773.02;2708.59;85.2193
245;3.67427e+06;39902;8759.06;3505.1;110.279
246;3.65903e+06;51515.6;11323.7;4535.16;142.688
247;3.63941e+06;66454.4;14632.9;5866.83;184.586
248;3.61419e+06;85633.7;18898.6;7587.65;238.727
249;3.58184e+06;110196;24390.3;9810.13;308.652
250;3.54047e+06;141553;31448.6;12678.4;398.896
251;3.48774e+06;181418;40501.1;16376.8;515.256
252;3.42084e+06;231828;52079.2;21139.7;665.11
253;3.33646e+06;295134;66835.1;27264.2;857.803
254;3.23084e+06;373928;85555.7;35124;1105.09
255;3.0999e+06;470873;109168;45185.4;1421.65
256;2.93959e+06;588384;138728;58023.5;1825.57
257;2.74638e+06;728109;175385;74338;2338.86
258;2.51814e+06;890161;220295;94963.2;2987.79
259;2.25524e+06;1.07215e+06;274489;120870;3802.88
260;1.9618e+06;1.26813e+06;338652;153150;4818.49
261;1.64678e+06;1.46787e+06;412847;192975;6071.5
262;1.32431e+06;1.65692e+06;496198;241526;7599.04
263;1.0125e+06;1.81812e+06;586623;299879;9434.97
264;730518;1.93483e+06;680733;368866;11605.5
265;494294;1.99518e+06;774036;448920;14124.2
266;312426;1.99568e+06;861507;539947;16988.1
267;184384;1.94232e+06;938414;641260;20175.7
268;102001;1.84814e+06;1.00114e+06;751617;23647.8
269;53335.1;1.72881e+06;1.0477e+06;869352;27352
270;26678.2;1.59832e+06;1.07776e+06;992561;31228.5
271;12947.4;1.46676e+06;1.09232e+06;1.11931e+06;35216.2
272;6186.32;1.3402e+06;1.09315e+06;1.24776e+06;39257.8
273;2949.85;1.22161e+06;1.08237e+06;1.37632e+06;43302.5
274;1420.12;1.11209e+06;1.06212e+06;1.5036e+06;47307.2
275;696.669;1.01173e+06;1.03438e+06;1.62851e+06;51237.1
276;350.666;920108;1.00087e+06;1.75015e+06;55064.3
277;181.972;836639;963106;1.86785e+06;58767.5
278;97.6498;760673;922332;1.98112e+06;62331
279;54.2743;691571;879598;2.08958e+06;65743.7
280;31.2615;628730;835767;2.19302e+06;68998.2
281;18.6556;571591;791540;2.29131e+06;72090.5
282;11.525;519641;747484;2.38439e+06;75019.2
283;7.36173;472410;704049;2.4723e+06;77784.9
284;4.85502;429470;661590;2.55509e+06;80389.9
285;3.30045;390433;620378;2.6329e+06;82837.8
286;2.30881;354944;580617;2.70585e+06;85133.2
287;1.65917;322680;542452;2.77413e+06;87281.5
288;1.22275;293349;505984;2.83793e+06;89288.5
289;0.922578;266684;471274;2.89743e+06;91160.7
290;0.711525;242442;438350;2.95285e+06;92904.4
291;0.560052;220404;407216;3.0044e+06;94526.3
292;0.449244;200370;377855;3.05229e+06;96033
293;0.366734;182156;350235;3.09673e+06;97431
294;0.304278;165598;324310;3.13791e+06;98726.9
295;0.256277;150545;300024;3.17605e+06;99926.9
296;0.218863;136861;277316;3.21134e+06;101037
297;0.189321;124420;256118;3.24395e+06;102063
298;0.165713;113110;236361;3.27407e+06;103011
299;0.146638;102829;217972;3.30186e+06;103885
300;0.131068;93481.7;200879;3.3275e+06;104692
301;0.11824;84984.2;185010;3.35112e+06;105435
302;0.107579;77259.1;170293;3.37288e+06;106119
303;0.0986496;70236.3;156659;3.3929e+06;106750
304;0.0911155;63851.8;144041;3.41133e+06;107329
305;0.0847162;58047.7;132373;3.42827e+06;107862
306;0.0792475;52771.2;121593;3.44383e+06;108352
307;0.0745479;47974.3;111640;3.45813e+06;108802
308;0.0704883;43613.4;102459;3.47126e+06;109215
309;0.066965;39649;93995.5;3.48331e+06;109594
310;0.063894;36044.9;86197.9;3.49437e+06;109942
311;0.0612067;32768.4;79018.6;3.5045e+06;110261
312;0.0588466;29789.7;72412.3;3.51379e+06;110553
313;0.056767;27081.9;66336.6;3.52231e+06;110821
314;0.0549291;24620.1;60751.7;3.53011e+06;111066
315;0.0533004;22382.2;55620.5;3.53726e+06;111291
316;0.0518533;20347.6;50908.2;3.5438e+06;111497
317;0.0505647;18498;46582.7;3.54978e+06;111685
318;0.0494148;16816.6;42613.7;3.55526e+06;111858
319;0.0483868;15287.9;38973.2;3.56027e+06;112015
320;0.0474662;13898.3;35635.5;3.56486e+06;112160
321;0.0466403;12634.9;32576.2;3.56905e+06;112291
322;0.0458985;11486.4;29773.2;3.57288e+06;112412
323;0.0452312;10442.3;27205.9;3.57638e+06;112522
324;0.0446304;9493.08;24855;3.57958e+06;112623
325;0.0440887;8630.16;22703;3.5825e+06;112715
326;0.0435999;7845.68;20733.6;3.58517e+06;112799
327;0.0431585;7132.51;18931.8;3.58761e+06;112875
328;0.0427595;6484.16;17283.7;3.58984e+06;112946
329;0.0423986;5894.75;15776.6;3.59187e+06;113009
330;0.0420719;5358.92;14398.7;3.59372e+06;113068
331;0.0417761;4871.79;13139.3;3.59542e+06;113121
332;0.041508;4428.95;11988.3;3.59696e+06;113170
333;0.041265;4026.36;10936.8;3.59837e+06;113214
334;0.0410446;3660.36;9976.12;3.59966e+06;113255
335;0.0408446;3327.63;9098.74;3.60083e+06;113291
336;0.0406631;3025.15;8297.55;3.6019e+06;113325
337;0.0404983;2750.17;7566.04;3.60288e+06;113356
338;0.0403487;2500.18;6898.27;3.60377e+06;113384
339;0.0402127;2272.91;6288.78;3.60458e+06;113409
340;0.0400892;2066.3;5732.56;3.60532e+06;113433
341;0.039977;1878.48;5225.02;3.60599e+06;113454
342;0.039875;1707.72;4761.98;3.60661e+06;113473
343;0.0397822;1552.49;4339.59;3.60717e+06;113491
344;0.0396979;1411.37;3954.32;3.60768e+06;113507
345;0.0396212;1283.08;3602.95;3.60814e+06;113521
346;0.0395515;1166.44;3282.54;3.60857e+06;113535
347;0.0394881;1060.41;2990.4;3.60895e+06;113547
348;0.0394304;964.023;2724.06;3.6093e+06;113558
349;0.039378;876.394;2481.26;3.60962e+06;113568
350;0.0393302;796.729;2259.95;3.60992e+06;113577
351;0.0392868;724.307;2058.24;3.61018e+06;113586
352;0.0392473;658.467;1874.41;3.61042e+06;113593
353;0.0392114;598.613;1706.9;3.61064e+06;113600
354;0.0391787;544.199;1554.27;3.61084e+06;113607
355;0.039149;494.731;1415.2;3.61103e+06;113612
356;0.0391219;449.76;1288.51;3.61119e+06;113618
357;0.0390973;408.877;1173.1;3.61135e+06;113622
358;0.0390749;371.71;1067.97;3.61148e+06;113627
359;0.0390545;337.922;972.211;3.61161e+06;113631
360;0.039036;307.205;884.999;3.61172e+06;113634
361;0.0390191;279.28;805.574;3.61183e+06;113637
362;0.0390037;253.893;733.244;3.61192e+06;113640
363;0.0389898;230.814;667.38;3.61201e+06;113643
364;0.0389771;209.833;607.408;3.61209e+06;113646
365;0.0389655;190.759;552.803;3.61216e+06;113648
366;0.038955;173.419;503.088;3.61222e+06;113650
367;0.0389454;157.656;457.828;3.61228e+06;113652
368;0.0389367;143.325;416.624;3.61234e+06;113653
369;0.0389288;130.297;379.116;3.61239e+06;113655
370;0.0389216;118.453;344.973;3.61243e+06;113656
371;0.038915;107.685;313.895;3.61247e+06;113658
372;0.038909;97.8967;285.608;3.61251e+06;113659
373;0.0389036;88.9979;259.863;3.61254e+06;113660
374;0.0388987;80.908;236.431;3.61257e+06;113661
375;0.0388942;73.5534;215.107;3.6126e+06;113662
376;0.0388901;66.8674;195.7;3.61262e+06;113663
377;0.0388864;60.7892;178.04;3.61265e+06;113663
378;0.038883;55.2635;161.97;3.61267e+06;113664
379;0.0388799;50.24;147.346;3.61269e+06;113664
380;0.0388771;45.6732;134.04;3.61271e+06;113665
381;0.0388746;41.5215;121.932;3.61272e+06;113666
382;0.0388723;37.7472;110.916;3.61274e+06;113666
383;0.0388702;34.316;100.893;3.61275e+06;113666
384;0.0388682;31.1967;91.7744;3.61276e+06;113667
385;0.0388665;28.3609;83.4779;3.61277e+06;113667
386;0.0388649;25.7829;75.9301;3.61278e+06;113667
387;0.0388635;23.4392;69.0634;3.61279e+06;113668
388;0.0388622;21.3086;62.8166;3.6128e+06;113668
389;0.038861;19.3716;57.1339;3.61281e+06;113668
390;0.0388599;17.6108;51.9645;3.61281e+06;113668
391;0.0388589;16.0099;47.262;3.61282e+06;113669
392;0.038858;14.5546;42.9844;3.61282e+06;113669
393;0.0388572;13.2316;39.0934;3.61283e+06;113669
394;0.0388564;12.0289;35.5542;3.61283e+06;113669
395;0.0388558;10.9354;32.3349;3.61284e+06;113669
396;0.0388552;9.94142;29.4067;3.61284e+06;113669
397;0.0388546;9.03774;26.7433;3.61284e+06;113669
398;0.0388541;8.21621;24.3209;3.61285e+06;113670
399;0.0388536;7.46936;22.1176;3.61285e+06;113670
400;0.0388532;6.7904;20.1137;3.61285e+06;113670
401;0.0388528;6.17315;18.2912;3.61286e+06;113670
402;0.0388525;5.61201;16.6336;3.61286e+06;113670
403;0.0388522;5.10188;15.1261;3.61286e+06;113670
404;0.0388519;4.63812;13.755;3.61286e+06;113670
405;0.0388516;4.21651;12.5082;3.61286e+06;113670
406;0.0388514;3.83323;11.3742;3.61286e+06;113670
407;0.0388512;3.48479;10.3429;3.61287e+06;113670
408;0.038851;3.16802;9.40511;3.61287e+06;113670
409;0.0388508;2.88005;8.55225;3.61287e+06;113670
410;0.0388506;2.61825;7.77666;3.61287e+06;113670
411;0.0388505;2.38026;7.07135;3.61287e+06;113670
412;0.0388503;2.16389;6.42996;3.61287e+06;113670
413;0.0388502;1.96719;5.8467;3.61287e+06;113670
414;0.0388501;1.78838;5.31631;3.61287e+06;113670
415;0.03885;1.62581;4.83401;3.61287e+06;113670
416;0.0388499;1.47803;4.39543;3.61287e+06;113670
417;0.0388498;1.34367;3.99662;3.61287e+06;113670
418;0.0388498;1.22153;3.63397;3.61287e+06;113670
419;0.0388497;1.1105;3.3042;3.61288e+06;113670
420;0.0388496;1.00955;3.00435;3.61288e+06;113670
421;0.0388496;0.917784;2.73169;3.61288e+06;113670
422;0.0388495;0.834357;2.48376;3.61288e+06;113670
423;0.0388495;0.758514;2.25832;3.61288e+06;113670
424;0.0388494;0.689565;2.05334;3.61288e+06;113670
425;0.0388494;0.626884;1.86695;3.61288e+06;113670
426;0.0388494;0.5699;1.69747;3.61288e+06;113670
427;0.0388493;0.518096;1.54337;3.61288e+06;113670
428;0.0388493;0.471001;1.40326;3.61288e+06;113670
429;0.0388493;0.428187;1.27586;3.61288e+06;113670
430;0.0388492;0.389265;1.16002;3.61288e+06;113670
431;0.0388492;0.353881;1.05469;3.61288e+06;113670
432;0.0388492;0.321713;0.958925;3.61288e+06;113670
433;0.0388492;0.29247;0.871851;3.61288e+06;113670
434;0.0388492;0.265884;0.792681;3.61288e+06;113670
435;0.0388491;0.241715;0.720698;3.61288e+06;113670
436;0.0388491;0.219743;0.655249;3.61288e+06;113670
437;0.0388491;0.199769;0.595742;3.61288e+06;113671
438;0.0388491;0.18161;0.541637;3.61288e+06;113671
439;0.0388491;0.165101;0.492445;3.61288e+06;113671
