80;8.29058e+07;1.7647;0.8787;0.1176;0.0037
81;8.29058e+07;3.15493;0.932525;0.220935;0.00695119
82;8.29058e+07;4.51377;1.10619;0.3306;0.0104015
83;8.29058e+07;6.05557;1.38231;0.460688;0.0144944
84;8.29058e+07;7.94449;1.76509;0.623248;0.019609
85;8.29058e+07;10.3372;2.27314;0.830823;0.0261398
86;8.29058e+07;13.4089;2.93706;1.09814;0.0345505
87;8.29058e+07;17.3731;3.79967;1.44354;0.0454176
88;8.29058e+07;22.4992;4.91798;1.89038;0.0594763
89;8.29057e+07;29.1327;6.3666;2.46874;0.0776729
90;8.29057e+07;37.7197;8.2425;3.21745;0.101229
91;8.29057e+07;48.8365;10.6714;4.18677;0.131727
92;8.29057e+07;63.2291;13.8162;5.44173;0.171211
93;8.29057e+07;81.863;17.8878;7.06651;0.222331
94;8.29056e+07;105.988;23.1594;9.17012;0.288516
95;8.29056e+07;137.223;29.9845;11.8937;0.374205
96;8.29056e+07;177.663;38.8209;15.4198;0.485148
97;8.29055e+07;230.021;50.2615;19.9852;0.628785
98;8.29054e+07;297.808;65.0737;25.8959;0.814753
99;8.29053e+07;385.572;84.251;33.5486;1.05553
100;8.29051e+07;499.201;109.08;43.4565;1.36725
101;8.29049e+07;646.315;141.226;56.2843;1.77085
102;8.29047e+07;836.784;182.845;72.8925;2.29339
103;8.29044e+07;1083.38;236.73;94.3951;2.96991
104;8.29039e+07;1402.65;306.494;122.234;3.84581
105;8.29034e+07;1816.01;396.817;158.278;4.97984
106;8.29027e+07;2351.18;513.759;204.944;6.44806
107;8.29018e+07;3044.05;665.162;265.362;8.34897
108;8.29006e+07;3941.1;861.182;343.585;10.8101
109;8.28991e+07;5102.49;1114.97;444.86;13.9964
110;8.28971e+07;6606.1;1443.54;575.98;18.1218
111;8.28946e+07;8552.75;1868.93;745.74;23.4629
112;8.28913e+07;11073;2419.67;965.526;30.378
113;8.2887e+07;14335.7;3132.7;1250.08;39.3307
114;8.28815e+07;18559.6;4055.82;1618.49;50.9217
115;8.28743e+07;24027.7;5250.91;2095.45;65.9283
116;8.28651e+07;31106.4;6798.1;2712.96;85.3566
117;8.28531e+07;40269.5;8801.06;3512.41;110.51
118;8.28376e+07;52130.4;11394;4547.42;143.074
119;8.28175e+07;67482.2;14750.6;5887.35;185.231
120;8.27915e+07;87350.7;19095.5;7622.02;239.808
121;8.27578e+07;113062;24719.4;9867.64;310.462
122;8.27143e+07;146329;31998.2;12774.6;401.923
123;8.26579e+07;189365;41418.2;16537.6;520.317
124;8.25851e+07;245024;53607.4;21408.4;673.564
125;8.24908e+07;316987;69377.5;27712.6;871.911
126;8.2369e+07;409992;89776.2;35871.4;1128.61
127;8.22116e+07;530128;116155;46429.1;1460.78
128;8.20083e+07;685205;150254;60088.9;1890.55
129;8.17461e+07;885208;194313;77758.7;2446.49
130;8.14079e+07;1.14286e+06;251208;100610;3165.45
131;8.09726e+07;1.47429e+06;324623;130152;4094.92
132;8.04131e+07;1.89981e+06;419259;168328;5296.02
133;7.96954e+07;2.44478e+06;541095;217633;6847.28
134;7.87775e+07;3.14052e+06;697691;281265;8849.34
135;7.76074e+07;4.02508e+06;898535;363314;11430.8
136;7.61229e+07;5.14371e+06;1.15542e+06;468982;14755.4
137;7.42504e+07;6.54864e+06;1.48283e+06;604859;19030.4
138;7.19063e+07;8.29747e+06;1.89824e+06;779240;24516.9
139;6.90001e+07;1.04495e+07;2.42222e+06;1.00247e+06;31540.4
140;6.54412e+07;1.30585e+07;3.07826e+06;1.28733e+06;40502.6
141;6.11512e+07;1.61615e+07;3.89189e+06;1.64933e+06;51892.2
142;5.60822e+07;1.97614e+07;4.88888e+06;2.10702e+06;66292.1
143;5.02415e+07;2.38058e+07;6.09217e+06;2.68195e+06;84381
144;4.37197e+07;2.81636e+07;7.51714e+06;3.39839e+06;106922
145;3.67153e+07;3.2608e+07;9.16538e+06;4.2824e+06;134735
146;2.95408e+07;3.68184e+07;1.10177e+07;5.36025e+06;168647
147;2.25988e+07;4.04136e+07;1.3028e+07;6.65593e+06;209413
148;1.63161e+07;4.30227e+07;1.51213e+07;8.18803e+06;257616
149;1.10481e+07;4.43799e+07;1.71979e+07;9.96629e+06;313565
150;6.98841e+06;4.44055e+07;1.91459e+07;1.19888e+07;377198
151;4.12739e+06;4.32301e+07;2.086e+07;1.42403e+07;448037
152;2.2848e+06;4.1143e+07;2.22593e+07;1.66935e+07;525219
153;1.19536e+06;3.84926e+07;2.32991e+07;1.93111e+07;607579
154;598160;3.55908e+07;2.39719e+07;2.20511e+07;693785
155;290369;3.26634e+07;2.42993e+07;2.48702e+07;782481
156;138752;2.98459e+07;2.43209e+07;2.77278e+07;872389
157;66158.1;2.72055e+07;2.40838e+07;3.0588e+07;962376
158;31844.7;2.47668e+07;2.36354e+07;3.34202e+07;1.05149e+06
159;15618;2.25318e+07;2.30197e+07;3.61997e+07;1.13894e+06
160;7858.77;2.04914e+07;2.22756e+07;3.89069e+07;1.22411e+06
161;4076.7;1.86325e+07;2.14362e+07;4.15265e+07;1.30653e+06
162;2186.79;1.69407e+07;2.05297e+07;4.40474e+07;1.38584e+06
163;1214.95;1.54018e+07;1.95794e+07;4.64617e+07;1.4618e+06
164;699.519;1.40023e+07;1.86044e+07;4.87642e+07;1.53425e+06
165;417.282;1.27297e+07;1.76205e+07;5.09521e+07;1.60308e+06
166;257.689;1.15728e+07;1.66403e+07;5.30242e+07;1.66828e+06
167;164.542;1.05209e+07;1.56738e+07;5.49811e+07;1.72985e+06
168;108.477;9.56459e+06;1.47289e+07;5.68244e+07;1.78784e+06
169;73.7184;8.69521e+06;1.38117e+07;5.85565e+07;1.84234e+06
170;51.5534;7.90483e+06;1.29267e+07;6.01807e+07;1.89344e+06
171;37.0368;7.1863e+06;1.20773e+07;6.17009e+07;1.94127e+06
172;27.2874;6.53307e+06;1.12655e+07;6.31212e+07;1.98596e+06
173;20.5835;5.93922e+06;1.04929e+07;6.4446e+07;2.02764e+06
174;15.8709;5.39935e+06;9.75996e+06;6.568e+07;2.06646e+06
175;12.4895;4.90856e+06;9.06688e+06;6.68278e+07;2.10257e+06
176;10.0164;4.46237e+06;8.41325e+06;6.7894e+07;2.13612e+06
177;8.17522;4.05674e+06;7.79836e+06;6.88834e+07;2.16725e+06
178;6.78176;3.68799e+06;7.22117e+06;6.98005e+07;2.1961e+06
179;5.711;3.35275e+06;6.68048e+06;7.06497e+07;2.22282e+06
180;4.87653;3.04799e+06;6.17491e+06;7.14353e+07;2.24754e+06
181;4.21772;2.77092e+06;5.70295e+06;7.21615e+07;2.27039e+06
182;3.69131;2.51905e+06;5.26306e+06;7.28322e+07;2.29149e+06
183;3.26603;2.29007e+06;4.85363e+06;7.34511e+07;2.31096e+06
184;2.91893;2.0819e+06;4.47305e+06;7.40219e+07;2.32892e+06
185;2.63298;1.89266e+06;4.11972e+06;7.45479e+07;2.34547e+06
186;2.39537;1.72061e+06;3.79204e+06;7.50324e+07;2.36071e+06
187;2.19636;1.56421e+06;3.48847e+06;7.54784e+07;2.37474e+06
188;2.02846;1.42202e+06;3.2075e+06;7.58886e+07;2.38765e+06
189;1.88586;1.29276e+06;2.94769e+06;7.62658e+07;2.39952e+06
190;1.76401;1.17525e+06;2.70765e+06;7.66124e+07;2.41043e+06
191;1.6593;1.06842e+06;2.48604e+06;7.69309e+07;2.42044e+06
192;1.56886;971300;2.28161e+06;7.72232e+07;2.42964e+06
193;1.49036;883009;2.09314e+06;7.74915e+07;2.43808e+06
194;1.42195;802744;1.91951e+06;7.77377e+07;2.44583e+06
195;1.36209;729774;1.75964e+06;7.79634e+07;2.45293e+06
196;1.30951;663438;1.61253e+06;7.81704e+07;2.45944e+06
197;1.26319;603131;1.47724e+06;7.836e+07;2.46541e+06
198;1.22226;548307;1.35287e+06;7.85337e+07;2.47087e+06
199;1.18598;498466;1.23861e+06;7.86928e+07;2.47588e+06
200;1.15375;453155;1.13368e+06;7.88385e+07;2.48046e+06
201;1.12505;411964;1.03735e+06;7.89718e+07;2.48466e+06
202;1.09944;374516;948971;7.90938e+07;2.4885e+06
203;1.07654;340473;867905;7.92054e+07;2.49201e+06
204;1.05604;309524;793577;7.93075e+07;2.49522e+06
205;1.03765;281388;725452;7.94008e+07;2.49815e+06
206;1.02113;255810;663032;7.94861e+07;2.50084e+06
207;1.00627;232557;605860;7.95641e+07;2.50329e+06
208;0.992885;211417;553508;7.96353e+07;2.50553e+06
209;0.980823;192199;505586;7.97004e+07;2.50758e+06
210;0.969938;174729;461729;7.97599e+07;2.50945e+06
211;0.960108;158846;421604;7.98142e+07;2.51116e+06
212;0.951223;144407;384903;7.98637e+07;2.51272e+06
213;0.943186;131280;351340;7.9909e+07;2.51414e+06
214;0.935912;119347;320656;7.99503e+07;2.51544e+06
215;0.929324;108498;292609;7.9988e+07;2.51663e+06
216;0.923355;98635.7;266978;8.00224e+07;2.51771e+06
217;0.917943;89669.7;243560;8.00538e+07;2.5187e+06
218;0.913035;81518.7;222167;8.00825e+07;2.5196e+06
219;0.908582;74108.7;202628;8.01086e+07;2.52042e+06
220;0.90454;67372.2;184786;8.01324e+07;2.52117e+06
221;0.900871;61248.1;168495;8.01542e+07;2.52186e+06
222;0.897539;55680.6;153624;8.0174e+07;2.52248e+06
223;0.894512;50619.3;140051;8.01921e+07;2.52305e+06
224;0.891761;46018;127664;8.02085e+07;2.52357e+06
225;0.889262;41834.9;116362;8.02235e+07;2.52404e+06
226;0.88699;38032.1;106050;8.02372e+07;2.52447e+06
227;0.884925;34575;96643;8.02497e+07;2.52486e+06
228;0.883047;31432.2;88063.1;8.02611e+07;2.52522e+06
229;0.88134;28575;80238.2;8.02714e+07;2.52555e+06
230;0.879788;25977.5;73102.8;8.02809e+07;2.52584e+06
231;0.878376;23616.2;66596.8;8.02894e+07;2.52611e+06
232;0.877091;21469.5;60665.3;8.02973e+07;2.52636e+06
233;0.875923;19517.9;55258.2;8.03044e+07;2.52658e+06
234;0.874861;17743.7;50329.5;8.03109e+07;2.52679e+06
235;0.873894;16130.8;45837.5;8.03168e+07;2.52698e+06
236;0.873014;14664.5;41743.7;8.03222e+07;2.52714e+06
237;0.872214;13331.5;38013.2;8.03271e+07;2.5273e+06
238;0.871486;12119.7;34614;8.03316e+07;2.52744e+06
239;0.870824;11018;31517;8.03357e+07;2.52757e+06
240;0.870222;10016.5;28695.5;8.03394e+07;2.52768e+06
241;0.869673;9105.97;26125.3;8.03428e+07;2.52779e+06
242;0.869174;8278.24;23784;8.03458e+07;2.52789e+06
243;0.868721;7525.75;21651.5;8.03486e+07;2.52798e+06
244;0.868308;6841.66;19709.3;8.03512e+07;2.52806e+06
245;0.867932;6219.75;17940.4;8.03535e+07;2.52813e+06
246;0.86759;5654.37;16329.6;8.03556e+07;2.52819e+06
247;0.867279;5140.39;14862.8;8.03575e+07;2.52826e+06
248;0.866996;4673.13;13527.2;8.03593e+07;2.52831e+06
249;0.866739;4248.34;12311.2;8.03609e+07;2.52836e+06
250;0.866504;3862.17;11204;8.03623e+07;2.52841e+06
251;0.866291;3511.1;10196;8.03636e+07;2.52845e+06
252;0.866097;3191.94;9278.4;8.03648e+07;2.52848e+06
253;0.865921;2901.79;8443.08;8.03659e+07;2.52852e+06
254;0.86576;2638.02;7682.71;8.03669e+07;2.52855e+06
255;0.865614;2398.22;6990.59;8.03678e+07;2.52858e+06
256;0.865481;2180.23;6360.63;8.03686e+07;2.5286e+06
257;0.86536;1982.04;5787.27;8.03694e+07;2.52863e+06
258;0.865251;1801.88;5265.44;8.03701e+07;2.52865e+06
259;0.86515;1638.09;4790.53;8.03707e+07;2.52867e+06
260;0.865059;1489.18;4358.34;8.03712e+07;2.52869e+06
261;0.864977;1353.82;3965.04;8.03718e+07;2.5287e+06
262;0.864901;1230.75;3607.14;8.03722e+07;2.52872e+06
263;0.864833;1118.88;3281.47;8.03726e+07;2.52873e+06
264;0.864771;1017.17;2985.14;8.0373e+07;2.52874e+06
265;0.864714;924.712;2715.5;8.03734e+07;2.52875e+06
266;0.864662;840.656;2470.17;8.03737e+07;2.52876e+06
267;0.864615;764.24;2246.95;8.0374e+07;2.52877e+06
268;0.864573;694.771;2043.87;8.03743e+07;2.52878e+06
269;0.864534;631.616;1859.1;8.03745e+07;2.52879e+06
270;0.864499;574.202;1691;8.03747e+07;2.5288e+06
271;0.864467;522.007;1538.08;8.03749e+07;2.5288e+06
272;0.864437;474.557;1398.96;8.03751e+07;2.52881e+06
273;0.864411;431.42;1272.41;8.03753e+07;2.52881e+06
274;0.864387;392.204;1157.28;8.03754e+07;2.52882e+06
275;0.864365;356.552;1052.55;8.03755e+07;2.52882e+06
276;0.864345;324.142;957.288;8.03757e+07;2.52883e+06
277;0.864327;294.677;870.633;8.03758e+07;2.52883e+06
278;0.86431;267.891;791.812;8.03759e+07;2.52883e+06
279;0.864295;243.54;720.116;8.0376e+07;2.52884e+06
280;0.864281;221.402;654.904;8.03761e+07;2.52884e+06
281;0.864269;201.277;595.59;8.03761e+07;2.52884e+06
282;0.864258;182.981;541.641;8.03762e+07;2.52884e+06
283;0.864247;166.348;492.573;8.03763e+07;2.52885e+06
284;0.864238;151.227;447.945;8.03763e+07;2.52885e+06
285;0.86423;137.48;407.355;8.03764e+07;2.52885e+06
286;0.864222;124.983;370.44;8.03764e+07;2.52885e+06
287;0.864215;113.622;336.867;8.03765e+07;2.52885e+06
288;0.864208;103.294;306.333;8.03765e+07;2.52885e+06
289;0.864203;93.9046;278.564;8.03765e+07;2.52885e+06
290;0.864197;85.3687;253.31;8.03766e+07;2.52886e+06
291;0.864193;77.6087;230.344;8.03766e+07;2.52886e+06
292;0.864188;70.5541;209.458;8.03766e+07;2.52886e+06
293;0.864184;64.1407;190.464;8.03767e+07;2.52886e+06
294;0.864181;58.3103;173.191;8.03767e+07;2.52886e+06
295;0.864177;53.0099;157.483;8.03767e+07;2.52886e+06
296;0.864174;48.1913;143.199;8.03767e+07;2.52886e+06
297;0.864172;43.8107;130.21;8.03767e+07;2.52886e+06
298;0.864169;39.8283;118.398;8.03768e+07;2.52886e+06
299;0.864167;36.2079;107.656;8.03768e+07;2.52886e+06
300;0.864165;32.9166;97.889;8.03768e+07;2.52886e+06
301;0.864163;29.9245;89.0072;8.03768e+07;2.52886e+06
302;0.864161;27.2044;80.9308;8.03768e+07;2.52886e+06
303;0.86416;24.7315;73.5867;8.03768e+07;2.52886e+06
304;0.864158;22.4834;66.9088;8.03768e+07;2.52886e+06
305;0.864157;20.4397;60.8365;8.03768e+07;2.52886e+06
306;0.864156;18.5817;55.315;8.03768e+07;2.52886e+06
307;0.864155;16.8926;50.2943;8.03768e+07;2.52886e+06
308;0.864154;15.3571;45.7292;8.03769e+07;2.52886e+06
309;0.864153;13.9611;41.5782;8.03769e+07;2.52886e+06
310;0.864152;12.6921;37.8038;8.03769e+07;2.52886e+06
311;0.864152;11.5384;34.3719;8.03769e+07;2.52886e+06
312;0.864151;10.4895;31.2515;8.03769e+07;2.52886e+06
313;0.86415;9.53603;28.4141;8.03769e+07;2.52886e+06
314;0.86415;8.6692;25.8343;8.03769e+07;2.52886e+06
315;0.864149;7.88117;23.4887;8.03769e+07;2.52886e+06
316;0.864149;7.16477;21.3559;8.03769e+07;2.52886e+06
317;0.864148;6.5135;19.4167;8.03769e+07;2.52886e+06
318;0.864148;5.92142;17.6535;8.03769e+07;2.52886e+06
319;0.864148;5.38316;16.0504;8.03769e+07;2.52886e+06
320;0.864147;4.89383;14.5928;8.03769e+07;2.52886e+06
321;0.864147;4.44898;13.2676;8.03769e+07;2.52886e+06
322;0.864147;4.04457;12.0626;8.03769e+07;2.52886e+06
323;0.864147;3.67692;10.9671;8.03769e+07;2.52886e+06
324;0.864146;3.34269;9.971;8.03769e+07;2.52886e+06
325;0.864146;3.03884;9.06537;8.03769e+07;2.52886e+06
326;0.864146;2.76261;8.24197;8.03769e+07;2.52887e+06
327;0.864146;2.51149;7.49334;8.03769e+07;2.52887e+06
328;0.864146;2.28319;6.81269;8.03769e+07;2.52887e+06
329;0.864146;2.07565;6.19386;8.03769e+07;2.52887e+06
330;0.864146;1.88697;5.63122;8.03769e+07;2.52887e+06
331;0.864145;1.71545;5.11968;8.03769e+07;2.52887e+06
332;0.864145;1.55951;4.65459;8.03769e+07;2.52887e+06
333;0.864145;1.41775;4.23175;8.03769e+07;2.52887e+06
334;0.864145;1.28888;3.84731;8.03769e+07;2.52887e+06
335;0.864145;1.17172;3.49779;8.03769e+07;2.52887e+06
336;0.864145;1.06521;3.18002;8.03769e+07;2.52887e+06
337;0.864145;0.968385;2.89111;8.03769e+07;2.52887e+06
338;0.864145;0.880358;2.62845;8.03769e+07;2.52887e+06
339;0.864145;0.800334;2.38964;8.03769e+07;2.52887e+06
340;0.864145;0.727584;2.17253;8.03769e+07;2.52887e+06
341;0.864145;0.661446;1.97514;8.03769e+07;2.52887e+06
342;0.864145;0.601321;1.79568;8.03769e+07;2.52887e+06
343;0.864145;0.546661;1.63252;8.03769e+07;2.52887e+06
344;0.864145;0.496969;1.48419;8.03769e+07;2.52887e+06
345;0.864145;0.451795;1.34933;8.03769e+07;2.52887e+06
346;0.864145;0.410727;1.22673;8.03769e+07;2.52887e+06
347;0.864145;0.373392;1.11526;8.03769e+07;2.52887e+06
348;0.864145;0.33945;1.01392;8.03769e+07;2.52887e+06
349;0.864145;0.308594;0.921787;8.03769e+07;2.52887e+06
350;0.864145;0.280543;0.838026;8.03769e+07;2.52887e+06
351;0.864145;0.255042;0.761875;8.03769e+07;2.52887e+06
352;0.864145;0.231859;0.692642;8.03769e+07;2.52887e+06
353;0.864145;0.210783;0.629701;8.03769e+07;2.52887e+06
354;0.864144;0.191622;0.572478;8.03769e+07;2.52887e+06
355;0.864144;0.174204;0.520455;8.03769e+07;2.52887e+06
356;0.864144;0.158369;0.473159;8.03769e+07;2.52887e+06
