232;2.97671e+07;1.7647;0.8787;0.1176;0.0037
233;2.97671e+07;3.15493;0.932525;0.220935;0.00695119
234;2.97671e+07;4.51377;1.10619;0.3306;0.0104015
235;2.97671e+07;6.05557;1.38231;0.460688;0.0144944
236;2.97671e+07;7.94449;1.76509;0.623248;0.019609
237;2.97671e+07;10.3372;2.27314;0.830823;0.0261398
238;2.97671e+07;13.4089;2.93706;1.09814;0.0345505
239;2.97671e+07;17.3731;3.79967;1.44354;0.0454176
240;2.97671e+07;22.4991;4.91798;1.89038;0.0594763
241;2.97671e+07;29.1327;6.3666;2.46874;0.0776729
242;2.97671e+07;37.7197;8.2425;3.21745;0.101229
243;2.9767e+07;48.8365;10.6714;4.18677;0.131727
244;2.9767e+07;63.229;13.8162;5.44172;0.171211
245;2.9767e+07;81.8629;17.8878;7.06651;0.222331
246;2.9767e+07;105.988;23.1594;9.17011;0.288516
247;2.97669e+07;137.223;29.9844;11.8937;0.374205
248;2.97669e+07;177.663;38.8209;15.4198;0.485148
249;2.97668e+07;230.02;50.2614;19.9852;0.628785
250;2.97667e+07;297.806;65.0735;25.8959;0.814752
251;2.97666e+07;385.569;84.2507;33.5485;1.05552
252;2.97665e+07;499.196;109.079;43.4564;1.36725
253;2.97663e+07;646.307;141.225;56.2842;1.77085
254;2.9766e+07;836.77;182.844;72.8922;2.29338
255;2.97657e+07;1083.36;236.727;94.3946;2.9699
256;2.97653e+07;1402.62;306.49;122.234;3.84579
257;2.97647e+07;1815.95;396.81;158.277;4.9798
258;2.9764e+07;2351.07;513.747;204.942;6.448
259;2.97631e+07;3043.87;665.142;265.358;8.34886
260;2.9762e+07;3940.8;861.148;343.579;10.8099
261;2.97604e+07;5101.99;1114.91;444.85;13.9961
262;2.97585e+07;6605.26;1443.44;575.963;18.1213
263;2.97559e+07;8551.35;1868.77;745.712;23.462
264;2.97526e+07;11070.6;2419.41;965.48;30.3765
265;2.97484e+07;14331.7;3132.25;1250;39.3283
266;2.97428e+07;18553;4055.06;1618.35;50.9176
267;2.97357e+07;24016.7;5249.65;2095.23;65.9214
268;2.97264e+07;31087.9;6795.99;2712.59;85.3451
269;2.97145e+07;40238.5;8797.52;3511.8;110.49
270;2.9699e+07;52078.4;11388.1;4546.39;143.041
271;2.96789e+07;67395;14740.6;5885.62;185.177
272;2.9653e+07;87204.7;19078.8;7619.12;239.717
273;2.96194e+07;112817;24691.4;9862.78;310.309
274;2.95761e+07;145919;31951.4;12766.5;401.667
275;2.952e+07;188679;41339.8;16524;519.887
276;2.94477e+07;243876;53476.2;21385.5;672.845
277;2.93543e+07;315067;69157.9;27674.3;870.707
278;2.9234e+07;406781;89408.6;35807.3;1126.59
279;2.9079e+07;524764;115540;46321.8;1457.4
280;2.88798e+07;676253;149226;59909.2;1884.9
281;2.86243e+07;870287;192596;77458.2;2437.04
282;2.82975e+07;1.11803e+06;248343;100107;3149.64
283;2.78808e+07;1.43306e+06;319848;129313;4068.51
284;2.73521e+07;1.83154e+06;411316;166927;5251.95
285;2.6685e+07;2.33213e+06;527910;215298;6773.82
286;2.58497e+07;2.95547e+06;675865;277380;8727.08
287;2.48136e+07;3.72286e+06;862534;356861;11227.8
288;2.35443e+07;4.65375e+06;1.09632e+06;458295;14419.2
289;2.20134e+07;5.76169e+06;1.38636e+06;587222;18475.5
290;2.0203e+07;7.04832e+06;1.74193e+06;750258;23605.1
291;1.8115e+07;8.4956e+06;2.17133e+06;955109;30050.2
292;1.57808e+07;1.00575e+07;2.6802e+06;1.21046e+06;38084.1
293;1.32702e+07;1.1654e+07;3.26932e+06;1.52565e+06;48000.8
294;1.0694e+07;1.31708e+07;3.9321e+06;1.91012e+06;60097.3
295;8.19613e+06;1.44714e+07;4.65235e+06;2.37253e+06;74646.1
296;5.92989e+06;1.54222e+07;5.40348e+06;2.91965e+06;91859.8
297;4.02444e+06;1.59258e+07;6.14992e+06;3.5551e+06;111853
298;2.55164e+06;1.59509e+07;6.85159e+06;4.27833e+06;134607
299;1.51049e+06;1.55422e+07;7.47043e+06;5.08408e+06;159958
300;837922;1.48019e+07;7.97705e+06;5.9626e+06;187599
301;439150;1.38552e+07;8.35493e+06;6.9007e+06;217114
302;220036;1.28149e+07;8.60091e+06;7.88324e+06;248027
303;106899;1.17632e+07;8.7225e+06;8.89471e+06;279851
304;51096.8;1.07497e+07;8.73373e+06;9.92047e+06;312124
305;24360.3;9.79928e+06;8.65147e+06;1.09476e+07;344439
306;11719.9;8.92116e+06;8.4928e+06;1.1965e+07;376449
307;5743.54;8.1162e+06;8.27356e+06;1.29637e+07;407872
308;2887.28;7.3813e+06;8.00774e+06;1.39367e+07;438485
309;1496.12;6.71173e+06;7.70736e+06;1.48784e+07;468113
310;801.591;6.10233e+06;7.38256e+06;1.57848e+07;496630
311;444.811;5.54798e+06;7.04175e+06;1.6653e+07;523946
312;255.793;5.04386e+06;6.6919e+06;1.74811e+07;550000
313;152.405;4.58548e+06;6.33866e+06;1.82681e+07;574760
314;94.007;4.16872e+06;5.9866e+06;1.90135e+07;598213
315;59.959;3.78981e+06;5.63936e+06;1.97175e+07;620364
316;39.4868;3.44534e+06;5.2998e+06;2.03807e+07;641229
317;26.8073;3.13217e+06;4.97012e+06;2.1004e+07;660839
318;18.7293;2.84746e+06;4.65196e+06;2.15884e+07;679228
319;13.4434;2.58864e+06;4.34651e+06;2.21355e+07;696440
320;9.8964;2.35333e+06;4.05458e+06;2.26467e+07;712523
321;7.45927;2.13942e+06;3.77668e+06;2.31235e+07;727524
322;5.74734;1.94495e+06;3.51304e+06;2.35676e+07;741498
323;4.51979;1.76815e+06;3.26371e+06;2.39808e+07;754496
324;3.62254;1.60743e+06;3.02854e+06;2.43646e+07;766572
325;2.95495;1.46131e+06;2.8073e+06;2.47207e+07;777778
326;2.44997;1.32848e+06;2.5996e+06;2.50509e+07;788165
327;2.06213;1.20772e+06;2.40503e+06;2.53566e+07;797783
328;1.76002;1.09794e+06;2.22308e+06;2.56394e+07;806682
329;1.5216;998137;2.05323e+06;2.59008e+07;814907
330;1.33117;907407;1.8949e+06;2.61423e+07;822504
331;1.17739;824924;1.74753e+06;2.63651e+07;829515
332;1.05191;749938;1.61054e+06;2.65706e+07;835981
333;0.948575;681769;1.48335e+06;2.676e+07;841940
334;0.862731;619796;1.36539e+06;2.69345e+07;847429
335;0.79085;563457;1.25611e+06;2.70951e+07;852481
336;0.730222;512239;1.15496e+06;2.72428e+07;857128
337;0.678741;465676;1.06143e+06;2.73786e+07;861402
338;0.634759;423346;975008;2.75034e+07;865329
339;0.59697;384864;895221;2.76181e+07;868936
340;0.564335;349880;821615;2.77234e+07;872249
341;0.536017;318076;753757;2.782e+07;875289
342;0.51134;289163;691240;2.79086e+07;878078
343;0.489749;262878;633677;2.79899e+07;880635
344;0.470789;238982;580708;2.80644e+07;882980
345;0.454086;217259;531991;2.81327e+07;885128
346;0.439326;197510;487210;2.81953e+07;887097
347;0.426247;179556;446065;2.82526e+07;888899
348;0.414629;163235;408279;2.8305e+07;890550
349;0.404283;148397;373593;2.83531e+07;892061
350;0.395053;134907;341765;2.8397e+07;893443
351;0.386801;122644;312572;2.84372e+07;894707
352;0.379411;111496;285805;2.84739e+07;895864
353;0.372783;101361;261272;2.85076e+07;896921
354;0.36683;92147.3;238794;2.85383e+07;897888
355;0.361475;83771.2;218204;2.85664e+07;898772
356;0.356654;76156.4;199351;2.8592e+07;899579
357;0.352307;69233.8;182092;2.86155e+07;900317
358;0.348385;62940.4;166298;2.86369e+07;900990
359;0.344844;57219.1;151847;2.86564e+07;901606
360;0.341642;52017.9;138629;2.86743e+07;902167
361;0.338747;47289.5;126542;2.86906e+07;902680
362;0.336126;42990.9;115491;2.87055e+07;903149
363;0.333753;39083;105390;2.87191e+07;903576
364;0.331602;35530.4;96158.7;2.87315e+07;903966
365;0.329653;32300.7;87724.4;2.87428e+07;904322
366;0.327885;29364.5;80019.5;2.87531e+07;904646
367;0.32628;26695.3;72982.4;2.87625e+07;904942
368;0.324824;24268.7;66556.2;2.87711e+07;905212
369;0.323503;22062.7;60689;2.87789e+07;905459
370;0.322302;20057.2;55332.9;2.8786e+07;905683
371;0.321212;18234;50444.2;2.87925e+07;905888
372;0.320221;16576.5;45982.8;2.87985e+07;906074
373;0.319321;15069.7;41911.9;2.88039e+07;906245
374;0.318502;13699.9;38197.8;2.88088e+07;906400
375;0.317758;12454.6;34809.7;2.88133e+07;906541
376;0.317082;11322.4;31719.4;2.88174e+07;906670
377;0.316467;10293.2;28901.1;2.88211e+07;906787
378;0.315908;9357.57;26331;2.88245e+07;906894
379;0.315399;8506.97;23987.7;2.88276e+07;906992
380;0.314937;7733.69;21851.3;2.88304e+07;907080
381;0.314516;7030.7;19903.7;2.8833e+07;907161
382;0.314133;6391.61;18128.5;2.88354e+07;907235
383;0.313785;5810.61;16510.5;2.88375e+07;907302
384;0.313468;5282.42;15035.9;2.88394e+07;907363
385;0.31318;4802.25;13692.3;2.88412e+07;907419
386;0.312918;4365.73;12467.9;2.88428e+07;907469
387;0.312679;3968.88;11352.4;2.88443e+07;907515
388;0.312462;3608.11;10336.1;2.88456e+07;907557
389;0.312265;3280.14;9410.33;2.88468e+07;907596
390;0.312085;2981.97;8567.02;2.88479e+07;907630
391;0.311921;2710.91;7798.9;2.88489e+07;907662
392;0.311773;2464.49;7099.32;2.88499e+07;907691
393;0.311637;2240.47;6462.19;2.88507e+07;907717
394;0.311514;2036.81;5881.99;2.88514e+07;907741
395;0.311402;1851.66;5353.65;2.88521e+07;907763
396;0.3113;1683.35;4872.57;2.88528e+07;907783
397;0.311207;1530.33;4434.54;2.88533e+07;907801
398;0.311123;1391.22;4035.74;2.88539e+07;907817
399;0.311046;1264.76;3672.66;2.88543e+07;907832
400;0.310976;1149.79;3342.14;2.88548e+07;907846
401;0.310913;1045.28;3041.25;2.88552e+07;907858
402;0.310855;950.263;2767.36;2.88555e+07;907869
403;0.310802;863.884;2518.06;2.88558e+07;907880
404;0.310755;785.357;2291.15;2.88561e+07;907889
405;0.310711;713.968;2084.62;2.88564e+07;907897
406;0.310671;649.068;1896.66;2.88567e+07;907905
407;0.310635;590.068;1725.59;2.88569e+07;907912
408;0.310603;536.431;1569.91;2.88571e+07;907918
409;0.310573;487.669;1428.25;2.88573e+07;907924
410;0.310546;443.34;1299.33;2.88574e+07;907930
411;0.310521;403.041;1182.02;2.88576e+07;907934
412;0.310499;366.404;1075.28;2.88577e+07;907939
413;0.310478;333.098;978.152;2.88579e+07;907943
414;0.31046;302.82;889.781;2.8858e+07;907946
415;0.310443;275.293;809.377;2.88581e+07;907950
416;0.310427;250.269;736.223;2.88582e+07;907953
417;0.310413;227.52;669.669;2.88583e+07;907955
418;0.310401;206.838;609.12;2.88583e+07;907958
419;0.310389;188.037;554.035;2.88584e+07;907960
420;0.310379;170.944;503.923;2.88585e+07;907962
421;0.310369;155.405;458.336;2.88585e+07;907964
422;0.31036;141.279;416.866;2.88586e+07;907966
423;0.310352;128.437;379.143;2.88586e+07;907967
424;0.310345;116.762;344.828;2.88587e+07;907969
425;0.310339;106.148;313.614;2.88587e+07;907970
426;0.310333;96.4993;285.221;2.88588e+07;907971
427;0.310327;87.7275;259.396;2.88588e+07;907972
428;0.310322;79.7531;235.905;2.88588e+07;907973
429;0.310318;72.5035;214.54;2.88588e+07;907974
430;0.310314;65.913;195.106;2.88589e+07;907975
431;0.31031;59.9215;177.432;2.88589e+07;907975
432;0.310307;54.4746;161.356;2.88589e+07;907976
433;0.310304;49.5229;146.735;2.88589e+07;907977
434;0.310301;45.0212;133.438;2.8859e+07;907977
435;0.310298;40.9288;121.344;2.8859e+07;907978
436;0.310296;37.2084;110.346;2.8859e+07;907978
437;0.310294;33.8262;100.343;2.8859e+07;907979
438;0.310292;30.7514;91.2462;2.8859e+07;907979
439;0.31029;27.9561;82.9733;2.8859e+07;907979
440;0.310289;25.4149;75.4499;2.8859e+07;907980
441;0.310287;23.1046;68.608;2.8859e+07;907980
442;0.310286;21.0044;62.3861;2.8859e+07;907980
443;0.310285;19.0951;56.7279;2.88591e+07;907980
444;0.310284;17.3594;51.5826;2.88591e+07;907981
445;0.310283;15.7814;46.9036;2.88591e+07;907981
446;0.310282;14.3469;42.6487;2.88591e+07;907981
447;0.310281;13.0428;38.7796;2.88591e+07;907981
448;0.31028;11.8572;35.2612;2.88591e+07;907981
449;0.31028;10.7794;32.0618;2.88591e+07;907981
450;0.310279;9.79951;29.1526;2.88591e+07;907982
451;0.310279;8.90874;26.5071;2.88591e+07;907982
452;0.310278;8.09893;24.1016;2.88591e+07;907982
453;0.310278;7.36274;21.9143;2.88591e+07;907982
454;0.310277;6.69347;19.9254;2.88591e+07;907982
455;0.310277;6.08503;18.1168;2.88591e+07;907982
456;0.310276;5.5319;16.4724;2.88591e+07;907982
457;0.310276;5.02905;14.9772;2.88591e+07;907982
458;0.310276;4.57191;13.6176;2.88591e+07;907982
459;0.310276;4.15633;12.3813;2.88591e+07;907982
460;0.310275;3.77852;11.2573;2.88591e+07;907982
461;0.310275;3.43505;10.2353;2.88591e+07;907982
462;0.310275;3.1228;9.30596;2.88591e+07;907982
463;0.310275;2.83894;8.46101;2.88591e+07;907982
464;0.310275;2.58088;7.69275;2.88591e+07;907982
465;0.310274;2.34628;6.99422;2.88591e+07;907982
466;0.310274;2.133;6.3591;2.88591e+07;907982
467;0.310274;1.93911;5.78163;2.88591e+07;907982
468;0.310274;1.76285;5.25658;2.88591e+07;907982
469;0.310274;1.60261;4.7792;2.88591e+07;907983
470;0.310274;1.45693;4.34516;2.88591e+07;907983
471;0.310274;1.32449;3.95053;2.88591e+07;907983
472;0.310274;1.2041;3.59173;2.88591e+07;907983
473;0.310274;1.09464;3.2655;2.88591e+07;907983
474;0.310274;0.995142;2.9689;2.88591e+07;907983
475;0.310274;0.904683;2.69923;2.88591e+07;907983
476;0.310273;0.822448;2.45405;2.88591e+07;907983
477;0.310273;0.747687;2.23113;2.88591e+07;907983
478;0.310273;0.679723;2.02846;2.88591e+07;907983
479;0.310273;0.617936;1.8442;2.88591e+07;907983
480;0.310273;0.561765;1.67667;2.88591e+07;907983
481;0.310273;0.510701;1.52435;2.88591e+07;907983
482;0.310273;0.464278;1.38587;2.88591e+07;907983
483;0.310273;0.422075;1.25997;2.88591e+07;907983
484;0.310273;0.383709;1.1455;2.88591e+07;907983
485;0.310273;0.34883;1.04143;2.88591e+07;907983
486;0.310273;0.317121;0.946813;2.88591e+07;907983
487;0.310273;0.288295;0.860791;2.88591e+07;907983
488;0.310273;0.262089;0.782583;2.88591e+07;907983
489;0.310273;0.238265;0.711479;2.88591e+07;907983
490;0.310273;0.216607;0.646835;2.88591e+07;907983
491;0.310273;0.196917;0.588064;2.88591e+07;907983
492;0.310273;0.179017;0.534631;2.88591e+07;907983
493;0.310273;0.162745;0.486053;2.88591e+07;907983
