132;56023.2;1.7647;0.8787;0.1176;0.0037
133;56021.7;3.15488;0.932525;0.220935;0.00695119
134;56020;4.51363;1.10619;0.3306;0.0104015
135;56018.1;6.05526;1.3823;0.460688;0.0144944
136;56015.6;7.94388;1.76505;0.623246;0.0196089
137;56012.5;10.336;2.27305;0.830816;0.0261396
138;56008.5;13.4068;2.93687;1.09813;0.0345499
139;56003.3;17.3693;3.79931;1.4435;0.0454163
140;55996.6;22.4925;4.91733;1.8903;0.0594737
141;55988;29.1212;6.36542;2.46858;0.0776679
142;55976.7;37.6997;8.24041;3.21715;0.10122
143;55962.2;48.8021;10.6678;4.18622;0.131709
144;55943.4;63.1703;13.8099;5.44075;0.17118
145;55919.1;81.7629;17.8769;7.06479;0.222277
146;55887.6;105.818;23.1407;9.16712;0.288421
147;55846.8;136.936;29.9526;11.8885;0.374042
148;55794.2;177.178;38.7668;15.4109;0.484866
149;55726;229.202;50.1698;19.9699;0.628304
150;55638;296.43;64.9187;25.8698;0.813932
151;55524.2;383.255;83.9895;33.5043;1.05413
152;55377.3;495.308;108.639;43.3814;1.36489
153;55187.8;639.785;140.485;56.1574;1.76686
154;54943.6;825.837;181.601;72.6785;2.28665
155;54629.3;1065.05;234.641;94.0347;2.95858
156;54225.6;1372;302.992;121.629;3.82675
157;53708;1764.8;390.954;157.26;4.94782
158;53046.6;2265.77;503.951;203.237;6.39435
159;52204.6;2901.89;648.781;262.501;8.25897
160;51137.7;3705;833.866;338.798;10.6595
161;49794.4;4711.49;1069.5;436.861;13.7448
162;48116.7;5960.91;1368.05;562.634;17.7019
163;46042.9;7492.88;1743.95;723.516;22.7637
164;43513;9341.71;2213.51;928.605;29.2163
165;40477.9;11527.6;2794.17;1188.91;37.4063
166;36913.5;14044.2;3503.1;1517.51;47.7447
167;32837.5;16843.6;4354.78;1929.47;60.7062
168;28329;19821;5357.63;2441.6;76.8189
169;23542.5;22805.8;6509.47;3071.65;96.6421
170;18707.9;25567.3;7792.92;3837.17;120.727
171;14106.6;27844.5;9171.71;4753.61;149.561
172;10021.2;29398.9;10590.2;5832.21;183.496
173;6668.05;30079.6;11978;7077.62;222.68
174;4142.76;29870.7;13259.3;8486.23;266.999
175;2404.63;28893.6;14366.2;10045.5;316.058
176;1310.57;27361.2;15250;11735;369.213
177;676.998;25507.6;15887.3;13528.4;425.638
178;335.695;23530.3;16278.8;15396.7;484.421
179;162.105;21565;16443.1;17311.1;544.653
180;77.3424;19689.5;16408.8;19244.8;605.493
181;36.9441;17940.1;16207.3;21174.4;666.202
182;17.8622;16328.4;15872.1;23080.4;726.169
183;8.81741;14853.2;15431.1;24946.9;784.896
184;4.47209;13507.4;14909.5;26761.6;841.991
185;2.3405;12281.7;14328.8;28515;897.156
186;1.26729;11166.4;13707.1;30200.1;950.172
187;0.71087;10151.9;13059.5;31812;1000.89
188;0.41323;9229.41;12398.2;33347.8;1049.21
189;0.248829;8390.62;11733.2;34805.8;1095.08
190;0.155066;7628.01;11072.7;36185.7;1138.49
191;0.0998813;6934.68;10423;37487.8;1179.46
192;0.0663969;6304.35;9789.01;38713.5;1218.03
193;0.0454772;5731.3;9174.67;39864.7;1254.25
194;0.0320391;5210.34;8582.76;40943.7;1288.19
195;0.0231773;4736.73;8015.29;41953;1319.95
196;0.0171871;4306.17;7473.6;42895.6;1349.61
197;0.013043;3914.74;6958.48;43774.5;1377.26
198;0.0101135;3558.89;6470.27;44592.8;1403.01
199;0.00800036;3235.39;6008.93;45353.7;1426.95
200;0.00644728;2941.3;5574.14;46060.4;1449.18
201;0.00528579;2673.93;5165.36;46715.9;1469.8
202;0.00440305;2430.87;4781.87;47323.3;1488.91
203;0.00372208;2209.91;4422.79;47885.7;1506.61
204;0.0031895;2009.03;4087.19;48405.8;1522.97
205;0.00276762;1826.41;3774.03;48886.5;1538.09
206;0.00242951;1660.39;3482.26;49330.3;1552.06
207;0.00215558;1509.46;3210.79;49739.8;1564.94
208;0.00193143;1372.25;2958.53;50117.4;1576.82
209;0.00174634;1247.51;2724.4;50465.3;1587.77
210;0.00159219;1134.11;2507.33;50785.7;1597.85
211;0.00146283;1031.02;2306.28;51080.6;1607.13
212;0.00135349;937.303;2120.25;51351.8;1615.66
213;0.00126047;852.102;1948.27;51601.1;1623.5
214;0.00118086;774.646;1789.4;51830.2;1630.71
215;0.00111235;704.231;1642.76;52040.7;1637.33
216;0.0010531;640.216;1507.51;52233.9;1643.41
217;0.00100161;582.021;1382.84;52411.1;1648.99
218;0.000956691;529.115;1268.01;52573.8;1654.11
219;0.000917343;481.019;1162.3;52722.9;1658.8
220;0.000882757;437.294;1065.03;52859.6;1663.1
221;0.000852257;397.544;975.595;52984.8;1667.04
222;0.000825283;361.407;893.392;53099.6;1670.65
223;0.000801362;328.555;817.876;53204.6;1673.95
224;0.000780096;298.69;748.533;53300.8;1676.98
225;0.000761149;271.539;684.887;53388.8;1679.75
226;0.000744233;246.856;626.493;53469.4;1682.28
227;0.000729103;224.417;572.939;53543;1684.6
228;0.000715548;204.017;523.841;53610.4;1686.72
229;0.000703383;185.472;478.844;53672;1688.66
230;0.000692453;168.613;437.62;53728.3;1690.43
231;0.000682618;153.286;399.863;53779.8;1692.05
232;0.00067376;139.352;365.294;53826.8;1693.53
233;0.000665772;126.685;333.651;53869.8;1694.88
234;0.000658562;115.169;304.694;53909;1696.12
235;0.00065205;104.701;278.204;53944.9;1697.24
236;0.000646162;95.1833;253.975;53977.6;1698.27
237;0.000640836;86.5311;231.82;54007.4;1699.21
238;0.000636014;78.6654;211.566;54034.7;1700.07
239;0.000631646;71.5148;193.054;54059.6;1700.85
240;0.000627688;65.0141;176.137;54082.3;1701.57
241;0.0006241;59.1043;160.681;54103;1702.22
242;0.000620845;53.7317;146.563;54121.9;1702.81
243;0.000617892;48.8475;133.669;54139.1;1703.36
244;0.000615211;44.4073;121.895;54154.8;1703.85
245;0.000612777;40.3706;111.146;54169.2;1704.3
246;0.000610566;36.701;101.334;54182.3;1704.71
247;0.000608558;33.3648;92.3782;54194.2;1705.09
248;0.000606734;30.332;84.2056;54205;1705.43
249;0.000605075;27.5748;76.7486;54214.9;1705.74
250;0.000603568;25.0683;69.9455;54224;1706.03
251;0.000602198;22.7896;63.7399;54232.2;1706.28
252;0.000600952;20.718;58.0798;54239.7;1706.52
253;0.000599819;18.8347;52.918;54246.5;1706.74
254;0.000598789;17.1226;48.2111;54252.7;1706.93
255;0.000597852;15.5662;43.9195;54258.4;1707.11
256;0.000597;14.1512;40.0071;54263.6;1707.27
257;0.000596224;12.8649;36.4406;54268.3;1707.42
258;0.000595519;11.6955;33.1897;54272.6;1707.56
259;0.000594878;10.6324;30.2269;54276.5;1707.68
260;0.000594294;9.66587;27.5269;54280;1707.79
261;0.000593763;8.78724;25.0665;54283.3;1707.89
262;0.00059328;7.98848;22.8247;54286.2;1707.98
263;0.000592841;7.26233;20.7822;54288.9;1708.07
264;0.000592441;6.60219;18.9215;54291.3;1708.15
265;0.000592077;6.00205;17.2264;54293.6;1708.22
266;0.000591746;5.45646;15.6825;54295.6;1708.28
267;0.000591445;4.96047;14.2762;54297.4;1708.34
268;0.000591171;4.50956;12.9954;54299.1;1708.39
269;0.000590921;4.09964;11.829;54300.6;1708.44
270;0.000590694;3.72699;10.7668;54302;1708.48
271;0.000590488;3.3882;9.79954;54303.3;1708.52
272;0.0005903;3.08022;8.91884;54304.4;1708.56
273;0.000590129;2.80022;8.11698;54305.5;1708.59
274;0.000589974;2.54568;7.38693;54306.4;1708.62
275;0.000589832;2.31428;6.7223;54307.3;1708.65
276;0.000589704;2.10391;6.11725;54308.1;1708.67
277;0.000589586;1.91267;5.56647;54308.8;1708.7
278;0.00058948;1.73881;5.06512;54309.5;1708.72
279;0.000589383;1.58075;4.60878;54310.1;1708.74
280;0.000589295;1.43706;4.19343;54310.6;1708.75
281;0.000589215;1.30643;3.81539;54311.1;1708.77
282;0.000589142;1.18768;3.47134;54311.6;1708.78
283;0.000589075;1.07972;3.15823;54312;1708.79
284;0.000589015;0.98157;2.87328;54312.3;1708.81
285;0.00058896;0.892346;2.61397;54312.7;1708.82
286;0.00058891;0.811231;2.37801;54313;1708.83
287;0.000588865;0.737491;2.1633;54313.3;1708.84
288;0.000588823;0.670453;1.96793;54313.5;1708.84
289;0.000588786;0.609509;1.79017;54313.7;1708.85
290;0.000588751;0.554104;1.62842;54314;1708.86
291;0.00058872;0.503736;1.48126;54314.2;1708.86
292;0.000588692;0.457947;1.34738;54314.3;1708.87
293;0.000588666;0.416319;1.22557;54314.5;1708.87
294;0.000588643;0.378476;1.11475;54314.6;1708.88
295;0.000588622;0.344072;1.01393;54314.8;1708.88
296;0.000588602;0.312796;0.922219;54314.9;1708.89
297;0.000588585;0.284363;0.838787;54315;1708.89
298;0.000588569;0.258515;0.762891;54315.1;1708.89
299;0.000588554;0.235016;0.693851;54315.2;1708.9
300;0.000588541;0.213653;0.63105;54315.3;1708.9
301;0.000588529;0.194232;0.573925;54315.3;1708.9
302;0.000588518;0.176576;0.521963;54315.4;1708.9
303;0.000588508;0.160525;0.4747;54315.5;1708.9
