253;1.07317e+07;1.7647;0.8787;0.1176;0.0037
254;1.07317e+07;3.15493;0.932525;0.220935;0.00695119
255;1.07317e+07;4.51377;1.10619;0.3306;0.0104015
256;1.07317e+07;6.05557;1.38231;0.460688;0.0144944
257;1.07317e+07;7.94449;1.76509;0.623248;0.019609
258;1.07317e+07;10.3372;2.27314;0.830823;0.0261398
259;1.07317e+07;13.4089;2.93706;1.09814;0.0345505
260;1.07317e+07;17.3731;3.79966;1.44354;0.0454176
261;1.07317e+07;22.4991;4.91798;1.89038;0.0594763
262;1.07317e+07;29.1327;6.3666;2.46874;0.0776728
263;1.07317e+07;37.7196;8.24249;3.21745;0.101229
264;1.07317e+07;48.8364;10.6714;4.18677;0.131726
265;1.07316e+07;63.2288;13.8162;5.44172;0.171211
266;1.07316e+07;81.8625;17.8878;7.0665;0.22233
267;1.07316e+07;105.987;23.1593;9.1701;0.288515
268;1.07315e+07;137.222;29.9843;11.8936;0.374205
269;1.07315e+07;177.661;38.8207;15.4198;0.485147
270;1.07314e+07;230.017;50.2611;19.9851;0.628783
271;1.07313e+07;297.802;65.073;25.8958;0.814749
272;1.07312e+07;385.562;84.2498;33.5484;1.05552
273;1.07311e+07;499.183;109.078;43.4562;1.36724
274;1.07309e+07;646.285;141.222;56.2837;1.77083
275;1.07306e+07;836.733;182.839;72.8915;2.29335
276;1.07303e+07;1083.3;236.72;94.3934;2.96986
277;1.07299e+07;1402.51;306.478;122.232;3.84573
278;1.07294e+07;1815.77;396.79;158.273;4.97969
279;1.07287e+07;2350.78;513.713;204.936;6.44782
280;1.07277e+07;3043.38;665.086;265.349;8.34856
281;1.07266e+07;3939.98;861.054;343.563;10.8094
282;1.07251e+07;5100.61;1114.75;444.823;13.9953
283;1.07231e+07;6602.95;1443.18;575.918;18.1199
284;1.07205e+07;8547.47;1868.33;745.636;23.4596
285;1.07172e+07;11064.1;2418.67;965.351;30.3724
286;1.0713e+07;14320.9;3131.01;1249.79;39.3215
287;1.07075e+07;18534.8;4052.98;1617.99;50.9062
288;1.07003e+07;23986.1;5246.17;2094.62;65.9023
289;1.06911e+07;31036.6;6790.14;2711.57;85.3131
290;1.06792e+07;40152.7;8787.73;3510.09;110.437
291;1.06637e+07;51934.7;11371.7;4543.53;142.951
292;1.06438e+07;67154.5;14713.1;5880.84;185.026
293;1.0618e+07;86802.1;19032.8;7611.1;239.465
294;1.05848e+07;112144;24614.4;9849.36;309.886
295;1.0542e+07;144794;31822.6;12744;400.96
296;1.04868e+07;186798;41124.2;16486.4;518.703
297;1.04159e+07;240737;53115.8;21322.6;670.863
298;1.03249e+07;309835;68555.9;27569;867.391
299;1.02085e+07;398074;88404;35631.2;1121.05
300;1.00601e+07;510305;113866;46027.5;1448.14
301;9.87169e+06;652306;146440;59418.1;1869.45
302;9.63394e+06;830766;187972;76639.5;2411.28
303;9.33609e+06;1.0531e+06;240688;98744.9;3106.77
304;8.96648e+06;1.32698e+06;307219;127050;3997.32
305;8.51334e+06;1.6595e+06;390576;163179;5134.02
306;7.96631e+06;2.05568e+06;494047;209110;6579.15
307;7.31873e+06;2.5164e+06;620981;267210;8407.13
308;6.57081e+06;3.03558e+06;774397;340238;10704.8
309;5.73325e+06;3.59721e+06;956397;431307;13570
310;4.83045e+06;4.17301e+06;1.16737e+06;543779;17108.7
311;3.90172e+06;4.72242e+06;1.4051e+06;681062;21428
312;2.99842e+06;5.19645e+06;1.66393e+06;846301;26626.8
313;2.17598e+06;5.54654e+06;1.93445e+06;1.04198e+06;32783.4
314;1.48169e+06;5.73665e+06;2.20398e+06;1.26947e+06;39940.8
315;942694;5.75418e+06;2.4581e+06;1.52866e+06;48095.6
316;559938;5.61388e+06;2.68299e+06;1.81773e+06;57190.5
317;311579;5.35194e+06;2.86784e+06;2.13325e+06;67117.6
318;163720;5.01331e+06;3.00646e+06;2.47051e+06;77728.6
319;82190.5;4.63913e+06;3.09749e+06;2.82407e+06;88852.5
320;39977.8;4.25964e+06;3.14346e+06;3.18833e+06;100313
321;19118.2;3.8933e+06;3.14936e+06;3.558e+06;111944
322;9113.07;3.5494e+06;3.12124e+06;3.92837e+06;123597
323;4381.3;3.2315e+06;3.06528e+06;4.29543e+06;135145
324;2144.76;2.93999e+06;2.9872e+06;4.6559e+06;146487
325;1076.66;2.67381e+06;2.8921e+06;5.0072e+06;157539
326;557.005;2.43128e+06;2.78434e+06;5.34731e+06;168240
327;297.919;2.21054e+06;2.6676e+06;5.67475e+06;178542
328;165.025;2.00973e+06;2.54496e+06;5.98846e+06;188412
329;94.7303;1.82712e+06;2.41894e+06;6.28775e+06;197829
330;56.3424;1.66107e+06;2.29161e+06;6.57221e+06;206779
331;34.694;1.5101e+06;2.16463e+06;6.84171e+06;215258
332;22.0921;1.37285e+06;2.03933e+06;7.09627e+06;223267
333;14.5263;1.24806e+06;1.91675e+06;7.33609e+06;230812
334;9.8472;1.13462e+06;1.79769e+06;7.5615e+06;237904
335;6.8703;1.03148e+06;1.68277e+06;7.77291e+06;244556
336;4.92488;937724;1.57241e+06;7.9708e+06;250782
337;3.62102;852486;1.46692e+06;8.15572e+06;256600
338;2.72618;774996;1.36647e+06;8.32823e+06;262028
339;2.09828;704550;1.27117e+06;8.48893e+06;267084
340;1.64849;640507;1.18102e+06;8.63841e+06;271787
341;1.32003;582285;1.09598e+06;8.7773e+06;276157
342;1.07585;529355;1.01597e+06;8.90619e+06;280212
343;0.891295;481237;940850;9.02567e+06;283971
344;0.749654;437493;870470;9.13631e+06;287452
345;0.639397;397725;804650;9.23868e+06;290673
346;0.552441;361572;743199;9.33331e+06;293650
347;0.483028;328705;685916;9.42071e+06;296400
348;0.427;298826;632594;9.50137e+06;298938
349;0.38131;271663;583023;9.57576e+06;301278
350;0.343697;246968;536997;9.64433e+06;303435
351;0.312465;224519;494308;9.70748e+06;305422
352;0.286323;204110;454758;9.76561e+06;307251
353;0.264281;185557;418149;9.81909e+06;308934
354;0.245571;168690;384295;9.86826e+06;310481
355;0.22959;153356;353014;9.91345e+06;311903
356;0.215864;139416;324133;9.95497e+06;313209
357;0.204013;126743;297489;9.99309e+06;314408
358;0.193732;115222;272924;1.00281e+07;315509
359;0.184774;104748;250292;1.00602e+07;316519
360;0.176938;95226.6;229453;1.00896e+07;317445
361;0.170058;86570.5;210277;1.01166e+07;318294
362;0.163998;78701.3;192639;1.01413e+07;319072
363;0.158644;71547.3;176426;1.0164e+07;319785
364;0.153901;65043.7;161529;1.01847e+07;320438
365;0.149687;59131.2;147848;1.02037e+07;321035
366;0.145936;53756.2;135289;1.02211e+07;321582
367;0.142589;48869.8;123765;1.0237e+07;322083
368;0.139597;44427.5;113195;1.02516e+07;322541
369;0.136918;40389.1;103503;1.02649e+07;322960
370;0.134516;36717.7;94619.2;1.0277e+07;323342
371;0.132358;33380.1;86479.5;1.02882e+07;323693
372;0.130417;30345.8;79023.8;1.02983e+07;324013
373;0.128669;27587.4;72196.6;1.03076e+07;324305
374;0.127094;25079.7;65946.9;1.03161e+07;324572
375;0.125673;22799.9;60227.3;1.03239e+07;324816
376;0.12439;20727.4;54994.2;1.0331e+07;325039
377;0.12323;18843.3;50207.5;1.03374e+07;325242
378;0.12218;17130.5;45830.2;1.03433e+07;325428
379;0.121231;15573.3;41828.2;1.03487e+07;325598
380;0.120371;14157.7;38170;1.03536e+07;325752
381;0.119592;12870.8;34826.9;1.03581e+07;325894
382;0.118885;11700.8;31772.4;1.03622e+07;326023
383;0.118245;10637.2;28982;1.0366e+07;326140
384;0.117664;9670.28;26433.4;1.03694e+07;326247
385;0.117136;8791.25;24106.1;1.03725e+07;326345
386;0.116657;7992.13;21981.1;1.03753e+07;326434
387;0.116222;7265.64;20041.3;1.03779e+07;326516
388;0.115827;6605.2;18270.7;1.03803e+07;326590
389;0.115468;6004.78;16654.9;1.03824e+07;326657
390;0.115142;5458.95;15180.5;1.03844e+07;326719
391;0.114846;4962.73;13835.3;1.03862e+07;326775
392;0.114576;4511.62;12608.2;1.03878e+07;326826
393;0.114331;4101.51;11488.9;1.03893e+07;326873
394;0.114109;3728.69;10468.2;1.03906e+07;326916
395;0.113906;3389.75;9537.31;1.03918e+07;326954
396;0.113722;3081.62;8688.56;1.0393e+07;326990
397;0.113554;2801.5;7914.76;1.0394e+07;327022
398;0.113402;2546.85;7209.35;1.03949e+07;327051
399;0.113263;2315.34;6566.37;1.03958e+07;327078
400;0.113137;2104.87;5980.33;1.03965e+07;327102
401;0.113022;1913.54;5446.25;1.03972e+07;327124
402;0.112918;1739.6;4959.56;1.03979e+07;327144
403;0.112823;1581.47;4516.1;1.03985e+07;327163
404;0.112736;1437.71;4112.05;1.0399e+07;327179
405;0.112658;1307.03;3743.95;1.03995e+07;327195
406;0.112586;1188.22;3408.61;1.03999e+07;327208
407;0.112521;1080.21;3103.16;1.04003e+07;327221
408;0.112462;982.018;2824.94;1.04007e+07;327233
409;0.112408;892.752;2571.54;1.0401e+07;327243
410;0.112359;811.601;2340.76;1.04013e+07;327252
411;0.112314;737.827;2130.6;1.04016e+07;327261
412;0.112274;670.758;1939.23;1.04018e+07;327269
413;0.112237;609.786;1764.97;1.04021e+07;327276
414;0.112203;554.357;1606.31;1.04023e+07;327283
415;0.112173;503.966;1461.86;1.04025e+07;327289
416;0.112145;458.155;1330.34;1.04026e+07;327294
417;0.11212;416.509;1210.62;1.04028e+07;327299
418;0.112097;378.648;1101.63;1.04029e+07;327303
419;0.112076;344.229;1002.42;1.04031e+07;327308
420;0.112057;312.939;912.119;1.04032e+07;327311
421;0.112039;284.493;829.925;1.04033e+07;327315
422;0.112023;258.632;755.116;1.04034e+07;327318
423;0.112009;235.123;687.03;1.04035e+07;327321
424;0.111996;213.75;625.066;1.04036e+07;327323
425;0.111984;194.32;568.675;1.04036e+07;327325
426;0.111973;176.657;517.359;1.04037e+07;327327
427;0.111964;160.598;470.661;1.04038e+07;327329
428;0.111955;146;428.168;1.04038e+07;327331
429;0.111947;132.729;389.503;1.04039e+07;327333
430;0.111939;120.664;354.321;1.04039e+07;327334
431;0.111932;109.695;322.31;1.0404e+07;327335
432;0.111926;99.724;293.185;1.0404e+07;327337
433;0.111921;90.6591;266.687;1.0404e+07;327338
434;0.111916;82.4182;242.579;1.04041e+07;327339
435;0.111911;74.9264;220.646;1.04041e+07;327340
436;0.111907;68.1156;200.692;1.04041e+07;327340
437;0.111903;61.9239;182.54;1.04041e+07;327341
438;0.1119;56.295;166.027;1.04042e+07;327342
439;0.111896;51.1778;151.005;1.04042e+07;327342
440;0.111894;46.5257;137.34;1.04042e+07;327343
441;0.111891;42.2965;124.91;1.04042e+07;327344
442;0.111889;38.4518;113.603;1.04042e+07;327344
443;0.111886;34.9565;103.318;1.04042e+07;327344
444;0.111884;31.779;93.9634;1.04043e+07;327345
445;0.111883;28.8903;85.4543;1.04043e+07;327345
446;0.111881;26.2642;77.7148;1.04043e+07;327345
447;0.11188;23.8767;70.6754;1.04043e+07;327346
448;0.111878;21.7063;64.2729;1.04043e+07;327346
449;0.111877;19.7332;58.4497;1.04043e+07;327346
450;0.111876;17.9395;53.1535;1.04043e+07;327346
451;0.111875;16.3088;48.3367;1.04043e+07;327347
452;0.111874;14.8263;43.9559;1.04043e+07;327347
453;0.111873;13.4786;39.9718;1.04043e+07;327347
454;0.111872;12.2534;36.3484;1.04043e+07;327347
455;0.111872;11.1396;33.0532;1.04043e+07;327347
456;0.111871;10.127;30.0564;1.04043e+07;327347
457;0.111871;9.20644;27.3311;1.04043e+07;327348
458;0.11187;8.36958;24.8527;1.04043e+07;327348
459;0.11187;7.60878;22.5989;1.04043e+07;327348
460;0.111869;6.91715;20.5493;1.04044e+07;327348
461;0.111869;6.28838;18.6854;1.04044e+07;327348
462;0.111868;5.71676;16.9905;1.04044e+07;327348
463;0.111868;5.19711;15.4492;1.04044e+07;327348
464;0.111868;4.72469;14.0476;1.04044e+07;327348
465;0.111867;4.29522;12.7731;1.04044e+07;327348
466;0.111867;3.90478;11.6142;1.04044e+07;327348
467;0.111867;3.54984;10.5603;1.04044e+07;327348
468;0.111867;3.22716;9.60204;1.04044e+07;327348
469;0.111867;2.93381;8.73066;1.04044e+07;327348
470;0.111866;2.66713;7.93831;1.04044e+07;327348
471;0.111866;2.42469;7.21784;1.04044e+07;327348
472;0.111866;2.20428;6.56272;1.04044e+07;327348
473;0.111866;2.00391;5.96703;1.04044e+07;327348
474;0.111866;1.82176;5.42538;1.04044e+07;327348
475;0.111866;1.65616;4.93288;1.04044e+07;327348
476;0.111866;1.50561;4.48507;1.04044e+07;327348
477;0.111866;1.36875;4.07789;1.04044e+07;327348
478;0.111866;1.24433;3.70766;1.04044e+07;327348
479;0.111865;1.13122;3.37103;1.04044e+07;327348
480;0.111865;1.0284;3.06495;1.04044e+07;327349
481;0.111865;0.934915;2.78666;1.04044e+07;327349
482;0.111865;0.849932;2.53362;1.04044e+07;327349
483;0.111865;0.772673;2.30355;1.04044e+07;327349
484;0.111865;0.702437;2.09437;1.04044e+07;327349
485;0.111865;0.638586;1.90417;1.04044e+07;327349
486;0.111865;0.580538;1.73124;1.04044e+07;327349
487;0.111865;0.527767;1.57401;1.04044e+07;327349
488;0.111865;0.479793;1.43106;1.04044e+07;327349
489;0.111865;0.43618;1.30109;1.04044e+07;327349
490;0.111865;0.396531;1.18291;1.04044e+07;327349
491;0.111865;0.360487;1.07547;1.04044e+07;327349
492;0.111865;0.327718;0.977783;1.04044e+07;327349
493;0.111865;0.297929;0.888968;1.04044e+07;327349
494;0.111865;0.270847;0.808218;1.04044e+07;327349
495;0.111865;0.246227;0.734801;1.04044e+07;327349
496;0.111865;0.223845;0.668052;1.04044e+07;327349
497;0.111865;0.203498;0.607365;1.04044e+07;327349
498;0.111865;0.185;0.552189;1.04044e+07;327349
499;0.111865;0.168183;0.502025;1.04044e+07;327349
500;0.111865;0.152895;0.456417;1.04044e+07;327349
