203;1.72478e+07;1.7647;0.8787;0.1176;0.0037
204;1.72478e+07;3.15493;0.932525;0.220935;0.00695119
205;1.72478e+07;4.51377;1.10619;0.3306;0.0104015
206;1.72478e+07;6.05557;1.38231;0.460688;0.0144944
207;1.72478e+07;7.94449;1.76509;0.623248;0.019609
208;1.72478e+07;10.3372;2.27314;0.830823;0.0261398
209;1.72478e+07;13.4089;2.93706;1.09814;0.0345505
210;1.72478e+07;17.3731;3.79966;1.44354;0.0454176
211;1.72478e+07;22.4991;4.91798;1.89038;0.0594763
212;1.72478e+07;29.1327;6.3666;2.46874;0.0776728
213;1.72478e+07;37.7197;8.24249;3.21745;0.101229
214;1.72477e+07;48.8364;10.6714;4.18677;0.131726
215;1.72477e+07;63.2289;13.8162;5.44172;0.171211
216;1.72477e+07;81.8627;17.8878;7.06651;0.222331
217;1.72477e+07;105.988;23.1593;9.17011;0.288515
218;1.72476e+07;137.222;29.9844;11.8936;0.374205
219;1.72476e+07;177.662;38.8208;15.4198;0.485147
220;1.72475e+07;230.019;50.2613;19.9851;0.628784
221;1.72474e+07;297.804;65.0733;25.8959;0.814751
222;1.72473e+07;385.566;84.2503;33.5485;1.05552
223;1.72472e+07;499.191;109.079;43.4563;1.36725
224;1.7247e+07;646.298;141.224;56.284;1.77084
225;1.72467e+07;836.755;182.842;72.8919;2.29337
226;1.72464e+07;1083.33;236.724;94.3941;2.96988
227;1.7246e+07;1402.57;306.485;122.233;3.84576
228;1.72454e+07;1815.88;396.802;158.276;4.97976
229;1.72447e+07;2350.95;513.733;204.939;6.44792
230;1.72438e+07;3043.67;665.119;265.354;8.34874
231;1.72427e+07;3940.47;861.11;343.572;10.8097
232;1.72411e+07;5101.43;1114.85;444.839;13.9958
233;1.72392e+07;6604.31;1443.33;575.945;18.1207
234;1.72366e+07;8549.76;1868.59;745.681;23.461
235;1.72333e+07;11068;2419.1;965.427;30.3748
236;1.72291e+07;14327.3;3131.74;1249.91;39.3255
237;1.72235e+07;18545.5;4054.21;1618.21;50.913
238;1.72164e+07;24004.2;5248.23;2094.98;65.9136
239;1.72072e+07;31066.9;6793.59;2712.17;85.332
240;1.71952e+07;40203.4;8793.51;3511.1;110.468
241;1.71797e+07;52019.5;11381.3;4545.22;143.004
242;1.71597e+07;67296.5;14729.4;5883.66;185.115
243;1.71339e+07;87039.6;19059.9;7615.84;239.614
244;1.71004e+07;112541;24659.9;9857.29;310.136
245;1.70573e+07;145457;31898.6;12757.3;401.377
246;1.70016e+07;187906;41251.4;16508.6;519.402
247;1.69299e+07;242585;53328.3;21359.7;672.032
248;1.68375e+07;312911;68910.5;27631.1;869.347
249;1.67188e+07;403187;88995.3;35735;1124.32
250;1.65665e+07;518780;114850;46200.8;1453.6
251;1.63718e+07;666309;148076;59707.2;1878.54
252;1.61238e+07;853806;190681;77120.9;2426.42
253;1.58092e+07;1.09081e+06;245163;99545;3131.94
254;1.54125e+07;1.38827e+06;314579;128376;4039.05
255;1.49164e+07;1.75826e+06;402614;165371;5202.99
256;1.43017e+07;2.21308e+06;513604;212718;6692.66
257;1.35499e+07;2.76374e+06;652472;273118;8592.99
258;1.26449e+07;3.41752e+06;824551;349849;11007.1
259;1.15774e+07;4.17431e+06;1.03519e+06;446816;14058
260;1.03502e+07;5.02209e+06;1.28906e+06;568554;17888.2
261;8.98371e+06;5.93208e+06;1.58921e+06;720147;22657.7
262;7.52105e+06;6.85552e+06;1.93566e+06;907038;28537.8
263;6.02907e+06;7.72433e+06;2.32403e+06;1.13467e+06;35699.7
264;4.59249e+06;8.45877e+06;2.74427e+06;1.40798e+06;44298.6
265;3.2997e+06;8.98266e+06;3.18029e+06;1.7307e+06;54452.4
266;2.22261e+06;9.24322e+06;3.61105e+06;2.10471e+06;66219.5
267;1.39828e+06;9.22735e+06;4.01324e+06;2.52937e+06;79580.4
268;821467;8.96539e+06;4.3652e+06;3.00132e+06;94429.4
269;452562;8.51934e+06;4.65065e+06;3.51467e+06;110581
270;235831;7.96167e+06;4.86094e+06;4.06159e+06;127788
271;117666;7.35612e+06;4.99502e+06;4.63323e+06;145773
272;57019;6.74809e+06;5.0578e+06;5.22065e+06;164255
273;27228.9;6.16448e+06;5.05769e+06;5.81544e+06;182969
274;12987.6;5.61837e+06;5.00454e+06;6.41023e+06;201682
275;6258.78;5.11439e+06;4.9082e+06;6.99876e+06;220199
276;3075.11;4.65268e+06;4.77773e+06;7.57597e+06;238359
277;1550.84;4.23127e+06;4.62112e+06;8.13783e+06;256037
278;806.542;3.84739e+06;4.4452e+06;8.68127e+06;273135
279;433.818;3.49804e+06;4.25573e+06;9.20403e+06;289582
280;241.699;3.18026e+06;4.05748e+06;9.7045e+06;305329
281;139.552;2.89128e+06;3.85439e+06;1.01817e+07;320341
282;83.477;2.62851e+06;3.64967e+06;1.06349e+07;334603
283;51.6889;2.38961e+06;3.4459e+06;1.10641e+07;348106
284;33.0898;2.17242e+06;3.24513e+06;1.14694e+07;360856
285;21.8685;1.97496e+06;3.04897e+06;1.1851e+07;372863
286;14.8958;1.79544e+06;2.85865e+06;1.22096e+07;384144
287;10.4398;1.63224e+06;2.6751e+06;1.25457e+07;394721
288;7.51552;1.48387e+06;2.49898e+06;1.28603e+07;404619
289;5.54778;1.34899e+06;2.33074e+06;1.31542e+07;413865
290;4.19229;1.22637e+06;2.17064e+06;1.34283e+07;422489
291;3.23785;1.11489e+06;2.01882e+06;1.36836e+07;430521
292;2.55194;1.01355e+06;1.87528e+06;1.3921e+07;437990
293;2.04955;921417;1.73994e+06;1.41415e+07;444929
294;1.67502;837661;1.61264e+06;1.43461e+07;451367
295;1.39122;761518;1.49317e+06;1.45358e+07;457333
296;1.17289;692296;1.38127e+06;1.47114e+07;462858
297;1.00256;629366;1.27665e+06;1.48738e+07;467969
298;0.867957;572157;1.17901e+06;1.5024e+07;472692
299;0.760306;520148;1.088e+06;1.51626e+07;477055
300;0.673263;472867;1.00331e+06;1.52906e+07;481080
301;0.602168;429883;924591;1.54085e+07;484793
302;0.543556;390807;851514;1.55173e+07;488214
303;0.494821;355283;783750;1.56174e+07;491364
304;0.453978;322987;720976;1.57096e+07;494264
305;0.419502;293628;662881;1.57944e+07;496932
306;0.390206;266937;609165;1.58723e+07;499384
307;0.365161;242673;559537;1.5944e+07;501638
308;0.34363;220614;513725;1.60098e+07;503708
309;0.325025;200560;471464;1.60702e+07;505609
310;0.308873;182329;432506;1.61256e+07;507354
311;0.294791;165755;396617;1.61765e+07;508954
312;0.282465;150688;363574;1.62231e+07;510421
313;0.271637;136991;333170;1.62659e+07;511767
314;0.262094;124538;305209;1.63051e+07;512999
315;0.253659;113218;279508;1.6341e+07;514129
316;0.246182;102926;255895;1.63738e+07;515163
317;0.239538;93570.2;234211;1.64039e+07;516110
318;0.233621;85064.7;214307;1.64315e+07;516976
319;0.22834;77332.3;196044;1.64567e+07;517769
320;0.223618;70302.8;179293;1.64797e+07;518495
321;0.219389;63912.3;163935;1.65008e+07;519158
322;0.215595;58102.7;149860;1.65201e+07;519764
323;0.212187;52821.1;136963;1.65377e+07;520319
324;0.209121;48019.7;125151;1.65538e+07;520826
325;0.20636;43654.7;114335;1.65685e+07;521289
326;0.20387;39686.5;104435;1.6582e+07;521712
327;0.201624;36079;95374.1;1.65943e+07;522098
328;0.199595;32799.4;87084.8;1.66055e+07;522451
329;0.197761;29818;79502.9;1.66157e+07;522773
330;0.196102;27107.5;72569.6;1.66251e+07;523067
331;0.194601;24643.4;66231;1.66336e+07;523336
332;0.193241;22403.4;60437.3;1.66414e+07;523581
333;0.192008;20366.9;55142.7;1.66485e+07;523805
334;0.190891;18515.5;50305.2;1.6655e+07;524009
335;0.189878;16832.5;45886.3;1.66609e+07;524195
336;0.188959;15302.4;41850.3;1.66663e+07;524365
337;0.188124;13911.4;38164.9;1.66712e+07;524519
338;0.187366;12646.9;34800;1.66757e+07;524661
339;0.186678;11497.3;31728.4;1.66798e+07;524789
340;0.186053;10452.2;28924.8;1.66835e+07;524907
341;0.185486;9502.07;26366.4;1.66869e+07;525014
342;0.184969;8638.33;24031.9;1.669e+07;525111
343;0.1845;7853.11;21902;1.66929e+07;525200
344;0.184074;7139.26;19959.2;1.66954e+07;525281
345;0.183686;6490.3;18187.1;1.66978e+07;525355
346;0.183334;5900.33;16570.9;1.66999e+07;525422
347;0.183013;5363.99;15097.2;1.67019e+07;525484
348;0.182721;4876.41;13753.5;1.67036e+07;525540
349;0.182456;4433.14;12528.5;1.67053e+07;525591
350;0.182215;4030.17;11411.8;1.67067e+07;525637
351;0.181996;3663.83;10393.8;1.67081e+07;525679
352;0.181796;3330.79;9466.12;1.67093e+07;525718
353;0.181614;3028.02;8620.64;1.67104e+07;525753
354;0.181449;2752.77;7850.21;1.67114e+07;525784
355;0.181299;2502.54;7148.2;1.67123e+07;525814
356;0.181162;2275.06;6508.61;1.67132e+07;525840
357;0.181038;2068.26;5925.92;1.67139e+07;525864
358;0.180924;1880.26;5395.11;1.67146e+07;525886
359;0.180821;1709.34;4911.6;1.67153e+07;525906
360;0.180728;1553.96;4471.2;1.67159e+07;525924
361;0.180642;1412.71;4070.1;1.67164e+07;525941
362;0.180565;1284.29;3704.81;1.67169e+07;525956
363;0.180494;1167.55;3372.16;1.67173e+07;525969
364;0.18043;1061.42;3069.25;1.67177e+07;525982
365;0.180372;964.936;2793.43;1.67181e+07;525993
366;0.180318;877.223;2542.3;1.67184e+07;526004
367;0.18027;797.484;2313.66;1.67187e+07;526013
368;0.180226;724.993;2105.5;1.6719e+07;526022
369;0.180186;659.091;1916.01;1.67192e+07;526029
370;0.18015;599.18;1743.51;1.67194e+07;526036
371;0.180116;544.714;1586.48;1.67196e+07;526043
372;0.180086;495.2;1443.56;1.67198e+07;526049
373;0.180059;450.186;1313.47;1.672e+07;526054
374;0.180034;409.264;1195.07;1.67201e+07;526059
375;0.180011;372.062;1087.31;1.67203e+07;526063
376;0.17999;338.242;989.237;1.67204e+07;526067
377;0.179972;307.495;899.989;1.67205e+07;526071
378;0.179955;279.544;818.772;1.67206e+07;526074
379;0.179939;254.134;744.865;1.67207e+07;526077
380;0.179925;231.033;677.614;1.67208e+07;526080
381;0.179912;210.032;616.42;1.67209e+07;526083
382;0.1799;190.94;560.74;1.6721e+07;526085
383;0.17989;173.584;510.079;1.6721e+07;526087
384;0.17988;157.805;463.985;1.67211e+07;526089
385;0.179871;143.46;422.048;1.67212e+07;526091
386;0.179863;130.42;383.894;1.67212e+07;526092
387;0.179856;118.565;349.183;1.67212e+07;526094
388;0.179849;107.787;317.605;1.67213e+07;526095
389;0.179843;97.9894;288.877;1.67213e+07;526096
390;0.179838;89.0821;262.744;1.67214e+07;526097
391;0.179833;80.9846;238.97;1.67214e+07;526098
392;0.179828;73.6231;217.345;1.67214e+07;526099
393;0.179824;66.9308;197.673;1.67214e+07;526100
394;0.17982;60.8468;179.779;1.67215e+07;526101
395;0.179817;55.3158;163.503;1.67215e+07;526101
396;0.179814;50.2876;148.698;1.67215e+07;526102
397;0.179811;45.7164;135.232;1.67215e+07;526102
398;0.179808;41.5608;122.984;1.67215e+07;526103
399;0.179806;37.7829;111.844;1.67216e+07;526103
400;0.179804;34.3485;101.712;1.67216e+07;526104
401;0.179802;31.2262;92.4966;1.67216e+07;526104
402;0.1798;28.3877;84.1152;1.67216e+07;526104
403;0.179799;25.8073;76.4925;1.67216e+07;526105
404;0.179797;23.4614;69.5598;1.67216e+07;526105
405;0.179796;21.3288;63.2549;1.67216e+07;526105
406;0.179795;19.39;57.5209;1.67216e+07;526106
407;0.179794;17.6274;52.3061;1.67216e+07;526106
408;0.179793;16.0251;47.5637;1.67216e+07;526106
409;0.179792;14.5684;43.2509;1.67216e+07;526106
410;0.179791;13.2442;39.3289;1.67216e+07;526106
411;0.17979;12.0403;35.7622;1.67217e+07;526106
412;0.179789;10.9458;32.5187;1.67217e+07;526107
413;0.179789;9.95083;29.5691;1.67217e+07;526107
414;0.179788;9.0463;26.8869;1.67217e+07;526107
415;0.179788;8.22399;24.4479;1.67217e+07;526107
416;0.179787;7.47643;22.2299;1.67217e+07;526107
417;0.179787;6.79683;20.213;1.67217e+07;526107
418;0.179787;6.17899;18.379;1.67217e+07;526107
419;0.179786;5.61732;16.7113;1.67217e+07;526107
420;0.179786;5.10671;15.1948;1.67217e+07;526107
421;0.179786;4.64251;13.8159;1.67217e+07;526107
422;0.179785;4.22051;12.562;1.67217e+07;526107
423;0.179785;3.83686;11.4219;1.67217e+07;526107
424;0.179785;3.48809;10.3852;1.67217e+07;526107
425;0.179785;3.17102;9.44254;1.67217e+07;526108
426;0.179784;2.88278;8.58541;1.67217e+07;526108
427;0.179784;2.62073;7.80604;1.67217e+07;526108
428;0.179784;2.38251;7.09739;1.67217e+07;526108
429;0.179784;2.16594;6.45305;1.67217e+07;526108
430;0.179784;1.96906;5.86718;1.67217e+07;526108
431;0.179784;1.79007;5.33448;1.67217e+07;526108
432;0.179784;1.62735;4.85012;1.67217e+07;526108
433;0.179784;1.47943;4.40973;1.67217e+07;526108
434;0.179784;1.34495;4.00931;1.67217e+07;526108
435;0.179783;1.22269;3.64524;1.67217e+07;526108
436;0.179783;1.11155;3.31421;1.67217e+07;526108
437;0.179783;1.01051;3.01324;1.67217e+07;526108
438;0.179783;0.918653;2.73959;1.67217e+07;526108
439;0.179783;0.835148;2.49078;1.67217e+07;526108
440;0.179783;0.759233;2.26456;1.67217e+07;526108
441;0.179783;0.690218;2.05889;1.67217e+07;526108
442;0.179783;0.627478;1.87188;1.67217e+07;526108
443;0.179783;0.57044;1.70186;1.67217e+07;526108
444;0.179783;0.518587;1.54728;1.67217e+07;526108
445;0.179783;0.471447;1.40673;1.67217e+07;526108
446;0.179783;0.428593;1.27895;1.67217e+07;526108
447;0.179783;0.389634;1.16277;1.67217e+07;526108
448;0.179783;0.354216;1.05715;1.67217e+07;526108
449;0.179783;0.322018;0.961113;1.67217e+07;526108
450;0.179783;0.292747;0.873802;1.67217e+07;526108
451;0.179783;0.266136;0.79442;1.67217e+07;526108
452;0.179783;0.241944;0.722249;1.67217e+07;526108
453;0.179783;0.219951;0.656633;1.67217e+07;526108
454;0.179783;0.199958;0.596977;1.67217e+07;526108
455;0.179783;0.181782;0.54274;1.67217e+07;526108
456;0.179783;0.165258;0.493429;1.67217e+07;526108
