151;1.24143e+07;1.7647;0.8787;0.1176;0.0037
152;1.24143e+07;3.15493;0.932525;0.220935;0.00695119
153;1.24143e+07;4.51377;1.10619;0.3306;0.0104015
154;1.24143e+07;6.05557;1.38231;0.460688;0.0144944
155;1.24143e+07;7.94449;1.76509;0.623248;0.019609
156;1.24143e+07;10.3372;2.27314;0.830823;0.0261398
157;1.24143e+07;13.4089;2.93706;1.09814;0.0345505
158;1.24143e+07;17.3731;3.79966;1.44354;0.0454176
159;1.24143e+07;22.4991;4.91798;1.89038;0.0594763
160;1.24143e+07;29.1327;6.3666;2.46874;0.0776728
161;1.24143e+07;37.7196;8.24249;3.21745;0.101229
162;1.24143e+07;48.8364;10.6714;4.18677;0.131726
163;1.24142e+07;63.2289;13.8162;5.44172;0.171211
164;1.24142e+07;81.8626;17.8878;7.0665;0.22233
165;1.24142e+07;105.988;23.1593;9.17011;0.288515
166;1.24141e+07;137.222;29.9844;11.8936;0.374205
167;1.24141e+07;177.661;38.8207;15.4198;0.485147
168;1.2414e+07;230.018;50.2612;19.9851;0.628784
169;1.24139e+07;297.803;65.0731;25.8958;0.81475
170;1.24138e+07;385.563;84.25;33.5484;1.05552
171;1.24137e+07;499.186;109.078;43.4562;1.36725
172;1.24135e+07;646.29;141.223;56.2838;1.77083
173;1.24132e+07;836.741;182.84;72.8916;2.29336
174;1.24129e+07;1083.31;236.722;94.3937;2.96987
175;1.24125e+07;1402.53;306.48;122.232;3.84574
176;1.24119e+07;1815.81;396.795;158.274;4.97972
177;1.24112e+07;2350.84;513.72;204.937;6.44786
178;1.24103e+07;3043.49;665.098;265.351;8.34862
179;1.24092e+07;3940.16;861.074;343.566;10.8095
180;1.24076e+07;5100.9;1114.79;444.829;13.9955
181;1.24057e+07;6603.44;1443.23;575.927;18.1202
182;1.24031e+07;8548.29;1868.42;745.652;23.4601
183;1.23998e+07;11065.5;2418.82;965.378;30.3733
184;1.23956e+07;14323.2;3131.27;1249.83;39.3229
185;1.23901e+07;18538.6;4053.43;1618.07;50.9087
186;1.23829e+07;23992.6;5246.91;2094.75;65.9063
187;1.23737e+07;31047.5;6791.38;2711.79;85.3199
188;1.23617e+07;40170.9;8789.8;3510.45;110.448
189;1.23463e+07;51965.1;11375.1;4544.14;142.97
190;1.23263e+07;67205.4;14719;5881.85;185.058
191;1.23005e+07;86887.2;19042.5;7612.8;239.518
192;1.22672e+07;112286;24630.7;9852.2;309.976
193;1.22243e+07;145031;31849.8;12748.8;401.109
194;1.21689e+07;187195;41169.8;16494.3;518.954
195;1.20977e+07;241398;53191.9;21335.9;671.282
196;1.20062e+07;310933;68682.8;27591.2;868.092
197;1.1889e+07;399898;88615.4;35668.3;1122.22
198;1.17392e+07;513321;114216;46089.4;1450.09
199;1.15486e+07;657279;147023;59521.2;1872.69
200;1.13072e+07;838927;188936;76811.1;2416.68
201;1.10035e+07;1.06641e+06;242276;99029.9;3115.74
202;1.06244e+07;1.34852e+06;309825;127522;4012.16
203;1.01564e+07;1.69401e+06;394824;163957;5158.51
204;9.58611e+06;2.11028e+06;500917;210388;6619.36
205;8.90316e+06;2.6014e+06;631980;269296;8472.75
206;8.10279e+06;3.16531e+06;791789;343617;10811.1
207;7.19001e+06;3.79037e+06;983471;436731;13740.7
208;6.18372e+06;4.45211e+06;1.20872e+06;552388;17379.5
209;5.11975e+06;5.11139e+06;1.4668e+06;694533;21851.8
210;4.05037e+06;5.71614e+06;1.7535e+06;867029;27279
211;3.03855e+06;6.20836e+06;2.0604e+06;1.07324e+06;33766.9
212;2.14617e+06;6.5364e+06;2.37481e+06;1.31554e+06;41390.4
213;1.41924e+06;6.66917e+06;2.68091e+06;1.59482e+06;50177.2
214;876188;6.606e+06;2.96194e+06;1.9101e+06;60096.6
215;505483;6.37622e+06;3.20314e+06;2.25842e+06;71055.7
216;273998;6.0281e+06;3.3942e+06;2.63511e+06;82907.4
217;140909;5.61324e+06;3.53044e+06;3.03427e+06;95465.9
218;69645.6;5.17426e+06;3.61244e+06;3.44945e+06;108529
219;33566.6;4.74e+06;3.64459e+06;3.87427e+06;121895
220;16004;4.32669e+06;3.63337e+06;4.30287e+06;135380
221;7647.07;3.94175e+06;3.58594e+06;4.73016e+06;148823
222;3701.75;3.58739e+06;3.50927e+06;5.15186e+06;162091
223;1830.73;3.26317e+06;3.40969e+06;5.56455e+06;175075
224;930.705;2.96745e+06;3.29271e+06;5.96553e+06;187691
225;488.392;2.69815e+06;3.16305e+06;6.35276e+06;199874
226;265.204;2.45311e+06;3.02463e+06;6.72473e+06;211577
227;149.202;2.23024e+06;2.88073e+06;7.08043e+06;222769
228;86.9881;2.02757e+06;2.73403e+06;7.4192e+06;233427
229;52.533;1.8433e+06;2.5867e+06;7.74072e+06;243543
230;32.8301;1.67576e+06;2.44049e+06;8.04492e+06;253114
231;21.2038;1.52345e+06;2.29678e+06;8.33192e+06;262144
232;14.1317;1.38497e+06;2.15667e+06;8.60202e+06;270642
233;9.70278;1.25909e+06;2.02096e+06;8.85565e+06;278622
234;6.85138;1.14464e+06;1.89026e+06;9.09331e+06;286099
235;4.96698;1.04059e+06;1.76502e+06;9.31561e+06;293093
236;3.69064;946003;1.64552e+06;9.52317e+06;299624
237;2.80601;860012;1.53191e+06;9.71668e+06;305712
238;2.17955;781838;1.42426e+06;9.89684e+06;311380
239;1.72693;710769;1.32257e+06;1.00643e+07;316650
240;1.39376;646161;1.22675e+06;1.02199e+07;321543
241;1.14425;587425;1.13668e+06;1.03641e+07;326082
242;0.954377;534028;1.0522e+06;1.04978e+07;330288
243;0.807729;485485;973109;1.06215e+07;334181
244;0.692907;441355;899202;1.0736e+07;337782
245;0.601862;401236;830248;1.08417e+07;341109
246;0.528823;364763;766011;1.09394e+07;344181
247;0.469598;331606;706251;1.10294e+07;347015
248;0.421098;301463;650726;1.11125e+07;349628
249;0.381018;274060;599196;1.1189e+07;352036
250;0.347617;249148;551425;1.12595e+07;354253
251;0.319569;226501;507185;1.13243e+07;356293
252;0.295848;205912;466252;1.1384e+07;358170
253;0.275657;187195;428413;1.14388e+07;359895
254;0.258369;170179;393463;1.14892e+07;361480
255;0.243485;154709;361205;1.15355e+07;362936
256;0.230607;140646;331454;1.15779e+07;364272
257;0.219413;127862;304033;1.16169e+07;365498
258;0.209643;116239;278777;1.16527e+07;366623
259;0.201082;105673;255527;1.16855e+07;367655
260;0.193555;96067.2;234137;1.17155e+07;368600
261;0.186916;87334.7;214469;1.1743e+07;369467
262;0.181043;79396;196393;1.17683e+07;370260
263;0.175833;72178.9;179787;1.17914e+07;370987
264;0.171201;65617.8;164540;1.18125e+07;371652
265;0.167073;59653.2;150546;1.18319e+07;372261
266;0.163387;54230.7;137707;1.18496e+07;372818
267;0.16009;49301.1;125933;1.18658e+07;373327
268;0.157135;44819.7;115139;1.18806e+07;373793
269;0.154484;40745.6;105247;1.18941e+07;374219
270;0.152101;37041.8;96183.9;1.19065e+07;374609
271;0.149956;33674.7;87883.9;1.19178e+07;374965
272;0.148025;30613.7;80284.6;1.19281e+07;375290
273;0.146283;27830.9;73328.9;1.19376e+07;375587
274;0.14471;25301.1;66963.9;1.19462e+07;375858
275;0.14329;23001.2;61141.1;1.19541e+07;376106
276;0.142005;20910.4;55815.5;1.19613e+07;376332
277;0.140844;19009.6;50945.8;1.19678e+07;376539
278;0.139792;17281.7;46494.1;1.19738e+07;376727
279;0.138839;15710.8;42425.2;1.19793e+07;376899
280;0.137975;14282.7;38707.2;1.19843e+07;377056
281;0.137192;12984.4;35310.3;1.19888e+07;377199
282;0.136482;11804.1;32207.4;1.1993e+07;377330
283;0.135838;10731.1;29373.6;1.19968e+07;377449
284;0.135253;9755.63;26786.1;1.20002e+07;377558
285;0.134722;8868.85;24423.7;1.20034e+07;377657
286;0.134239;8062.67;22267.3;1.20062e+07;377747
287;0.133801;7329.77;20299.2;1.20089e+07;377830
288;0.133403;6663.5;18503.2;1.20112e+07;377905
289;0.133041;6057.79;16864.4;1.20134e+07;377973
290;0.132712;5507.13;15369.4;1.20154e+07;378036
291;0.132413;5006.54;14005.7;1.20172e+07;378093
292;0.132141;4551.44;12761.9;1.20189e+07;378144
293;0.131894;4137.72;11627.6;1.20204e+07;378192
294;0.131669;3761.6;10593.3;1.20217e+07;378235
295;0.131464;3419.67;9650.27;1.2023e+07;378274
296;0.131278;3108.82;8790.54;1.20241e+07;378310
297;0.131109;2826.23;8006.84;1.20251e+07;378342
298;0.130955;2569.33;7292.52;1.20261e+07;378372
299;0.130815;2335.77;6641.49;1.20269e+07;378399
300;0.130688;2123.45;6048.2;1.20277e+07;378423
301;0.130572;1930.43;5507.57;1.20284e+07;378446
302;0.130466;1754.95;5014.98;1.20291e+07;378466
303;0.130371;1595.43;4566.19;1.20297e+07;378485
304;0.130283;1450.4;4157.33;1.20302e+07;378501
305;0.130204;1318.56;3784.89;1.20307e+07;378517
306;0.130132;1198.71;3445.64;1.20311e+07;378531
307;0.130066;1089.74;3136.65;1.20315e+07;378544
308;0.130006;990.686;2855.23;1.20319e+07;378555
309;0.129952;900.633;2598.94;1.20323e+07;378566
310;0.129902;818.765;2365.56;1.20326e+07;378575
311;0.129857;744.339;2153.04;1.20328e+07;378584
312;0.129816;676.679;1959.54;1.20331e+07;378592
313;0.129779;615.169;1783.36;1.20333e+07;378599
314;0.129745;559.25;1622.95;1.20335e+07;378606
315;0.129714;508.414;1476.93;1.20337e+07;378612
316;0.129686;462.199;1343.99;1.20339e+07;378617
317;0.12966;420.186;1222.98;1.20341e+07;378622
318;0.129637;381.991;1112.83;1.20342e+07;378627
319;0.129616;347.268;1012.56;1.20343e+07;378631
320;0.129597;315.701;921.305;1.20344e+07;378635
321;0.129579;287.004;838.248;1.20346e+07;378638
322;0.129563;260.915;762.657;1.20347e+07;378641
323;0.129549;237.198;693.864;1.20347e+07;378644
324;0.129536;215.637;631.26;1.20348e+07;378647
325;0.129524;196.035;574.289;1.20349e+07;378649
326;0.129513;178.216;522.448;1.2035e+07;378651
327;0.129503;162.016;475.275;1.2035e+07;378653
328;0.129494;147.289;432.351;1.20351e+07;378655
329;0.129486;133.9;393.295;1.20351e+07;378656
330;0.129478;121.729;357.76;1.20352e+07;378658
331;0.129471;110.664;325.429;1.20352e+07;378659
332;0.129465;100.604;296.014;1.20353e+07;378660
333;0.129459;91.4593;269.252;1.20353e+07;378662
334;0.129454;83.1457;244.906;1.20353e+07;378663
335;0.12945;75.5878;222.757;1.20354e+07;378663
336;0.129445;68.7168;202.607;1.20354e+07;378664
337;0.129442;62.4705;184.277;1.20354e+07;378665
338;0.129438;56.7919;167.603;1.20354e+07;378666
339;0.129435;51.6295;152.435;1.20354e+07;378666
340;0.129432;46.9364;138.638;1.20355e+07;378667
341;0.129429;42.6699;126.088;1.20355e+07;378667
342;0.129427;38.7912;114.672;1.20355e+07;378668
343;0.129425;35.2651;104.288;1.20355e+07;378668
344;0.129423;32.0595;94.8437;1.20355e+07;378669
345;0.129421;29.1453;86.2534;1.20355e+07;378669
346;0.129419;26.496;78.4401;1.20355e+07;378669
347;0.129418;24.0875;71.3338;1.20356e+07;378670
348;0.129417;21.8979;64.8706;1.20356e+07;378670
349;0.129415;19.9074;58.9923;1.20356e+07;378670
350;0.129414;18.0978;53.6461;1.20356e+07;378670
351;0.129413;16.4527;48.784;1.20356e+07;378671
352;0.129412;14.9572;44.362;1.20356e+07;378671
353;0.129411;13.5976;40.3405;1.20356e+07;378671
354;0.129411;12.3616;36.6832;1.20356e+07;378671
355;0.12941;11.2379;33.3572;1.20356e+07;378671
356;0.129409;10.2164;30.3325;1.20356e+07;378671
357;0.129409;9.28771;27.5818;1.20356e+07;378671
358;0.129408;8.44345;25.0804;1.20356e+07;378671
359;0.129408;7.67594;22.8057;1.20356e+07;378672
360;0.129407;6.9782;20.7371;1.20356e+07;378672
361;0.129407;6.34388;18.856;1.20356e+07;378672
362;0.129407;5.76723;17.1454;1.20356e+07;378672
363;0.129406;5.24298;15.5899;1.20356e+07;378672
364;0.129406;4.7664;14.1755;1.20356e+07;378672
365;0.129406;4.33313;12.8892;1.20356e+07;378672
366;0.129405;3.93925;11.7197;1.20356e+07;378672
367;0.129405;3.58117;10.6561;1.20356e+07;378672
368;0.129405;3.25564;9.68908;1.20356e+07;378672
369;0.129405;2.95971;8.80973;1.20356e+07;378672
370;0.129405;2.69067;8.01015;1.20356e+07;378672
371;0.129405;2.44609;7.2831;1.20356e+07;378672
372;0.129404;2.22374;6.62201;1.20356e+07;378672
373;0.129404;2.0216;6.0209;1.20356e+07;378672
374;0.129404;1.83784;5.47433;1.20356e+07;378672
375;0.129404;1.67078;4.97735;1.20356e+07;378672
376;0.129404;1.5189;4.52547;1.20356e+07;378672
377;0.129404;1.38084;4.1146;1.20356e+07;378672
378;0.129404;1.25532;3.74102;1.20356e+07;378672
379;0.129404;1.14121;3.40134;1.20356e+07;378672
380;0.129404;1.03747;3.09249;1.20356e+07;378672
381;0.129404;0.943168;2.81168;1.20356e+07;378672
382;0.129404;0.857434;2.55636;1.20356e+07;378672
383;0.129403;0.779493;2.32421;1.20356e+07;378672
384;0.129403;0.708637;2.11314;1.20356e+07;378672
385;0.129403;0.644222;1.92123;1.20356e+07;378672
386;0.129403;0.585662;1.74675;1.20356e+07;378672
387;0.129403;0.532426;1.5881;1.20356e+07;378672
388;0.129403;0.484028;1.44386;1.20356e+07;378672
389;0.129403;0.44003;1.31272;1.20356e+07;378672
390;0.129403;0.400031;1.19349;1.20356e+07;378672
391;0.129403;0.363669;1.08508;1.20356e+07;378672
392;0.129403;0.330611;0.986517;1.20356e+07;378672
393;0.129403;0.300559;0.896905;1.20356e+07;378672
394;0.129403;0.273238;0.815431;1.20356e+07;378672
395;0.129403;0.248401;0.741357;1.20356e+07;378672
396;0.129403;0.225821;0.67401;1.20356e+07;378672
397;0.129403;0.205294;0.612779;1.20356e+07;378672
398;0.129403;0.186633;0.557111;1.20356e+07;378672
399;0.129403;0.169668;0.506498;1.20356e+07;378672
400;0.129403;0.154245;0.460483;1.20356e+07;378672
