140;1.87431e+06;1.7647;0.8787;0.1176;0.0037
141;1.87431e+06;3.15493;0.932525;0.220935;0.00695119
142;1.8743e+06;4.51377;1.10619;0.3306;0.0104015
143;1.8743e+06;6.05556;1.38231;0.460688;0.0144944
144;1.8743e+06;7.94447;1.76509;0.623248;0.019609
145;1.8743e+06;10.3372;2.27314;0.830823;0.0261398
146;1.87429e+06;13.4089;2.93705;1.09814;0.0345504
147;1.87429e+06;17.373;3.79966;1.44354;0.0454175
148;1.87428e+06;22.499;4.91796;1.89038;0.0594763
149;1.87427e+06;29.1324;6.36657;2.46873;0.0776727
150;1.87426e+06;37.7191;8.24244;3.21744;0.101229
151;1.87425e+06;48.8355;10.6713;4.18675;0.131726
152;1.87423e+06;63.2274;13.816;5.4417;0.17121
153;1.8742e+06;81.8601;17.8875;7.06646;0.222329
154;1.87417e+06;105.983;23.1588;9.17003;0.288513
155;1.87413e+06;137.215;29.9835;11.8935;0.374201
156;1.87408e+06;177.649;38.8194;15.4196;0.48514
157;1.87401e+06;229.997;50.2589;19.9847;0.628771
158;1.87392e+06;297.768;65.0692;25.8952;0.814729
159;1.87381e+06;385.504;84.2433;33.5473;1.05548
160;1.87366e+06;499.086;109.067;43.4543;1.36719
161;1.87346e+06;646.123;141.204;56.2806;1.77073
162;1.87322e+06;836.461;182.809;72.8862;2.29319
163;1.87289e+06;1082.84;236.668;94.3845;2.96958
164;1.87248e+06;1401.74;306.391;122.217;3.84525
165;1.87194e+06;1814.48;396.644;158.248;4.9789
166;1.87124e+06;2348.62;513.467;204.894;6.44648
167;1.87033e+06;3039.76;664.673;265.277;8.34631
168;1.86916e+06;3933.91;860.363;343.443;10.8056
169;1.86765e+06;5090.43;1113.59;444.622;13.9889
170;1.86569e+06;6585.89;1441.23;575.58;18.1092
171;1.86316e+06;8518.9;1865.07;745.069;23.4418
172;1.85989e+06;11016.3;2413.21;964.401;30.3426
173;1.85566e+06;14240.8;3121.86;1248.19;39.2714
174;1.85021e+06;18400.7;4037.67;1615.33;50.8223
175;1.84317e+06;23761.9;5220.52;2090.15;65.7617
176;1.83411e+06;30661.8;6747.22;2704.09;85.0776
177;1.82246e+06;39526.6;8715.94;3497.56;110.042
178;1.8075e+06;50889.9;11251.7;4522.56;142.291
179;1.78835e+06;65413.5;14512.7;5845.75;183.922
180;1.76392e+06;83905.8;18698.4;7552.45;237.62
181;1.73286e+06;107336;24057.3;9751.38;306.804
182;1.6936e+06;136835;30896;12580.5;395.816
183;1.64433e+06;173673;39586.7;16213.9;510.131
184;1.58302e+06;219189;50571.7;20869.3;656.602
185;1.50762e+06;274665;64361.6;26816.5;843.717
186;1.41622e+06;341097;81521.6;34385.5;1081.86
187;1.30746e+06;418855;102639;43972.4;1383.49
188;1.18102e+06;507221;128263;56042.7;1763.25
189;1.03826e+06;603870;158811;71126.4;2237.82
190;882836;704408;194439;89802.5;2825.42
191;720974;802239;234884;112669;3544.84
192;561231;889058;279316;140291;4413.91
193;413291;956183;326250;173138;5447.38
194;285971;996586;373593;211506;6654.51
195;185024;1.00694e+06;418866;255440;8036.81
196;111743;988693;459589;304699;9586.61
197;63142.2;947421;493712;358746;11287.1
198;33613.7;890829;519945;416807;13113.8
199;17042.7;826424;537851;477952;15037.6
200;8342.62;760002;547732;541204;17027.7
201;4000.93;695260;550376;605617;19054.3
202;1906.42;634155;546815;670341;21090.7
203;913.766;577503;538130;734646;23113.9
204;445.022;525477;525350;797930;25105
205;221.916;477934;509391;859712;27048.8
206;113.928;434598;491046;919616;28933.5
207;60.4304;395146;470987;977363;30750.4
208;33.1863;359255;449775;1.03275e+06;32493
209;18.8851;326613;427874;1.08564e+06;34157.2
210;11.1361;296931;405662;1.13596e+06;35740.3
211;6.80016;269945;383446;1.18367e+06;37241.3
212;4.29542;245409;361472;1.22876e+06;38660
213;2.80278;223103;339933;1.27127e+06;39997.5
214;1.88619;202824;318979;1.31125e+06;41255.2
215;1.30698;184388;298724;1.34876e+06;42435.4
216;0.930877;167627;279249;1.38389e+06;43540.7
217;0.680315;152390;260614;1.41673e+06;44573.9
218;0.50932;138538;242854;1.44738e+06;45538.2
219;0.389965;125945;225989;1.47594e+06;46436.8
220;0.304885;114497;210025;1.50251e+06;47272.9
221;0.243037;104089;194956;1.52721e+06;48050
222;0.197253;94627.5;180770;1.55014e+06;48771.4
223;0.162785;86025.9;167444;1.5714e+06;49440.2
224;0.136427;78206.1;154953;1.59109e+06;50059.7
225;0.115977;71097.2;143266;1.60931e+06;50633.1
226;0.0998993;64634.5;132351;1.62616e+06;51163.2
227;0.0871017;58759.2;122172;1.64172e+06;51652.9
228;0.0767989;53418;112694;1.65609e+06;52104.9
229;0.0684174;48562.3;103880;1.66934e+06;52521.9
230;0.0615331;44148;95693.2;1.68156e+06;52906.2
231;0.0558282;40135;88098.7;1.69281e+06;53260.3
232;0.0510621;36486.7;81060.6;1.70317e+06;53586.2
233;0.0470504;33170.1;74544.6;1.71271e+06;53886.2
234;0.0436505;30154.9;68517.5;1.72147e+06;54162
235;0.0407508;27413.8;62947.4;1.72953e+06;54415.5
236;0.0382635;24921.9;57803.8;1.73693e+06;54648.4
237;0.0361186;22656.5;53057.6;1.74373e+06;54862.3
238;0.0342599;20597;48681.2;1.74997e+06;55058.6
239;0.0326422;18724.8;44648.4;1.7557e+06;55238.7
240;0.0312283;17022.7;40934.7;1.76095e+06;55403.9
241;0.0299881;15475.3;37516.7;1.76576e+06;55555.4
242;0.0288965;14068.6;34372.6;1.77017e+06;55694.2
243;0.0279328;12789.8;31482;1.77421e+06;55821.4
244;0.0270794;11627.2;28825.9;1.77792e+06;55937.8
245;0.0263219;10570.3;26386.2;1.78131e+06;56044.5
246;0.0256478;9609.45;24146.4;1.78441e+06;56142.1
247;0.0250467;8735.95;22090.9;1.78725e+06;56231.5
248;0.0245097;7941.85;20205.4;1.78985e+06;56313.2
249;0.024029;7219.94;18476.4;1.79222e+06;56388
250;0.023598;6563.65;16891.5;1.7944e+06;56456.3
251;0.0232111;5967.01;15439.2;1.79638e+06;56518.8
252;0.0228632;5424.61;14108.8;1.7982e+06;56575.9
253;0.0225501;4931.51;12890.5;1.79986e+06;56628.1
254;0.0222678;4483.24;11775.2;1.80137e+06;56675.8
255;0.0220133;4075.71;10754.4;1.80276e+06;56719.4
256;0.0217834;3705.23;9820.35;1.80402e+06;56759.2
257;0.0215757;3368.43;8965.95;1.80518e+06;56795.5
258;0.0213879;3062.24;8184.57;1.80623e+06;56828.7
259;0.021218;2783.88;7470.14;1.80719e+06;56859
260;0.0210641;2530.82;6817.06;1.80807e+06;56886.6
261;0.0209246;2300.77;6220.21;1.80887e+06;56911.9
262;0.0207983;2091.63;5674.84;1.80961e+06;56934.9
263;0.0206837;1901.5;5176.61;1.81027e+06;56955.9
264;0.0205797;1728.66;4721.53;1.81088e+06;56975
265;0.0204853;1571.52;4305.94;1.81144e+06;56992.5
266;0.0203997;1428.67;3926.49;1.81194e+06;57008.4
267;0.0203219;1298.8;3580.07;1.81241e+06;57023
268;0.0202513;1180.74;3263.87;1.81283e+06;57036.2
269;0.0201871;1073.41;2975.29;1.81321e+06;57048.3
270;0.0201288;975.841;2711.96;1.81356e+06;57059.3
271;0.0200757;887.137;2471.7;1.81388e+06;57069.3
272;0.0200276;806.496;2252.53;1.81417e+06;57078.5
273;0.0199838;733.186;2052.61;1.81443e+06;57086.8
274;0.0199439;666.539;1870.27;1.81468e+06;57094.4
275;0.0199077;605.951;1704;1.8149e+06;57101.3
276;0.0198748;550.87;1552.38;1.8151e+06;57107.6
277;0.0198448;500.796;1414.15;1.81528e+06;57113.4
278;0.0198175;455.274;1288.14;1.81544e+06;57118.6
279;0.0197928;413.889;1173.27;1.8156e+06;57123.4
280;0.0197702;376.267;1068.58;1.81573e+06;57127.7
281;0.0197497;342.064;973.16;1.81586e+06;57131.7
282;0.019731;310.97;886.21;1.81597e+06;57135.3
283;0.019714;282.703;806.98;1.81608e+06;57138.5
284;0.0196986;257.006;734.791;1.81617e+06;57141.5
285;0.0196845;233.644;669.022;1.81626e+06;57144.2
286;0.0196718;212.406;609.108;1.81634e+06;57146.7
287;0.0196601;193.098;554.531;1.81641e+06;57149
288;0.0196495;175.545;504.819;1.81648e+06;57151
289;0.0196399;159.588;459.542;1.81653e+06;57152.9
290;0.0196311;145.082;418.306;1.81659e+06;57154.6
291;0.0196232;131.894;380.753;1.81664e+06;57156.1
292;0.0196159;119.905;346.557;1.81668e+06;57157.5
293;0.0196093;109.005;315.419;1.81672e+06;57158.8
294;0.0196033;99.0967;287.067;1.81676e+06;57160
295;0.0195978;90.0888;261.254;1.81679e+06;57161.1
296;0.0195929;81.8998;237.753;1.81683e+06;57162
297;0.0195883;74.4551;216.358;1.81685e+06;57162.9
298;0.0195842;67.6871;196.882;1.81688e+06;57163.7
299;0.0195805;61.5344;179.153;1.8169e+06;57164.4
300;0.0195771;55.9409;163.015;1.81692e+06;57165.1
301;0.019574;50.8559;148.326;1.81694e+06;57165.7
302;0.0195711;46.2331;134.957;1.81696e+06;57166.2
303;0.0195686;42.0305;122.789;1.81698e+06;57166.7
304;0.0195663;38.2099;111.716;1.81699e+06;57167.2
305;0.0195641;34.7366;101.638;1.817e+06;57167.6
306;0.0195622;31.5791;92.4667;1.81701e+06;57168
307;0.0195604;28.7085;84.1211;1.81703e+06;57168.3
308;0.0195588;26.0989;76.5268;1.81704e+06;57168.6
309;0.0195574;23.7266;69.6165;1.81704e+06;57168.9
310;0.0195561;21.5698;63.3287;1.81705e+06;57169.2
311;0.0195549;19.6091;57.6077;1.81706e+06;57169.4
312;0.0195538;17.8266;52.4023;1.81707e+06;57169.6
313;0.0195528;16.2062;47.6664;1.81707e+06;57169.8
314;0.0195519;14.7331;43.3576;1.81708e+06;57170
315;0.019551;13.3938;39.4375;1.81708e+06;57170.2
316;0.0195503;12.1763;35.8713;1.81709e+06;57170.3
317;0.0195496;11.0695;32.6269;1.81709e+06;57170.4
318;0.019549;10.0633;29.6755;1.8171e+06;57170.6
319;0.0195484;9.14853;26.9906;1.8171e+06;57170.7
320;0.0195479;8.31693;24.5482;1.8171e+06;57170.8
321;0.0195475;7.56092;22.3265;1.81711e+06;57170.9
322;0.019547;6.87364;20.3056;1.81711e+06;57170.9
323;0.0195466;6.24882;18.4674;1.81711e+06;57171
324;0.0195463;5.68081;16.7953;1.81711e+06;57171.1
325;0.019546;5.16442;15.2744;1.81712e+06;57171.1
326;0.0195457;4.69497;13.8911;1.81712e+06;57171.2
327;0.0195454;4.2682;12.6329;1.81712e+06;57171.3
328;0.0195452;3.88022;11.4885;1.81712e+06;57171.3
329;0.019545;3.52751;10.4476;1.81712e+06;57171.3
330;0.0195448;3.20686;9.50098;1.81712e+06;57171.4
331;0.0195446;2.91536;8.64002;1.81712e+06;57171.4
332;0.0195444;2.65035;7.85699;1.81713e+06;57171.5
333;0.0195443;2.40943;7.14485;1.81713e+06;57171.5
334;0.0195441;2.19042;6.4972;1.81713e+06;57171.5
335;0.019544;1.99131;5.9082;1.81713e+06;57171.5
336;0.0195439;1.8103;5.37254;1.81713e+06;57171.6
337;0.0195438;1.64574;4.88541;1.81713e+06;57171.6
338;0.0195437;1.49614;4.44241;1.81713e+06;57171.6
339;0.0195436;1.36014;4.03954;1.81713e+06;57171.6
340;0.0195435;1.23651;3.67318;1.81713e+06;57171.6
341;0.0195435;1.12411;3.34003;1.81713e+06;57171.6
342;0.0195434;1.02193;3.03706;1.81713e+06;57171.6
343;0.0195434;0.929035;2.76156;1.81713e+06;57171.7
344;0.0195433;0.844585;2.51103;1.81713e+06;57171.7
345;0.0195433;0.767813;2.28322;1.81713e+06;57171.7
346;0.0195432;0.698019;2.07606;1.81713e+06;57171.7
347;0.0195432;0.634569;1.88768;1.81713e+06;57171.7
348;0.0195431;0.576886;1.71639;1.81713e+06;57171.7
349;0.0195431;0.524447;1.56063;1.81713e+06;57171.7
350;0.0195431;0.476775;1.419;1.81713e+06;57171.7
351;0.019543;0.433436;1.29021;1.81713e+06;57171.7
352;0.019543;0.394037;1.17311;1.81713e+06;57171.7
353;0.019543;0.358219;1.06663;1.81713e+06;57171.7
354;0.019543;0.325657;0.969808;1.81713e+06;57171.7
355;0.019543;0.296055;0.881772;1.81713e+06;57171.7
356;0.0195429;0.269143;0.801725;1.81713e+06;57171.7
357;0.0195429;0.244678;0.728941;1.81713e+06;57171.7
358;0.0195429;0.222437;0.662762;1.81713e+06;57171.7
359;0.0195429;0.202218;0.602588;1.81713e+06;57171.7
360;0.0195429;0.183836;0.547876;1.81713e+06;57171.7
361;0.0195429;0.167125;0.498129;1.81713e+06;57171.8
