159;779002;1.7647;0.8787;0.1176;0.0037
160;779001;3.15493;0.932525;0.220935;0.00695119
161;778999;4.51376;1.10619;0.3306;0.0104015
162;778997;6.05555;1.38231;0.460688;0.0144944
163;778995;7.94444;1.76509;0.623248;0.019609
164;778992;10.3371;2.27313;0.830823;0.0261398
165;778988;13.4088;2.93704;1.09814;0.0345504
166;778982;17.3728;3.79964;1.44354;0.0454175
167;778976;22.4987;4.91793;1.89038;0.0594761
168;778967;29.1319;6.36652;2.46873;0.0776725
169;778956;37.7183;8.24235;3.21743;0.101229
170;778941;48.8341;10.6711;4.18673;0.131725
171;778922;63.2249;13.8158;5.44166;0.171209
172;778898;81.8559;17.887;7.06639;0.222327
173;778866;105.976;23.158;9.1699;0.288509
174;778826;137.203;29.9822;11.8933;0.374194
175;778773;177.628;38.8171;15.4192;0.485128
176;778704;229.962;50.255;19.9841;0.628751
177;778616;297.709;65.0626;25.8941;0.814695
178;778501;385.406;84.2323;33.5454;1.05543
179;778352;498.922;109.048;43.4512;1.36709
180;778160;645.846;141.173;56.2752;1.77056
181;777911;835.997;182.756;72.8772;2.2929
182;777589;1082.06;236.58;94.3693;2.9691
183;777172;1400.44;306.242;122.191;3.84445
184;776633;1812.29;396.395;158.205;4.97754
185;775936;2344.94;513.049;204.821;6.4442
186;775034;3033.6;663.972;265.156;8.34248
187;773868;3923.59;859.186;343.239;10.7992
188;772362;5073.16;1111.62;444.279;13.9782
189;770417;6556.98;1437.93;575.006;18.0912
190;767907;8470.54;1859.54;744.107;23.4115
191;764673;10935.4;2403.95;962.788;30.2918
192;760508;14105.7;3106.38;1245.49;39.1864
193;755156;18175.4;4011.79;1610.8;50.68
194;748293;23386.5;5177.3;2082.59;65.5236
195;739516;30037.5;6675.13;2691.44;84.6797
196;728333;38490.6;8595.84;3476.43;109.378
197;714149;49176;11052;4487.31;141.182
198;696266;62588.6;14181.5;5787.02;182.074
199;673893;79272.2;18150.6;7454.76;234.546
200;646177;99782.7;23154.7;9589.26;301.703
201;612270;124619;29416.3;12312.3;387.375
202;571452;154109;37175.1;15771.5;496.212
203;523298;188255;46674.3;20143.3;633.76
204;467924;226516;58125.1;25632.2;806.455
205;406249;267601;71664.8;32467.7;1021.52
206;340211;309314;87296.8;40895.5;1286.68
207;272823;348585;104823;51161.5;1609.67
208;207906;381816;123795;63488.7;1997.52
209;149453;405562;143486;78047;2455.56
210;100722;417427;162946;94920.9;2986.46
211;63400.7;416805;181125;114083;3589.36
212;37267.3;405050;197041;135384;4259.52
213;20541.5;384957;209959;158556;4988.57
214;10708.7;359797;219484;183247;5765.42
215;5344.75;332456;225566;209058;6577.51
216;2590.5;304990;228425;235585;7412.1
217;1237.19;278619;228441;262447;8257.27
218;590.109;253940;226057;289312;9102.5
219;284.354;231163;221720;315896;9938.92
220;139.69;210295;215838;341971;10759.3
221;70.4351;191248;208772;367353;11557.9
222;36.623;173897;200833;391905;12330.3
223;19.6938;158107;192279;415523;13073.4
224;10.9695;143744;183328;438135;13784.9
225;6.33199;130682;174156;459694;14463.2
226;3.78671;118806;164910;480175;15107.5
227;2.34416;108008;155706;499568;15717.7
228;1.50031;98190.7;146637;517879;16293.8
229;0.991309;89265.7;137775;535124;16836.4
230;0.675092;81151.7;129177;551326;17346.1
231;0.473048;73775.2;120885;566517;17824.1
232;0.340478;67069.2;112928;580733;18271.4
233;0.251289;60972.7;105326;594014;18689.2
234;0.18986;55430.3;98092.5;606400;19078.9
235;0.146613;50391.8;91232.5;617936;19441.9
236;0.115538;45811.2;84746.6;628665;19779.4
237;0.0927804;41647;78631.1;638631;20093
238;0.075817;37861.3;72878.8;647878;20383.9
239;0.0629643;34419.7;67480.2;656448;20653.6
240;0.0530775;31291;62423.6;664384;20903.2
241;0.0453652;28446.6;57696;671725;21134.2
242;0.0392709;25860.8;53283.3;678510;21347.7
243;0.0343974;23510.1;49170.7;684776;21544.8
244;0.0304572;21373;45343.4;690559;21726.8
245;0.0272391;19430.2;41786.1;695891;21894.5
246;0.0245862;17664;38483.6;700805;22049.1
247;0.0223805;16058.4;35421.2;705331;22191.5
248;0.0205321;14598.7;32584.3;709496;22322.6
249;0.0189719;13271.6;29958.9;713328;22443.2
250;0.0176462;12065.2;27531.2;716851;22554
251;0.0165129;10968.5;25288.4;720089;22655.9
252;0.0155387;9971.48;23218;723063;22749.4
253;0.0146968;9065.07;21308.1;725794;22835.3
254;0.0139661;8241.06;19547.4;728299;22914.2
255;0.0133289;7491.95;17925.4;730598;22986.5
256;0.0127712;6810.93;16432.1;732706;23052.8
257;0.0122814;6191.82;15058;734639;23113.6
258;0.0118497;5628.98;13794.3;736409;23169.3
259;0.011468;5117.31;12632.7;738032;23220.4
260;0.0111298;4652.14;11565.5;739517;23267.1
261;0.0108292;4229.26;10585.5;740877;23309.9
262;0.0105616;3844.82;9685.93;742122;23349.1
263;0.0103227;3495.33;8860.52;743261;23384.9
264;0.0101091;3177.61;8103.46;744303;23417.7
265;0.00991777;2888.76;7409.36;745256;23447.7
266;0.00974615;2626.17;6773.19;746128;23475.1
267;0.00959197;2387.45;6190.32;746924;23500.2
268;0.00945329;2170.43;5656.46;747652;23523.1
269;0.00932839;1973.14;5167.62;748317;23544
270;0.00921579;1793.78;4720.15;748925;23563.1
271;0.00911418;1630.73;4310.65;749480;23580.6
272;0.00902241;1482.5;3936;749987;23596.5
273;0.00893946;1347.74;3593.32;750450;23611.1
274;0.00886442;1225.23;3279.96;750872;23624.4
275;0.0087965;1113.85;2993.47;751258;23636.5
276;0.00873499;1012.61;2731.62;751610;23647.6
277;0.00867925;920.559;2492.32;751931;23657.7
278;0.00862872;836.881;2273.68;752225;23666.9
279;0.00858288;760.808;2073.95;752492;23675.3
280;0.0085413;691.651;1891.54;752736;23683
281;0.00850355;628.78;1724.97;752958;23690
282;0.00846929;571.624;1572.88;753161;23696.4
283;0.00843816;519.663;1434.05;753346;23702.2
284;0.00840989;472.426;1307.34;753515;23707.5
285;0.00838421;429.482;1191.7;753668;23712.4
286;0.00836086;390.442;1086.19;753809;23716.8
287;0.00833965;354.951;989.927;753936;23720.8
288;0.00832036;322.686;902.113;754053;23724.4
289;0.00830282;293.354;822.019;754159;23727.8
290;0.00828688;266.688;748.974;754256;23730.8
291;0.00827238;242.446;682.366;754344;23733.6
292;0.00825919;220.408;621.633;754424;23736.1
293;0.00824719;200.373;566.264;754497;23738.4
294;0.00823628;182.159;515.79;754564;23740.5
295;0.00822636;165.601;469.783;754624;23742.4
296;0.00821733;150.548;427.851;754679;23744.2
297;0.00820912;136.863;389.638;754730;23745.7
298;0.00820164;124.422;354.816;754776;23747.2
299;0.00819484;113.112;323.086;754817;23748.5
300;0.00818866;102.83;294.178;754855;23749.7
301;0.00818303;93.4829;267.841;754890;23750.8
302;0.00817791;84.9853;243.85;754921;23751.8
303;0.00817325;77.2602;221.996;754950;23752.7
304;0.00816901;70.2372;202.091;754976;23753.5
305;0.00816515;63.8527;183.962;755000;23754.2
306;0.00816164;58.0485;167.451;755022;23754.9
307;0.00815845;52.7719;152.416;755041;23755.5
308;0.00815555;47.9749;138.725;755059;23756.1
309;0.0081529;43.614;126.259;755075;23756.6
310;0.0081505;39.6495;114.908;755090;23757.1
311;0.00814831;36.0453;104.574;755104;23757.5
312;0.00814632;32.7688;95.1655;755116;23757.9
313;0.00814451;29.7901;86.6006;755127;23758.3
314;0.00814286;27.0822;78.8039;755138;23758.6
315;0.00814136;24.6204;71.7067;755147;23758.9
316;0.00814;22.3824;65.2467;755155;23759.1
317;0.00813876;20.3479;59.3668;755163;23759.4
318;0.00813763;18.4983;54.0153;755170;23759.6
319;0.0081366;16.8168;49.1447;755176;23759.8
320;0.00813567;15.2881;44.7121;755182;23760
321;0.00813482;13.8984;40.6782;755187;23760.1
322;0.00813404;12.6351;37.0073;755192;23760.3
323;0.00813334;11.4865;33.6669;755196;23760.4
324;0.0081327;10.4424;30.6272;755200;23760.6
325;0.00813212;9.4932;27.8613;755204;23760.7
326;0.00813159;8.63027;25.3447;755207;23760.8
327;0.00813111;7.84578;23.0549;755210;23760.9
328;0.00813067;7.1326;20.9715;755213;23761
329;0.00813027;6.48424;19.076;755215;23761
330;0.00812991;5.89483;17.3515;755218;23761.1
331;0.00812958;5.35899;15.7826;755220;23761.2
332;0.00812928;4.87186;14.3553;755222;23761.2
333;0.00812901;4.429;13.0569;755223;23761.3
334;0.00812876;4.02641;11.8757;755225;23761.3
335;0.00812853;3.66041;10.8011;755226;23761.4
336;0.00812833;3.32768;9.82369;755227;23761.4
337;0.00812814;3.02519;8.93457;755229;23761.4
338;0.00812797;2.7502;8.12579;755230;23761.5
339;0.00812782;2.50021;7.39013;755231;23761.5
340;0.00812768;2.27294;6.72097;755231;23761.5
341;0.00812755;2.06633;6.11233;755232;23761.6
342;0.00812743;1.8785;5.55873;755233;23761.6
343;0.00812733;1.70774;5.05522;755234;23761.6
344;0.00812723;1.55251;4.59725;755234;23761.6
345;0.00812714;1.41139;4.18073;755235;23761.6
346;0.00812706;1.28309;3.8019;755235;23761.7
347;0.00812699;1.16646;3.45736;755236;23761.7
348;0.00812693;1.06043;3.14402;755236;23761.7
349;0.00812687;0.964036;2.85904;755236;23761.7
350;0.00812681;0.876405;2.59987;755237;23761.7
351;0.00812676;0.79674;2.36417;755237;23761.7
352;0.00812672;0.724316;2.14982;755237;23761.7
353;0.00812668;0.658476;1.95489;755238;23761.7
354;0.00812664;0.59862;1.77762;755238;23761.7
355;0.00812661;0.544206;1.6164;755238;23761.7
356;0.00812658;0.494738;1.4698;755238;23761.7
357;0.00812655;0.449766;1.33649;755238;23761.8
358;0.00812652;0.408882;1.21526;755239;23761.8
359;0.0081265;0.371715;1.10501;755239;23761.8
360;0.00812648;0.337926;1.00476;755239;23761.8
361;0.00812646;0.307209;0.913603;755239;23761.8
362;0.00812644;0.279283;0.830708;755239;23761.8
363;0.00812643;0.253896;0.75533;755239;23761.8
364;0.00812641;0.230817;0.686788;755239;23761.8
365;0.0081264;0.209836;0.624462;755239;23761.8
366;0.00812639;0.190762;0.567789;755239;23761.8
367;0.00812638;0.173422;0.516256;755240;23761.8
368;0.00812637;0.157658;0.469398;755240;23761.8
