143;1.11232e+07;1.7647;0.8787;0.1176;0.0037
144;1.11232e+07;3.15493;0.932525;0.220935;0.00695119
145;1.11232e+07;4.51377;1.10619;0.3306;0.0104015
146;1.11232e+07;6.05557;1.38231;0.460688;0.0144944
147;1.11232e+07;7.94449;1.76509;0.623248;0.019609
148;1.11232e+07;10.3372;2.27314;0.830823;0.0261398
149;1.11232e+07;13.4089;2.93706;1.09814;0.0345505
150;1.11232e+07;17.3731;3.79966;1.44354;0.0454176
151;1.11231e+07;22.4991;4.91798;1.89038;0.0594763
152;1.11231e+07;29.1327;6.3666;2.46874;0.0776728
153;1.11231e+07;37.7196;8.24249;3.21745;0.101229
154;1.11231e+07;48.8364;10.6714;4.18677;0.131726
155;1.11231e+07;63.2288;13.8162;5.44172;0.171211
156;1.11231e+07;81.8626;17.8878;7.0665;0.22233
157;1.1123e+07;105.988;23.1593;9.17011;0.288515
158;1.1123e+07;137.222;29.9843;11.8936;0.374205
159;1.11229e+07;177.661;38.8207;15.4198;0.485147
160;1.11229e+07;230.017;50.2611;19.9851;0.628783
161;1.11228e+07;297.802;65.073;25.8958;0.81475
162;1.11227e+07;385.562;84.2499;33.5484;1.05552
163;1.11225e+07;499.184;109.078;43.4562;1.36724
164;1.11223e+07;646.286;141.223;56.2838;1.77083
165;1.11221e+07;836.735;182.84;72.8915;2.29336
166;1.11218e+07;1083.3;236.721;94.3935;2.96986
167;1.11213e+07;1402.52;306.478;122.232;3.84573
168;1.11208e+07;1815.78;396.791;158.274;4.9797
169;1.11201e+07;2350.8;513.715;204.936;6.44783
170;1.11192e+07;3043.41;665.089;265.349;8.34857
171;1.1118e+07;3940.03;861.06;343.564;10.8094
172;1.11165e+07;5100.69;1114.76;444.824;13.9953
173;1.11145e+07;6603.08;1443.19;575.92;18.1199
174;1.1112e+07;8547.68;1868.35;745.64;23.4598
175;1.11087e+07;11064.5;2418.71;965.358;30.3727
176;1.11044e+07;14321.5;3131.08;1249.8;39.3219
177;1.10989e+07;18535.8;4053.1;1618.01;50.9069
178;1.10918e+07;23987.8;5246.36;2094.66;65.9033
179;1.10826e+07;31039.5;6790.47;2711.63;85.3149
180;1.10706e+07;40157.4;8788.27;3510.19;110.44
181;1.10552e+07;51942.6;11372.6;4543.69;142.956
182;1.10352e+07;67167.7;14714.7;5881.1;185.035
183;1.10095e+07;86824.2;19035.3;7611.54;239.479
184;1.09762e+07;112181;24618.7;9850.1;309.91
185;1.09333e+07;144855;31829.6;12745.3;400.999
186;1.08781e+07;186901;41136.1;16488.4;518.768
187;1.08071e+07;240909;53135.6;21326;670.972
188;1.0716e+07;310119;68588.8;27574.8;867.573
189;1.05994e+07;398547;88458.8;35640.8;1121.35
190;1.04506e+07;511086;113957;46043.6;1448.65
191;1.02617e+07;653593;146591;59444.9;1870.29
192;1.0023e+07;832876;188222;76684;2412.68
193;9.72362e+06;1.05653e+06;241099;98818.9;3109.1
194;9.35158e+06;1.33253e+06;307892;127172;4001.16
195;8.89462e+06;1.66837e+06;391672;163380;5140.36
196;8.34166e+06;2.06967e+06;495817;209441;6589.55
197;7.6851e+06;2.53809e+06;623807;267749;8424.07
198;6.92395e+06;3.06853e+06;778852;341109;10732.2
199;6.06757e+06;3.64599e+06;963307;432702;13613.9
200;5.13913e+06;4.24301e+06;1.17788e+06;545987;17178.1
201;4.17729e+06;4.81916e+06;1.42069e+06;684505;21536.3
202;3.23393e+06;5.32445e+06;1.68642e+06;851578;26792.9
203;2.3666e+06;5.70779e+06;1.96585e+06;1.0499e+06;33032.6
204;1.6263e+06;5.92925e+06;2.24623e+06;1.28109e+06;40306.3
205;1.04463e+06;5.97195e+06;2.51273e+06;1.54524e+06;48617.3
206;626366;5.84737e+06;2.75079e+06;1.84074e+06;57914.4
207;351580;5.59063e+06;2.94864e+06;2.16423e+06;68092.3
208;186097;5.24792e+06;3.09916e+06;2.51099e+06;79002.3
209;93941.6;4.86304e+06;3.20027e+06;2.87545e+06;90469.2
210;45854.1;4.46908e+06;3.25413e+06;3.25181e+06;102310
211;21961.3;4.08673e+06;3.26564e+06;3.63449e+06;114350
212;10465.1;3.72674e+06;3.241e+06;4.01853e+06;126433
213;5022.21;3.39343e+06;3.18663e+06;4.39967e+06;138425
214;2451.19;3.08753e+06;3.10855e+06;4.77442e+06;150216
215;1225.78;2.8081e+06;3.01214e+06;5.13999e+06;161717
216;631.364;2.55344e+06;2.90203e+06;5.49421e+06;172862
217;336.091;2.32163e+06;2.78212e+06;5.83549e+06;183600
218;185.256;2.11074e+06;2.65568e+06;6.16267e+06;193894
219;105.818;1.91896e+06;2.52542e+06;6.47498e+06;203720
220;62.6303;1.74457e+06;2.39352e+06;6.77197e+06;213064
221;38.3831;1.58601e+06;2.26176e+06;7.05344e+06;221920
222;24.3297;1.44186e+06;2.13158e+06;7.31943e+06;230288
223;15.9281;1.3108e+06;2.00408e+06;7.5701e+06;238175
224;10.753;1.19165e+06;1.88014e+06;7.80578e+06;245590
225;7.47309;1.08333e+06;1.7604e+06;8.02689e+06;252547
226;5.33746;984862;1.64534e+06;8.23391e+06;259060
227;3.91098;895339;1.53528e+06;8.4274e+06;265148
228;2.93511;813954;1.43044e+06;8.60795e+06;270828
229;2.25239;739966;1.33092e+06;8.77617e+06;276121
230;1.76469;672704;1.23674e+06;8.93269e+06;281045
231;1.40947;611555;1.14787e+06;9.07813e+06;285621
232;1.14603;555965;1.06422e+06;9.21312e+06;289868
233;0.947355;505428;985671;9.33827e+06;293806
234;0.795191;459485;912053;9.45418e+06;297453
235;0.676967;417718;843188;9.56144e+06;300828
236;0.583891;379747;778880;9.6606e+06;303947
237;0.509713;345228;718921;9.7522e+06;306829
238;0.449928;313847;663097;9.83674e+06;309489
239;0.40124;285319;611192;9.91472e+06;311943
240;0.361211;259383;562990;9.9866e+06;314204
241;0.32801;235805;518277;1.00528e+07;316287
242;0.300251;214371;476845;1.01138e+07;318205
243;0.276867;194884;438490;1.01698e+07;319969
244;0.257036;177169;403016;1.02214e+07;321592
245;0.240112;161065;370235;1.02688e+07;323083
246;0.225587;146424;339966;1.03123e+07;324453
247;0.213054;133114;312038;1.03523e+07;325711
248;0.202189;121014;286288;1.0389e+07;326865
249;0.192727;110014;262561;1.04227e+07;327924
250;0.184455;100014;240713;1.04536e+07;328896
251;0.177196;90922.3;220606;1.04819e+07;329786
252;0.170805;82657.5;202111;1.05078e+07;330603
253;0.165161;75143.9;185109;1.05316e+07;331351
254;0.160161;68313.3;169485;1.05533e+07;332035
255;0.155722;62103.7;155137;1.05733e+07;332663
256;0.151771;56458.4;141964;1.05915e+07;333237
257;0.148248;51326.4;129876;1.06082e+07;333762
258;0.145098;46660.8;118787;1.06235e+07;334242
259;0.142279;42419.3;108620;1.06375e+07;334682
260;0.139751;38563.4;99300.2;1.06502e+07;335084
261;0.137481;35058;90760.5;1.06619e+07;335451
262;0.13544;31871.2;82938;1.06726e+07;335787
263;0.133603;28974.1;75774.7;1.06823e+07;336094
264;0.131946;26340.4;69217;1.06912e+07;336374
265;0.130452;23946.1;63215.3;1.06994e+07;336630
266;0.129103;21769.4;57724;1.07068e+07;336864
267;0.127884;19790.5;52700.9;1.07136e+07;337078
268;0.126781;17991.6;48107.2;1.07198e+07;337273
269;0.125783;16356.1;43907.3;1.07255e+07;337451
270;0.12488;14869.4;40068.1;1.07306e+07;337613
271;0.124061;13517.7;36559.5;1.07353e+07;337761
272;0.123319;12289;33353.6;1.07396e+07;337897
273;0.122646;11171.9;30424.8;1.07436e+07;338020
274;0.122035;10156.4;27749.8;1.07471e+07;338133
275;0.121481;9233.17;25307;1.07504e+07;338235
276;0.120978;8393.88;23076.6;1.07534e+07;338329
277;0.120521;7630.87;21040.4;1.07561e+07;338414
278;0.120107;6937.23;19181.8;1.07586e+07;338492
279;0.11973;6306.63;17485.7;1.07608e+07;338563
280;0.119387;5733.36;15937.9;1.07629e+07;338628
281;0.119076;5212.2;14525.8;1.07648e+07;338687
282;0.118793;4738.41;13237.6;1.07665e+07;338741
283;0.118535;4307.69;12062.6;1.0768e+07;338790
284;0.118301;3916.12;10991;1.07694e+07;338834
285;0.118089;3560.15;10013.8;1.07707e+07;338875
286;0.117895;3236.53;9122.71;1.07719e+07;338912
287;0.117719;2942.33;8310.32;1.0773e+07;338946
288;0.117559;2674.87;7569.74;1.0774e+07;338976
289;0.117413;2431.72;6894.68;1.07748e+07;339004
290;0.117281;2210.68;6279.4;1.07757e+07;339030
291;0.11716;2009.73;5718.66;1.07764e+07;339053
292;0.117051;1827.05;5207.67;1.07771e+07;339074
293;0.116951;1660.97;4742.06;1.07777e+07;339094
294;0.11686;1509.99;4317.83;1.07782e+07;339111
295;0.116778;1372.73;3931.33;1.07787e+07;339127
296;0.116703;1247.95;3579.24;1.07792e+07;339142
297;0.116634;1134.51;3258.52;1.07796e+07;339155
298;0.116572;1031.38;2966.39;1.078e+07;339167
299;0.116515;937.63;2700.32;1.07804e+07;339178
300;0.116464;852.399;2458;1.07807e+07;339188
301;0.116417;774.916;2237.33;1.0781e+07;339197
302;0.116374;704.476;2036.38;1.07812e+07;339205
303;0.116336;640.439;1853.4;1.07815e+07;339213
304;0.1163;582.223;1686.8;1.07817e+07;339220
305;0.116268;529.299;1535.12;1.07819e+07;339226
306;0.116239;481.186;1397.02;1.07821e+07;339232
307;0.116212;437.446;1271.3;1.07822e+07;339237
308;0.116188;397.682;1156.86;1.07824e+07;339242
309;0.116166;361.533;1052.68;1.07825e+07;339246
310;0.116146;328.67;957.852;1.07826e+07;339250
311;0.116128;298.794;871.541;1.07828e+07;339253
312;0.116112;271.633;792.983;1.07829e+07;339256
313;0.116096;246.942;721.486;1.07829e+07;339259
314;0.116083;224.495;656.417;1.0783e+07;339262
315;0.11607;204.088;597.2;1.07831e+07;339265
316;0.116059;185.537;543.311;1.07832e+07;339267
317;0.116049;168.671;494.273;1.07832e+07;339269
318;0.116039;153.339;449.65;1.07833e+07;339271
319;0.116031;139.401;409.046;1.07834e+07;339272
320;0.116023;126.729;372.1;1.07834e+07;339274
321;0.116016;115.21;338.484;1.07834e+07;339275
322;0.116009;104.737;307.898;1.07835e+07;339276
323;0.116004;95.2164;280.071;1.07835e+07;339278
324;0.115998;86.5612;254.754;1.07836e+07;339279
325;0.115993;78.6928;231.72;1.07836e+07;339279
326;0.115989;71.5396;210.766;1.07836e+07;339280
327;0.115985;65.0367;191.703;1.07836e+07;339281
328;0.115981;59.1249;174.361;1.07837e+07;339282
329;0.115978;53.7504;158.586;1.07837e+07;339282
330;0.115975;48.8645;144.235;1.07837e+07;339283
331;0.115972;44.4227;131.181;1.07837e+07;339284
332;0.11597;40.3847;119.307;1.07837e+07;339284
333;0.115968;36.7137;108.506;1.07837e+07;339285
334;0.115966;33.3765;98.6815;1.07838e+07;339285
335;0.115964;30.3425;89.7453;1.07838e+07;339285
336;0.115962;27.5844;81.6174;1.07838e+07;339286
337;0.11596;25.077;74.2246;1.07838e+07;339286
338;0.115959;22.7975;67.5006;1.07838e+07;339286
339;0.115958;20.7252;61.3851;1.07838e+07;339286
340;0.115957;18.8413;55.823;1.07838e+07;339287
341;0.115956;17.1286;50.7644;1.07838e+07;339287
342;0.115955;15.5716;46.1636;1.07838e+07;339287
343;0.115954;14.1562;41.9794;1.07838e+07;339287
344;0.115953;12.8694;38.1741;1.07838e+07;339287
345;0.115952;11.6995;34.7134;1.07838e+07;339288
346;0.115952;10.6361;31.5662;1.07838e+07;339288
347;0.115951;9.66924;28.704;1.07838e+07;339288
348;0.11595;8.7903;26.1012;1.07839e+07;339288
349;0.11595;7.99126;23.7341;1.07839e+07;339288
350;0.115949;7.26486;21.5816;1.07839e+07;339288
351;0.115949;6.60448;19.6241;1.07839e+07;339288
352;0.115949;6.00414;17.8441;1.07839e+07;339288
353;0.115948;5.45836;16.2253;1.07839e+07;339288
354;0.115948;4.9622;14.7534;1.07839e+07;339288
355;0.115948;4.51113;13.4149;1.07839e+07;339288
356;0.115947;4.10107;12.1977;1.07839e+07;339288
357;0.115947;3.72828;11.0909;1.07839e+07;339289
358;0.115947;3.38938;10.0845;1.07839e+07;339289
359;0.115947;3.08129;9.16933;1.07839e+07;339289
360;0.115947;2.8012;8.33718;1.07839e+07;339289
361;0.115946;2.54657;7.5805;1.07839e+07;339289
362;0.115946;2.31509;6.89247;1.07839e+07;339289
363;0.115946;2.10465;6.26686;1.07839e+07;339289
364;0.115946;1.91333;5.698;1.07839e+07;339289
365;0.115946;1.73941;5.18075;1.07839e+07;339289
366;0.115946;1.5813;4.71044;1.07839e+07;339289
367;0.115946;1.43756;4.28281;1.07839e+07;339289
368;0.115946;1.30689;3.89398;1.07839e+07;339289
369;0.115946;1.18809;3.54043;1.07839e+07;339289
370;0.115946;1.08009;3.21897;1.07839e+07;339289
371;0.115946;0.981912;2.92669;1.07839e+07;339289
372;0.115945;0.892656;2.66094;1.07839e+07;339289
373;0.115945;0.811514;2.41931;1.07839e+07;339289
374;0.115945;0.737747;2.19962;1.07839e+07;339289
375;0.115945;0.670686;1.99986;1.07839e+07;339289
376;0.115945;0.609721;1.81825;1.07839e+07;339289
377;0.115945;0.554297;1.65312;1.07839e+07;339289
378;0.115945;0.503912;1.50298;1.07839e+07;339289
379;0.115945;0.458106;1.36647;1.07839e+07;339289
380;0.115945;0.416464;1.24236;1.07839e+07;339289
381;0.115945;0.378608;1.12952;1.07839e+07;339289
382;0.115945;0.344192;1.02692;1.07839e+07;339289
383;0.115945;0.312905;0.933646;1.07839e+07;339289
384;0.115945;0.284462;0.848837;1.07839e+07;339289
385;0.115945;0.258605;0.771731;1.07839e+07;339289
386;0.115945;0.235097;0.701627;1.07839e+07;339289
387;0.115945;0.213727;0.63789;1.07839e+07;339289
388;0.115945;0.194299;0.579942;1.07839e+07;339289
389;0.115945;0.176637;0.527257;1.07839e+07;339289
390;0.115945;0.160581;0.479357;1.07839e+07;339289
