197;9.58752e+06;1.7647;0.8787;0.1176;0.0037
198;9.58752e+06;3.15493;0.932525;0.220935;0.00695119
199;9.58752e+06;4.51377;1.10619;0.3306;0.0104015
200;9.58752e+06;6.05557;1.38231;0.460688;0.0144944
201;9.58751e+06;7.94448;1.76509;0.623248;0.019609
202;9.58751e+06;10.3372;2.27314;0.830823;0.0261398
203;9.58751e+06;13.4089;2.93706;1.09814;0.0345505
204;9.5875e+06;17.3731;3.79966;1.44354;0.0454176
205;9.58749e+06;22.4991;4.91798;1.89038;0.0594763
206;9.58748e+06;29.1327;6.3666;2.46874;0.0776728
207;9.58747e+06;37.7196;8.24249;3.21745;0.101229
208;9.58746e+06;48.8363;10.6714;4.18676;0.131726
209;9.58744e+06;63.2288;13.8162;5.44172;0.171211
210;9.58742e+06;81.8625;17.8878;7.0665;0.22233
211;9.58738e+06;105.987;23.1593;9.1701;0.288515
212;9.58734e+06;137.222;29.9843;11.8936;0.374204
213;9.58729e+06;177.661;38.8207;15.4198;0.485146
214;9.58722e+06;230.016;50.2611;19.9851;0.628783
215;9.58713e+06;297.801;65.0729;25.8958;0.814749
216;9.58702e+06;385.56;84.2497;33.5484;1.05552
217;9.58687e+06;499.18;109.078;43.4561;1.36724
218;9.58668e+06;646.281;141.222;56.2837;1.77083
219;9.58643e+06;836.727;182.839;72.8914;2.29335
220;9.58611e+06;1083.29;236.719;94.3932;2.96985
221;9.58569e+06;1402.49;306.476;122.231;3.84571
222;9.58515e+06;1815.74;396.787;158.273;4.97967
223;9.58445e+06;2350.72;513.707;204.935;6.44778
224;9.58354e+06;3043.29;665.075;265.347;8.3485
225;9.58237e+06;3939.83;861.037;343.56;10.8093
226;9.58085e+06;5100.35;1114.72;444.818;13.9951
227;9.57888e+06;6602.52;1443.13;575.909;18.1196
228;9.57634e+06;8546.75;1868.25;745.621;23.4592
229;9.57305e+06;11062.9;2418.53;965.327;30.3717
230;9.56878e+06;14318.8;3130.78;1249.75;39.3202
231;9.56327e+06;18531.4;4052.6;1617.93;50.9041
232;9.55614e+06;23980.4;5245.52;2094.51;65.8987
233;9.54691e+06;31027.1;6789.05;2711.38;85.3071
234;9.53498e+06;40136.7;8785.91;3509.78;110.427
235;9.51956e+06;51908;11368.6;4543;142.934
236;9.49964e+06;67109.8;14708;5879.95;184.998
237;9.47392e+06;86727.3;19024.2;7609.61;239.418
238;9.44075e+06;112019;24600.1;9846.86;309.808
239;9.398e+06;144585;31798.6;12739.8;400.828
240;9.34299e+06;186450;41084.2;16479.3;518.483
241;9.27233e+06;240158;53049;21310.9;670.494
242;9.18179e+06;308872;68444.5;27549.4;866.776
243;9.06611e+06;396478;88218.6;35598.5;1120.02
244;8.91888e+06;507668;113558;45973;1446.43
245;8.73243e+06;647968;145930;59327.4;1866.59
246;8.49783e+06;823668;187129;76488.7;2406.53
247;8.20506e+06;1.04156e+06;239302;98495.1;3098.91
248;7.84354e+06;1.30841e+06;304953;126637;3984.33
249;7.4031e+06;1.62991e+06;386896;162499;5112.65
250;6.87563e+06;2.00923e+06;488124;207998;6544.17
251;6.25746e+06;2.44475e+06;611554;265402;8350.23
252;5.55249e+06;2.9275e+06;759600;337320;10613
253;4.77531e+06;3.43856e+06;933570;426649;13423.5
254;3.9536e+06;3.94771e+06;1.13289e+06;536437;16877.7
255;3.12773e+06;4.41474e+06;1.35432e+06;669666;21069.4
256;2.34634e+06;4.79483e+06;1.59134e+06;828934;26080.4
257;1.65721e+06;5.04811e+06;1.83416e+06;1.01608e+06;31968.4
258;1.09586e+06;5.15058e+06;2.07055e+06;1.23177e+06;38754.8
259;676525;5.10173e+06;2.28758e+06;1.47527e+06;46415.8
260;390284;4.92422e+06;2.47384e+06;1.74429e+06;54879.8
261;211549;4.65535e+06;2.62138e+06;2.03521e+06;64033.1
262;108791;4.33493e+06;2.72658e+06;2.34349e+06;73732.2
263;53770.3;3.99591e+06;2.78989e+06;2.66413e+06;83820.5
264;25915.1;3.66054e+06;2.8147e+06;2.99222e+06;94143.1
265;12355.9;3.34135e+06;2.80602e+06;3.32323e+06;104557
266;5903.94;3.04408e+06;2.76938e+06;3.65322e+06;114940
267;2857.97;2.77042e+06;2.71016e+06;3.9789e+06;125186
268;1413.45;2.52003e+06;2.63325e+06;4.29762e+06;135214
269;718.576;2.29165e+06;2.54291e+06;4.60729e+06;144957
270;377.082;2.08368e+06;2.44276e+06;4.90633e+06;154366
271;204.764;1.89445e+06;2.33586e+06;5.1936e+06;163404
272;115.201;1.72233e+06;2.22473e+06;5.4683e+06;172047
273;67.1656;1.56582e+06;2.11143e+06;5.72993e+06;180278
274;40.5626;1.42351e+06;1.99765e+06;5.97823e+06;188091
275;25.3497;1.29413e+06;1.88473e+06;6.21315e+06;195482
276;16.3727;1.1765e+06;1.77375e+06;6.4348e+06;202455
277;10.912;1.06957e+06;1.66554e+06;6.64339e+06;209018
278;7.49228;972346;1.56073e+06;6.83926e+06;215181
279;5.29055;883962;1.4598e+06;7.0228e+06;220955
280;3.83548;803611;1.36308e+06;7.19447e+06;226357
281;2.84993;730564;1.27079e+06;7.35477e+06;231400
282;2.16684;664156;1.18305e+06;7.50421e+06;236102
283;1.68309;603785;1.09992e+06;7.64334e+06;240479
284;1.33358;548901;1.02138e+06;7.77269e+06;244549
285;1.07631;499006;947382;7.8928e+06;248328
286;0.883633;453647;877824;8.00422e+06;251833
287;0.73701;412411;812580;8.10745e+06;255081
288;0.623766;374923;751502;8.20301e+06;258088
289;0.535098;340842;694426;8.29139e+06;260868
290;0.464791;309860;641174;8.37305e+06;263438
291;0.408388;281693;591566;8.44845e+06;265810
292;0.362653;256088;545415;8.51802e+06;267999
293;0.325199;232809;502535;8.58216e+06;270017
294;0.294248;211647;462740;8.64126e+06;271876
295;0.268454;192408;425848;8.69568e+06;273588
296;0.246794;174918;391683;8.74576e+06;275164
297;0.228476;159018;360072;8.79182e+06;276613
298;0.212884;144564;330850;8.83416e+06;277946
299;0.199533;131423;303858;8.87307e+06;279170
300;0.188039;119476;278947;8.9088e+06;280294
301;0.178094;108616;255971;8.94161e+06;281326
302;0.169449;98742.8;234795;8.97171e+06;282273
303;0.161904;89767.1;215290;8.99932e+06;283142
304;0.155293;81607.3;197335;9.02464e+06;283939
305;0.14948;74189.2;180816;9.04785e+06;284669
306;0.144353;67445.4;165627;9.06911e+06;285338
307;0.139818;61314.6;151667;9.08859e+06;285951
308;0.135794;55741.1;138844;9.10643e+06;286512
309;0.132217;50674.3;127069;9.12275e+06;287025
310;0.129029;46068;116262;9.1377e+06;287496
311;0.126183;41880.4;106347;9.15137e+06;287926
312;0.123636;38073.5;97253.8;9.16388e+06;288319
313;0.121355;34612.6;88917.7;9.17531e+06;288679
314;0.119307;31466.3;81278.3;9.18577e+06;289008
315;0.117467;28606;74279.5;9.19533e+06;289309
316;0.115811;26005.7;67869.7;9.20406e+06;289584
317;0.114319;23641.8;62001;9.21204e+06;289835
318;0.112974;21492.8;56629.4;9.21934e+06;290064
319;0.111759;19539.1;51713.9;9.226e+06;290274
320;0.110662;17763;47217.1;9.23208e+06;290465
321;0.10967;16148.3;43104.3;9.23763e+06;290640
322;0.108773;14680.5;39343.7;9.2427e+06;290799
323;0.107961;13346;35905.7;9.24733e+06;290945
324;0.107225;12132.8;32763.5;9.25155e+06;291078
325;0.106558;11030;29892.2;9.2554e+06;291199
326;0.105953;10027.3;27268.9;9.25892e+06;291309
327;0.105405;9115.86;24872.7;9.26212e+06;291410
328;0.104907;8287.23;22684.2;9.26505e+06;291502
329;0.104456;7533.92;20685.9;9.26772e+06;291586
330;0.104045;6849.09;18861.6;9.27015e+06;291663
331;0.103673;6226.51;17196.2;9.27237e+06;291733
332;0.103334;5660.52;15676.3;9.27439e+06;291796
333;0.103027;5145.98;14289.3;9.27623e+06;291854
334;0.102747;4678.21;13023.8;9.27791e+06;291907
335;0.102493;4252.96;11869.3;9.27944e+06;291955
336;0.102262;3866.37;10816.1;9.28084e+06;291999
337;0.102052;3514.91;9855.58;9.28211e+06;292039
338;0.101861;3195.41;8979.6;9.28327e+06;292076
339;0.101688;2904.95;8180.84;9.28433e+06;292109
340;0.10153;2640.89;7452.56;9.28529e+06;292139
341;0.101386;2400.83;6788.62;9.28617e+06;292167
342;0.101256;2182.59;6183.4;9.28696e+06;292192
343;0.101137;1984.2;5631.75;9.28769e+06;292215
344;0.101029;1803.83;5128.98;9.28835e+06;292236
345;0.10093;1639.87;4670.81;9.28896e+06;292255
346;0.100841;1490.8;4253.3;9.28951e+06;292272
347;0.100759;1355.29;3872.89;9.29001e+06;292288
348;0.100685;1232.09;3526.3;9.29046e+06;292302
349;0.100618;1120.09;3210.56;9.29088e+06;292315
350;0.100556;1018.28;2922.94;9.29125e+06;292327
351;0.100501;925.717;2660.94;9.2916e+06;292338
352;0.10045;841.569;2422.32;9.29191e+06;292348
353;0.100404;765.071;2204.99;9.2922e+06;292356
354;0.100362;695.526;2007.07;9.29245e+06;292365
355;0.100323;632.303;1826.84;9.29269e+06;292372
356;0.100289;574.826;1662.72;9.29291e+06;292379
357;0.100257;522.575;1513.28;9.2931e+06;292385
358;0.100228;475.073;1377.22;9.29328e+06;292391
359;0.100202;431.889;1253.35;9.29344e+06;292396
360;0.100178;392.63;1140.58;9.29359e+06;292400
361;0.100156;356.94;1037.91;9.29372e+06;292405
362;0.100137;324.494;944.462;9.29384e+06;292408
363;0.100119;294.998;859.395;9.29396e+06;292412
364;0.100102;268.182;781.966;9.29406e+06;292415
365;0.100088;243.805;711.491;9.29415e+06;292418
366;0.100074;221.643;647.349;9.29423e+06;292421
367;0.100062;201.495;588.973;9.29431e+06;292423
368;0.100051;183.179;535.846;9.29438e+06;292425
369;0.10004;166.528;487.499;9.29444e+06;292427
370;0.100031;151.391;443.503;9.2945e+06;292429
371;0.100023;137.63;403.468;9.29455e+06;292431
372;0.100015;125.119;367.037;9.2946e+06;292432
373;0.100008;113.746;333.889;9.29464e+06;292433
374;0.100002;103.406;303.728;9.29468e+06;292435
375;0.099996;94.0067;276.285;9.29472e+06;292436
376;0.0999907;85.4615;251.317;9.29475e+06;292437
377;0.0999859;77.693;228.601;9.29478e+06;292438
378;0.0999816;70.6307;207.934;9.2948e+06;292439
379;0.0999777;64.2104;189.132;9.29483e+06;292439
380;0.0999741;58.3737;172.027;9.29485e+06;292440
381;0.0999708;53.0675;156.466;9.29487e+06;292441
382;0.0999678;48.2437;142.311;9.29489e+06;292441
383;0.0999651;43.8583;129.434;9.29491e+06;292442
384;0.0999627;39.8716;117.72;9.29492e+06;292442
385;0.0999604;36.2473;107.065;9.29494e+06;292443
386;0.0999584;32.9524;97.3729;9.29495e+06;292443
387;0.0999566;29.957;88.5569;9.29496e+06;292443
388;0.0999549;27.2339;80.5381;9.29497e+06;292444
389;0.0999533;24.7584;73.2444;9.29498e+06;292444
390;0.099952;22.5078;66.6104;9.29499e+06;292444
391;0.0999507;20.4619;60.5765;9.295e+06;292445
392;0.0999495;18.6019;55.0885;9.295e+06;292445
393;0.0999485;16.911;50.0972;9.29501e+06;292445
394;0.0999475;15.3738;45.5576;9.29502e+06;292445
395;0.0999467;13.9763;41.429;9.29502e+06;292445
396;0.0999459;12.7059;37.6741;9.29503e+06;292446
397;0.0999452;11.5509;34.2592;9.29503e+06;292446
398;0.0999445;10.5009;31.1535;9.29503e+06;292446
399;0.0999439;9.54639;28.3291;9.29504e+06;292446
400;0.0999434;8.67862;25.7606;9.29504e+06;292446
401;0.0999429;7.88974;23.4247;9.29504e+06;292446
402;0.0999425;7.17256;21.3005;9.29505e+06;292446
403;0.0999421;6.52057;19.3687;9.29505e+06;292446
404;0.0999417;5.92785;17.612;9.29505e+06;292446
405;0.0999414;5.38901;16.0145;9.29505e+06;292446
406;0.0999411;4.89915;14.5618;9.29506e+06;292446
407;0.0999408;4.45382;13.2408;9.29506e+06;292447
408;0.0999405;4.04897;12.0395;9.29506e+06;292447
409;0.0999403;3.68092;10.9472;9.29506e+06;292447
410;0.0999401;3.34632;9.95389;9.29506e+06;292447
411;0.0999399;3.04214;9.05067;9.29506e+06;292447
412;0.0999397;2.76561;8.22935;9.29506e+06;292447
413;0.0999396;2.51422;7.48252;9.29507e+06;292447
414;0.0999394;2.28567;6.80344;9.29507e+06;292447
415;0.0999393;2.07791;6.18595;9.29507e+06;292447
416;0.0999392;1.88903;5.62447;9.29507e+06;292447
417;0.0999391;1.71731;5.11394;9.29507e+06;292447
418;0.099939;1.56121;4.64972;9.29507e+06;292447
419;0.0999389;1.4193;4.22762;9.29507e+06;292447
420;0.0999388;1.29028;3.84383;9.29507e+06;292447
421;0.0999387;1.17299;3.49486;9.29507e+06;292447
422;0.0999387;1.06637;3.17756;9.29507e+06;292447
423;0.0999386;0.969437;2.88905;9.29507e+06;292447
424;0.0999386;0.881315;2.62673;9.29507e+06;292447
425;0.0999385;0.801204;2.38822;9.29507e+06;292447
426;0.0999385;0.728374;2.17136;9.29507e+06;292447
427;0.0999384;0.662165;1.97418;9.29507e+06;292447
428;0.0999384;0.601974;1.7949;9.29507e+06;292447
429;0.0999384;0.547255;1.6319;9.29507e+06;292447
430;0.0999383;0.497509;1.4837;9.29507e+06;292447
431;0.0999383;0.452286;1.34895;9.29507e+06;292447
432;0.0999383;0.411173;1.22643;9.29507e+06;292447
433;0.0999383;0.373797;1.11504;9.29507e+06;292447
434;0.0999382;0.339819;1.01377;9.29507e+06;292447
435;0.0999382;0.30893;0.921686;9.29507e+06;292447
436;0.0999382;0.280848;0.837968;9.29507e+06;292447
437;0.0999382;0.255319;0.761851;9.29507e+06;292447
438;0.0999382;0.23211;0.692647;9.29507e+06;292447
439;0.0999381;0.211012;0.629728;9.29507e+06;292447
440;0.0999381;0.191831;0.572523;9.29507e+06;292447
441;0.0999381;0.174393;0.520513;9.29507e+06;292447
442;0.0999381;0.158541;0.473227;9.29507e+06;292447
