230;9.77556e+06;1.7647;0.8787;0.1176;0.0037
231;9.77556e+06;3.15493;0.932525;0.220935;0.00695119
232;9.77556e+06;4.51377;1.10619;0.3306;0.0104015
233;9.77556e+06;6.05557;1.38231;0.460688;0.0144944
234;9.77555e+06;7.94448;1.76509;0.623248;0.019609
235;9.77555e+06;10.3372;2.27314;0.830823;0.0261398
236;9.77555e+06;13.4089;2.93706;1.09814;0.0345505
237;9.77554e+06;17.3731;3.79966;1.44354;0.0454176
238;9.77554e+06;22.4991;4.91798;1.89038;0.0594763
239;9.77553e+06;29.1327;6.3666;2.46874;0.0776728
240;9.77552e+06;37.7196;8.24249;3.21745;0.101229
241;9.7755e+06;48.8363;10.6714;4.18677;0.131726
242;9.77548e+06;63.2288;13.8162;5.44172;0.171211
243;9.77546e+06;81.8625;17.8878;7.0665;0.22233
244;9.77543e+06;105.987;23.1593;9.1701;0.288515
245;9.77539e+06;137.222;29.9843;11.8936;0.374204
246;9.77533e+06;177.661;38.8207;15.4198;0.485146
247;9.77526e+06;230.017;50.2611;19.9851;0.628783
248;9.77518e+06;297.801;65.0729;25.8958;0.814749
249;9.77506e+06;385.561;84.2497;33.5484;1.05552
250;9.77491e+06;499.181;109.078;43.4561;1.36724
251;9.77472e+06;646.282;141.222;56.2837;1.77083
252;9.77447e+06;836.728;182.839;72.8914;2.29335
253;9.77415e+06;1083.29;236.719;94.3932;2.96986
254;9.77373e+06;1402.5;306.476;122.231;3.84572
255;9.77319e+06;1815.75;396.787;158.273;4.97968
256;9.77249e+06;2350.73;513.708;204.935;6.44779
257;9.77158e+06;3043.31;665.077;265.347;8.34851
258;9.77041e+06;3939.86;861.04;343.56;10.8093
259;9.76889e+06;5100.4;1114.73;444.819;13.9951
260;9.76693e+06;6602.59;1443.14;575.911;18.1196
261;9.76438e+06;8546.88;1868.26;745.624;23.4593
262;9.76109e+06;11063.1;2418.55;965.331;30.3718
263;9.75683e+06;14319.2;3130.82;1249.75;39.3205
264;9.75131e+06;18532;4052.67;1617.94;50.9045
265;9.74418e+06;23981.4;5245.63;2094.53;65.8994
266;9.73495e+06;31028.8;6789.25;2711.42;85.3082
267;9.72302e+06;40139.6;8786.23;3509.83;110.428
268;9.7076e+06;51912.8;11369.2;4543.09;142.938
269;9.68767e+06;67117.9;14709;5880.11;185.003
270;9.66195e+06;86740.8;19025.8;7609.88;239.427
271;9.62876e+06;112041;24602.7;9847.31;309.822
272;9.586e+06;144623;31802.9;12740.6;400.852
273;9.53096e+06;186513;41091.4;16480.6;518.523
274;9.46026e+06;240262;53061.1;21313;670.561
275;9.36964e+06;309045;68464.6;27552.9;866.887
276;9.25382e+06;396765;88252;35604.4;1120.21
277;9.10638e+06;508142;113613;45982.8;1446.74
278;8.91958e+06;648748;146022;59343.7;1867.11
279;8.68442e+06;824942;187281;76515.9;2407.39
280;8.39074e+06;1.04363e+06;239551;98540.1;3100.33
281;8.02778e+06;1.31173e+06;305359;126711;3986.66
282;7.58508e+06;1.6352e+06;387555;162622;5116.49
283;7.05413e+06;2.0175e+06;489184;208198;6550.45
284;6.43078e+06;2.45747e+06;613237;265726;8360.43
285;5.71826e+06;2.94659e+06;762235;337843;10629.4
286;4.93058e+06;3.46644e+06;937621;427482;13449.7
287;4.09488e+06;3.98704e+06;1.13899e+06;537746;16918.9
288;3.25146e+06;4.46803e+06;1.36325e+06;671691;21133.1
289;2.44956e+06;4.86379e+06;1.60403e+06;832009;26177.2
290;1.73836e+06;5.13287e+06;1.85158e+06;1.02064e+06;32112.1
291;1.1554e+06;5.24925e+06;2.09356e+06;1.23839e+06;38962.9
292;716988;5.21051e+06;2.31677e+06;1.48459e+06;46709.1
293;415685;5.03817e+06;2.50938e+06;1.75704e+06;55281.1
294;226310;4.76958e+06;2.66296e+06;2.05215e+06;64565.9
295;116795;4.44554e+06;2.7735e+06;2.36531e+06;74418.8
296;57870;4.10036e+06;2.84117e+06;2.69148e+06;84680.8
297;27929.6;3.75758e+06;2.86926e+06;3.0256e+06;95193.1
298;13320.8;3.43063e+06;2.86279e+06;3.36302e+06;105809
299;6361.4;3.12574e+06;2.82737e+06;3.69969e+06;116402
300;3075.41;2.8449e+06;2.76854e+06;4.03219e+06;126863
301;1518.17;2.58785e+06;2.69132e+06;4.35777e+06;137107
302;770.091;2.35337e+06;2.6001e+06;4.67427e+06;147064
303;403.11;2.13981e+06;2.49863e+06;4.98004e+06;156685
304;218.324;1.94549e+06;2.39005e+06;5.27388e+06;165930
305;122.5;1.76874e+06;2.27698e+06;5.55495e+06;174773
306;71.2307;1.60801e+06;2.16156e+06;5.82272e+06;183198
307;42.9051;1.46187e+06;2.04554e+06;6.07692e+06;191196
308;26.7458;1.329e+06;1.9303e+06;6.31747e+06;198764
309;17.2326;1.20821e+06;1.81696e+06;6.54448e+06;205906
310;11.4587;1.09839e+06;1.70639e+06;6.75815e+06;212629
311;7.85049;998547;1.59925e+06;6.95882e+06;218943
312;5.53215;907781;1.49602e+06;7.14689e+06;224860
313;4.00294;825266;1.39707e+06;7.32283e+06;230395
314;2.96903;750250;1.30263e+06;7.48712e+06;235564
315;2.25362;682053;1.21282e+06;7.64031e+06;240384
316;1.74778;620055;1.1277e+06;7.78294e+06;244871
317;1.38283;563692;1.04727e+06;7.91556e+06;249044
318;1.11457;512453;971478;8.03871e+06;252919
319;0.913913;465871;900219;8.15296e+06;256513
320;0.761392;423524;833371;8.25883e+06;259844
321;0.64372;385025;770781;8.35683e+06;262927
322;0.551676;350027;712284;8.44747e+06;265779
323;0.478758;318209;657701;8.53124e+06;268415
324;0.420311;289284;606847;8.60858e+06;270848
325;0.372954;262988;559533;8.67995e+06;273094
326;0.3342;239083;515567;8.74575e+06;275164
327;0.302195;217350;474761;8.80638e+06;277072
328;0.27554;197593;436930;8.86221e+06;278828
329;0.253169;179632;401892;8.9136e+06;280445
330;0.234259;163303;369471;8.96086e+06;281932
331;0.218171;148459;339498;9.00431e+06;283299
332;0.204401;134964;311812;9.04423e+06;284555
333;0.19255;122696;286257;9.0809e+06;285709
334;0.182301;111543;262687;9.11457e+06;286768
335;0.173395;101404;240963;9.14546e+06;287740
336;0.165623;92186;220952;9.1738e+06;288631
337;0.158816;83806.3;202530;9.19978e+06;289449
338;0.152833;76188.4;185581;9.2236e+06;290198
339;0.147556;69262.8;169995;9.24542e+06;290885
340;0.142889;62966.9;155671;9.26541e+06;291514
341;0.13875;57243.2;142512;9.28372e+06;292090
342;0.135071;52039.8;130429;9.30048e+06;292617
343;0.131792;47309.4;119338;9.31582e+06;293100
344;0.128865;43008.9;109163;9.32985e+06;293541
345;0.126247;39099.4;99830.8;9.34269e+06;293945
346;0.123902;35545.3;91275.4;9.35443e+06;294315
347;0.121797;32314.2;83434.8;9.36516e+06;294652
348;0.119905;29376.9;76251.5;9.37498e+06;294961
349;0.118203;26706.5;69672.6;9.38394e+06;295243
350;0.11667;24278.9;63648.9;9.39214e+06;295501
351;0.115288;22071.9;58135.2;9.39962e+06;295736
352;0.11404;20065.6;53089.8;9.40646e+06;295951
353;0.112913;18241.6;48474;9.4127e+06;296148
354;0.111894;16583.5;44252.2;9.4184e+06;296327
355;0.110973;15076;40391.9;9.42361e+06;296491
356;0.110138;13705.6;36862.7;9.42836e+06;296640
357;0.109382;12459.8;33637.1;9.43269e+06;296777
358;0.108697;11327.2;30689.5;9.43665e+06;296901
359;0.108076;10297.6;27996.5;9.44026e+06;297015
360;0.107513;9361.51;25536.6;9.44355e+06;297118
361;0.107002;8510.54;23290;9.44655e+06;297213
362;0.106538;7736.94;21238.5;9.44929e+06;297299
363;0.106116;7033.65;19365.6;9.45179e+06;297378
364;0.105734;6394.29;17655.9;9.45407e+06;297449
365;0.105386;5813.05;16095.5;9.45614e+06;297515
366;0.10507;5284.64;14671.5;9.45803e+06;297574
367;0.104783;4804.27;13372.2;9.45976e+06;297629
368;0.104523;4367.56;12186.9;9.46133e+06;297678
369;0.104285;3970.55;11105.6;9.46277e+06;297723
370;0.10407;3609.63;10119.4;9.46407e+06;297764
371;0.103874;3281.51;9220.06;9.46526e+06;297802
372;0.103695;2983.22;8399.96;9.46635e+06;297836
373;0.103533;2712.05;7652.22;9.46733e+06;297867
374;0.103386;2465.52;6970.53;9.46823e+06;297895
375;0.103251;2241.41;6349.12;9.46905e+06;297921
376;0.103129;2037.66;5782.71;9.4698e+06;297944
377;0.103018;1852.44;5266.49;9.47048e+06;297966
378;0.102917;1684.05;4796.06;9.4711e+06;297985
379;0.102825;1530.97;4367.37;9.47166e+06;298003
380;0.102742;1391.81;3976.78;9.47218e+06;298019
381;0.102666;1265.29;3620.91;9.47264e+06;298034
382;0.102597;1150.28;3296.71;9.47307e+06;298047
383;0.102534;1045.72;3001.38;9.47346e+06;298059
384;0.102476;950.662;2732.37;9.47381e+06;298071
385;0.102424;864.247;2487.35;9.47413e+06;298081
386;0.102377;785.687;2264.19;9.47443e+06;298090
387;0.102334;714.268;2060.96;9.47469e+06;298098
388;0.102294;649.341;1875.9;9.47493e+06;298106
389;0.102259;590.316;1707.37;9.47515e+06;298113
390;0.102226;536.656;1553.93;9.47536e+06;298119
391;0.102196;487.874;1414.22;9.47554e+06;298125
392;0.10217;443.526;1287.02;9.4757e+06;298130
393;0.102145;403.21;1171.22;9.47586e+06;298135
394;0.102123;366.558;1065.81;9.47599e+06;298139
395;0.102103;333.238;969.844;9.47612e+06;298143
396;0.102084;302.947;882.493;9.47623e+06;298147
397;0.102067;275.409;802.985;9.47634e+06;298150
398;0.102052;250.374;730.617;9.47643e+06;298153
399;0.102038;227.615;664.752;9.47652e+06;298156
400;0.102026;206.925;604.808;9.47659e+06;298158
401;0.102014;188.116;550.254;9.47667e+06;298160
402;0.102004;171.016;500.608;9.47673e+06;298162
403;0.101994;155.471;455.43;9.47679e+06;298164
404;0.101985;141.338;414.318;9.47684e+06;298166
405;0.101978;128.491;376.909;9.47689e+06;298168
406;0.10197;116.811;342.87;9.47694e+06;298169
407;0.101964;106.193;311.898;9.47698e+06;298170
408;0.101958;96.5398;283.718;9.47701e+06;298171
409;0.101953;87.7644;258.078;9.47705e+06;298172
410;0.101948;79.7866;234.751;9.47708e+06;298173
411;0.101943;72.534;213.528;9.4771e+06;298174
412;0.101939;65.9407;194.221;9.47713e+06;298175
413;0.101935;59.9467;176.656;9.47715e+06;298176
414;0.101932;54.4975;160.677;9.47717e+06;298176
415;0.101929;49.5437;146.14;9.47719e+06;298177
416;0.101926;45.0402;132.917;9.47721e+06;298178
417;0.101924;40.946;120.888;9.47723e+06;298178
418;0.101922;37.224;109.947;9.47724e+06;298178
419;0.101919;33.8404;99.9937;9.47725e+06;298179
420;0.101918;30.7643;90.9406;9.47726e+06;298179
421;0.101916;27.9678;82.7059;9.47727e+06;298180
422;0.101914;25.4255;75.216;9.47728e+06;298180
423;0.101913;23.1144;68.4035;9.47729e+06;298180
424;0.101911;21.0133;62.2072;9.4773e+06;298180
425;0.10191;19.1032;56.5716;9.47731e+06;298181
426;0.101909;17.3667;51.4459;9.47732e+06;298181
427;0.101908;15.7881;46.7842;9.47732e+06;298181
428;0.101907;14.3529;42.5444;9.47733e+06;298181
429;0.101907;13.0482;38.6884;9.47733e+06;298181
430;0.101906;11.8622;35.1816;9.47734e+06;298182
431;0.101905;10.7839;31.9924;9.47734e+06;298182
432;0.101905;9.80363;29.0919;9.47734e+06;298182
433;0.101904;8.91248;26.4542;9.47735e+06;298182
434;0.101904;8.10234;24.0555;9.47735e+06;298182
435;0.101903;7.36584;21.8741;9.47735e+06;298182
436;0.101903;6.69628;19.8903;9.47736e+06;298182
437;0.101902;6.08759;18.0863;9.47736e+06;298182
438;0.101902;5.53423;16.4458;9.47736e+06;298182
439;0.101902;5.03117;14.954;9.47736e+06;298182
440;0.101901;4.57383;13.5974;9.47736e+06;298182
441;0.101901;4.15807;12.3638;9.47737e+06;298182
442;0.101901;3.7801;11.242;9.47737e+06;298182
443;0.101901;3.43649;10.222;9.47737e+06;298183
444;0.1019;3.12412;9.29443;9.47737e+06;298183
445;0.1019;2.84013;8.451;9.47737e+06;298183
446;0.1019;2.58197;7.68406;9.47737e+06;298183
447;0.1019;2.34727;6.98668;9.47737e+06;298183
448;0.1019;2.1339;6.35257;9.47737e+06;298183
449;0.1019;1.93993;5.77597;9.47737e+06;298183
450;0.1019;1.76359;5.25169;9.47738e+06;298183
451;0.101899;1.60328;4.77497;9.47738e+06;298183
452;0.101899;1.45754;4.3415;9.47738e+06;298183
453;0.101899;1.32505;3.94737;9.47738e+06;298183
454;0.101899;1.2046;3.589;9.47738e+06;298183
455;0.101899;1.0951;3.26315;9.47738e+06;298183
456;0.101899;0.99556;2.96688;9.47738e+06;298183
457;0.101899;0.905064;2.69749;9.47738e+06;298183
458;0.101899;0.822793;2.45256;9.47738e+06;298183
459;0.101899;0.748001;2.22985;9.47738e+06;298183
460;0.101899;0.680008;2.02736;9.47738e+06;298183
461;0.101899;0.618195;1.84326;9.47738e+06;298183
462;0.101899;0.562002;1.67586;9.47738e+06;298183
463;0.101899;0.510916;1.52367;9.47738e+06;298183
464;0.101899;0.464473;1.38529;9.47738e+06;298183
465;0.101899;0.422253;1.25947;9.47738e+06;298183
466;0.101899;0.38387;1.14508;9.47738e+06;298183
467;0.101899;0.348976;1.04108;9.47738e+06;298183
468;0.101899;0.317254;0.946517;9.47738e+06;298183
469;0.101899;0.288416;0.860543;9.47738e+06;298183
470;0.101899;0.262199;0.782376;9.47738e+06;298183
471;0.101899;0.238365;0.711308;9.47738e+06;298183
472;0.101899;0.216698;0.646694;9.47738e+06;298183
473;0.101899;0.197;0.587948;9.47738e+06;298183
474;0.101899;0.179093;0.534537;9.47738e+06;298183
475;0.101899;0.162813;0.485977;9.47738e+06;298183
