206;352719;1.7647;0.8787;0.1176;0.0037
207;352718;3.15492;0.932525;0.220935;0.00695119
208;352716;4.51375;1.10619;0.3306;0.0104015
209;352714;6.05552;1.38231;0.460688;0.0144944
210;352712;7.94439;1.76508;0.623248;0.019609
211;352709;10.337;2.27312;0.830822;0.0261398
212;352705;13.4086;2.93703;1.09814;0.0345504
213;352699;17.3725;3.79961;1.44354;0.0454174
214;352693;22.4981;4.91788;1.89037;0.0594759
215;352684;29.1309;6.36642;2.46871;0.0776721
216;352673;37.7165;8.24217;3.2174;0.101228
217;352658;48.8311;10.6708;4.18668;0.131724
218;352639;63.2198;13.8152;5.44157;0.171206
219;352615;81.8471;17.8861;7.06624;0.222322
220;352583;105.961;23.1564;9.16964;0.288501
221;352543;137.178;29.9794;11.8928;0.374179
222;352490;177.586;38.8124;15.4184;0.485103
223;352421;229.891;50.247;19.9828;0.628709
224;352333;297.589;65.0491;25.8918;0.814623
225;352218;385.204;84.2095;33.5416;1.0553
226;352070;498.582;109.01;43.4446;1.36688
227;351878;645.275;141.108;56.2642;1.77022
228;351629;835.038;182.647;72.8585;2.29232
229;351308;1080.45;236.397;94.3378;2.96811
230;350892;1397.74;305.935;122.138;3.84278
231;350355;1807.77;395.88;158.116;4.97474
232;349661;2337.37;512.186;204.672;6.4395
233;348765;3020.92;662.524;264.905;8.33458
234;347609;3902.37;856.762;342.817;10.7859
235;346119;5037.69;1107.56;443.573;13.9559
236;344201;6497.74;1431.14;573.822;18.0539
237;341737;8371.71;1848.19;742.124;23.3491
238;338577;10770.8;2384.99;959.471;30.1874
239;334536;13832;3074.76;1239.95;39.0119
240;329390;17721.4;3959.12;1601.54;50.3885
241;322864;22635.8;5089.75;2067.13;65.0372
242;314641;28801.1;6529.96;2665.68;83.8693
243;304360;36464.6;8355.9;3433.61;108.03
244;291632;45877.4;10657;4416.26;138.947
245;276078;57262;13534.5;5669.52;178.378
246;257374;70760.3;17097.9;7261.18;228.456
247;235344;86358.2;21456;9271.9;291.718
248;210061;103792;26703.4;11795.1;371.105
249;181968;122450;32898.9;14935.4;469.908
250;151978;141309;40039;18804.4;591.634
251;121484;158958;48027.3;23512.9;739.778
252;92232.7;173760;56650.9;29161;917.479
253;66024.1;184174;65573.9;35823.1;1127.09
254;44294.9;189162;74361.2;43534.6;1369.71
255;27752;188510;82536;52279.5;1644.85
256;16239.1;182887;89659.9;61985.7;1950.23
257;8914.41;173587;95408.6;72529.7;2281.97
258;4631.71;162091;99614.6;83749.7;2634.98
259;2306.09;149683;102265;95464.4;3003.56
260;1116.12;137266;103467;107491;3381.94
261;532.79;125372;103394;119659;3764.77
262;254.225;114254;102248;131818;4147.32
263;122.634;104000;100231;143842;4525.64
264;60.3409;94608.9;97527;155629;4896.5
265;30.4856;86038.8;94296.9;167098;5257.35
266;15.8865;78232.5;90679.6;178188;5606.25
267;8.56317;71128.5;86791.5;188852;5941.76
268;4.78135;64666.7;82729.3;199058;6262.89
269;2.76669;58790.5;78572.4;208787;6568.99
270;1.65852;53447.6;74385.6;218027;6859.71
271;1.02909;48589.8;70221;226775;7134.93
272;0.660107;44173.4;66120;235033;7394.75
273;0.43708;40158.2;62115;242809;7639.4
274;0.298253;36508;58230.9;250114;7869.22
275;0.209385;33189.5;54486;256962;8084.68
276;0.150972;30172.6;50893.8;263369;8286.27
277;0.111609;27430;47463.1;269354;8474.58
278;0.0844558;24936.6;44199.2;274936;8650.19
279;0.0653119;22669.9;41104.6;280134;8813.73
280;0.0515374;20609.2;38179.3;284968;8965.82
281;0.0414371;18735.8;35421.5;289458;9107.08
282;0.0338997;17032.8;32828;293623;9238.14
283;0.0281827;15484.5;30394.2;297484;9359.6
284;0.0237806;14077;28114.9;301058;9472.06
285;0.0203436;12797.4;25984.2;304364;9576.09
286;0.0176253;11634.1;23995.6;307420;9672.23
287;0.0154499;10576.6;22142.5;310242;9761.01
288;0.0136898;9615.15;20418;312846;9842.94
289;0.0122513;8741.13;18815.3;315247;9918.49
290;0.0110648;7946.56;17327.6;317460;9988.1
291;0.0100777;7224.22;15948.1;319497;10052.2
292;0.0092501;6567.54;14670.3;321373;10111.2
293;0.0085512;5970.55;13487.8;323098;10165.5
294;0.00795709;5427.83;12394.4;324684;10215.4
295;0.007449;4934.44;11384.4;326142;10261.3
296;0.00701206;4485.9;10452;327481;10303.4
297;0.00663439;4078.13;9591.92;328710;10342.1
298;0.00630643;3707.43;8799.12;329838;10377.6
299;0.00602042;3370.42;8068.79;330873;10410.1
300;0.00577001;3064.05;7396.42;331822;10440
301;0.00555001;2785.53;6777.76;332691;10467.3
302;0.00535607;2532.33;6208.82;333488;10492.4
303;0.00518461;2302.14;5685.88;334219;10515.4
304;0.00503261;2092.87;5205.45;334887;10536.4
305;0.00489752;1902.63;4764.27;335499;10555.7
306;0.0047772;1729.68;4359.31;336060;10573.3
307;0.0046698;1572.45;3987.75;336572;10589.4
308;0.00457376;1429.52;3646.98;337041;10604.2
309;0.00448773;1299.58;3334.54;337470;10617.7
310;0.00441055;1181.44;3048.19;337862;10630
311;0.0043412;1074.05;2785.84;338221;10641.3
312;0.00427882;976.42;2545.55;338548;10651.6
313;0.00422264;887.663;2325.53;338848;10661
314;0.00417198;806.975;2124.13;339121;10669.6
315;0.00412627;733.621;1939.83;339371;10677.5
316;0.00408498;666.935;1771.21;339599;10684.7
317;0.00404765;606.31;1616.99;339807;10691.2
318;0.00401389;551.197;1475.96;339998;10697.2
319;0.00398333;501.093;1347.03;340171;10702.7
320;0.00395564;455.544;1229.19;340330;10707.6
321;0.00393056;414.135;1121.5;340474;10712.2
322;0.00390782;376.49;1023.1;340606;10716.3
323;0.00388719;342.267;933.223;340726;10720.1
324;0.00386848;311.155;851.135;340836;10723.6
325;0.00385149;282.871;776.177;340936;10726.7
326;0.00383606;257.158;707.739;341027;10729.6
327;0.00382206;233.782;645.266;341111;10732.2
328;0.00380933;212.532;588.246;341187;10734.6
329;0.00379777;193.213;536.211;341256;10736.8
330;0.00378727;175.65;488.732;341319;10738.8
331;0.00377772;159.683;445.415;341376;10740.6
332;0.00376903;145.168;405.901;341429;10742.2
333;0.00376114;131.972;369.861;341476;10743.7
334;0.00375396;119.976;336.993;341520;10745.1
335;0.00374744;109.07;307.022;341560;10746.3
336;0.0037415;99.1556;279.695;341596;10747.5
337;0.0037361;90.1423;254.781;341629;10748.5
338;0.00373119;81.9484;232.07;341659;10749.5
339;0.00372672;74.4993;211.369;341686;10750.3
340;0.00372266;67.7273;192.502;341711;10751.1
341;0.00371896;61.5709;175.308;341733;10751.8
342;0.0037156;55.9741;159.64;341754;10752.5
343;0.00371254;50.8861;145.364;341773;10753.1
344;0.00370975;46.2605;132.356;341790;10753.6
345;0.00370722;42.0554;120.507;341805;10754.1
346;0.00370491;38.2326;109.712;341820;10754.5
347;0.00370282;34.7573;99.8794;341832;10754.9
348;0.00370091;31.5978;90.9234;341844;10755.3
349;0.00369917;28.7256;82.7667;341855;10755.6
350;0.00369759;26.1144;75.3382;341865;10755.9
351;0.00369616;23.7406;68.5735;341873;10756.2
352;0.00369485;21.5826;62.4135;341882;10756.5
353;0.00369366;19.6208;56.8046;341889;10756.7
354;0.00369258;17.8372;51.6978;341896;10756.9
355;0.00369159;16.2158;47.0482;341902;10757.1
356;0.00369069;14.7418;42.8153;341907;10757.3
357;0.00368988;13.4018;38.9618;341912;10757.4
358;0.00368914;12.1836;35.454;341917;10757.6
359;0.00368846;11.0761;32.2609;341921;10757.7
360;0.00368785;10.0693;29.3545;341925;10757.8
361;0.00368729;9.15396;26.7091;341928;10757.9
362;0.00368678;8.32187;24.3014;341931;10758
363;0.00368632;7.56541;22.1101;341934;10758.1
364;0.0036859;6.87772;20.1158;341937;10758.2
365;0.00368552;6.25253;18.3009;341939;10758.3
366;0.00368517;5.68418;16.6494;341941;10758.4
367;0.00368485;5.16749;15.1465;341943;10758.4
368;0.00368456;4.69776;13.779;341945;10758.5
369;0.0036843;4.27073;12.5346;341947;10758.5
370;0.00368406;3.88253;11.4024;341948;10758.6
371;0.00368385;3.5296;10.3722;341949;10758.6
372;0.00368365;3.20876;9.43488;341951;10758.7
373;0.00368347;2.91709;8.5821;341952;10758.7
374;0.00368331;2.65192;7.80626;341953;10758.7
375;0.00368316;2.41086;7.10042;341954;10758.7
376;0.00368302;2.19172;6.45828;341955;10758.8
377;0.0036829;1.99249;5.87412;341955;10758.8
378;0.00368279;1.81137;5.34271;341956;10758.8
379;0.00368269;1.64672;4.85929;341957;10758.8
380;0.0036826;1.49703;4.41955;341957;10758.9
381;0.00368251;1.36095;4.01953;341958;10758.9
382;0.00368244;1.23724;3.65568;341958;10758.9
383;0.00368237;1.12478;3.32471;341959;10758.9
384;0.0036823;1.02253;3.02366;341959;10758.9
385;0.00368225;0.929586;2.74984;341959;10758.9
386;0.00368219;0.845087;2.50078;341960;10758.9
387;0.00368215;0.768268;2.27426;341960;10758.9
388;0.0036821;0.698433;2.06823;341960;10759
389;0.00368206;0.634945;1.88084;341961;10759
390;0.00368203;0.577229;1.71041;341961;10759
391;0.00368199;0.524759;1.55541;341961;10759
392;0.00368197;0.477058;1.41444;341961;10759
393;0.00368194;0.433694;1.28623;341961;10759
394;0.00368191;0.394271;1.16963;341961;10759
395;0.00368189;0.358432;1.0636;341962;10759
396;0.00368187;0.32585;0.967163;341962;10759
397;0.00368185;0.29623;0.879466;341962;10759
398;0.00368184;0.269303;0.799714;341962;10759
399;0.00368182;0.244824;0.727188;341962;10759
400;0.00368181;0.222569;0.661235;341962;10759
401;0.00368179;0.202338;0.601258;341962;10759
402;0.00368178;0.183945;0.546718;341962;10759
403;0.00368177;0.167224;0.497122;341962;10759
