189;1.35262e+09;1.7647;0.8787;0.1176;0.0037
190;1.35262e+09;3.15493;0.932525;0.220935;0.00695119
191;1.35262e+09;4.51377;1.10619;0.3306;0.0104015
192;1.35262e+09;6.05557;1.38231;0.460688;0.0144944
193;1.35262e+09;7.94449;1.76509;0.623248;0.019609
194;1.35262e+09;10.3372;2.27314;0.830823;0.0261398
195;1.35262e+09;13.4089;2.93706;1.09814;0.0345505
196;1.35262e+09;17.3731;3.79967;1.44354;0.0454176
197;1.35262e+09;22.4992;4.91798;1.89038;0.0594763
198;1.35262e+09;29.1327;6.3666;2.46874;0.0776729
199;1.35262e+09;37.7197;8.2425;3.21745;0.101229
200;1.35262e+09;48.8365;10.6714;4.18677;0.131727
201;1.35262e+09;63.2291;13.8162;5.44173;0.171211
202;1.35262e+09;81.8631;17.8878;7.06651;0.222331
203;1.35262e+09;105.988;23.1594;9.17012;0.288516
204;1.35262e+09;137.223;29.9845;11.8937;0.374205
205;1.35262e+09;177.663;38.821;15.4198;0.485148
206;1.35262e+09;230.021;50.2616;19.9852;0.628786
207;1.35262e+09;297.809;65.0738;25.896;0.814754
208;1.35262e+09;385.574;84.2512;33.5486;1.05553
209;1.35262e+09;499.203;109.08;43.4566;1.36726
210;1.35262e+09;646.319;141.226;56.2844;1.77085
211;1.35262e+09;836.791;182.846;72.8926;2.29339
212;1.35262e+09;1083.39;236.731;94.3953;2.96992
213;1.35262e+09;1402.67;306.496;122.235;3.84582
214;1.35261e+09;1816.04;396.821;158.279;4.97986
215;1.35261e+09;2351.23;513.765;204.945;6.4481
216;1.35261e+09;3044.15;665.172;265.364;8.34903
217;1.35261e+09;3941.26;861.2;343.588;10.8102
218;1.35261e+09;5102.75;1115;444.865;13.9966
219;1.35261e+09;6606.54;1443.59;575.989;18.1221
220;1.35261e+09;8553.48;1869.01;745.755;23.4634
221;1.3526e+09;11074.2;2419.81;965.551;30.3787
222;1.3526e+09;14337.8;3132.94;1250.12;39.332
223;1.35259e+09;18563.1;4056.21;1618.55;50.9239
224;1.35259e+09;24033.6;5251.58;2095.56;65.9319
225;1.35258e+09;31116.1;6799.21;2713.15;85.3627
226;1.35256e+09;40285.9;8802.92;3512.74;110.52
227;1.35255e+09;52157.8;11397.1;4547.96;143.091
228;1.35253e+09;67528.2;14755.8;5888.26;185.26
229;1.3525e+09;87427.7;19104.2;7623.54;239.856
230;1.35247e+09;113191;24734.1;9870.2;310.542
231;1.35243e+09;146545;32022.9;12778.9;402.058
232;1.35237e+09;189727;41459.5;16544.8;520.543
233;1.3523e+09;245631;53676.6;21420.4;673.943
234;1.3522e+09;318004;69493.5;27732.8;872.546
235;1.35208e+09;411695;89970.5;35905.3;1129.67
236;1.35192e+09;532980;116480;46485.8;1462.56
237;1.35171e+09;689978;150799;60183.8;1893.54
238;1.35145e+09;893197;195226;77917.8;2451.5
239;1.3511e+09;1.15622e+06;252737;100876;3173.83
240;1.35066e+09;1.49663e+06;327181;130598;4108.96
241;1.35008e+09;1.93713e+06;423537;169075;5319.53
242;1.34934e+09;2.50706e+06;548247;218883;6886.61
243;1.34837e+09;3.24432e+06;709636;283356;8915.13
244;1.34712e+09;4.19778e+06;918466;366810;11540.8
245;1.34551e+09;5.43045e+06;1.18863e+06;474821;14939.1
246;1.34342e+09;7.0234e+06;1.53808e+06;614605;19337.1
247;1.34073e+09;9.08081e+06;1.98994e+06;795483;25028
248;1.33725e+09;1.17362e+07;2.57401e+06;1.0295e+06;32390.7
249;1.33275e+09;1.51602e+07;3.3286e+06;1.3322e+06;41914.5
250;1.32697e+09;1.95701e+07;4.3029e+06;1.72365e+06;54230.4
251;1.31952e+09;2.52408e+07;5.55988e+06;2.22967e+06;70151.1
252;1.30994e+09;3.25183e+07;7.17985e+06;2.88351e+06;90722.7
253;1.29767e+09;4.18338e+07;9.26485e+06;3.72786e+06;117288
254;1.28199e+09;5.3718e+07;1.19437e+07;4.81741e+06;151568
255;1.26201e+09;6.88137e+07;1.53779e+07;6.22199e+06;195760
256;1.23668e+09;8.78818e+07;1.97677e+07;8.03043e+06;252658
257;1.20478e+09;1.11793e+08;2.53584e+07;1.03551e+07;325799
258;1.16492e+09;1.415e+08;3.24444e+07;1.33373e+07;419625
259;1.11559e+09;1.77962e+08;4.13713e+07;1.71527e+07;539669
260;1.05535e+09;2.22024e+08;5.25297e+07;2.2018e+07;692743
261;9.82989e+08;2.74206e+08;6.63399e+07;2.81955e+07;887103
262;8.97855e+08;3.34415e+08;8.32181e+07;3.5997e+07;1.13256e+06
263;8.00292e+08;4.01579e+08;1.03522e+08;4.57835e+07;1.44047e+06
264;6.92089e+08;4.73279e+08;1.27468e+08;5.79577e+07;1.8235e+06
265;5.76837e+08;5.45509e+08;1.55028e+08;7.2948e+07;2.29513e+06
266;4.59969e+08;6.1279e+08;1.85809e+08;9.11792e+07;2.86873e+06
267;3.48228e+08;6.68829e+08;2.18973e+08;1.1303e+08;3.55623e+06
268;2.48482e+08;7.07779e+08;2.53209e+08;1.38782e+08;4.36643e+06
269;1.6613e+08;7.25793e+08;2.86831e+08;1.68559e+08;5.3033e+06
270;1.03717e+08;7.22232e+08;3.18013e+08;2.0229e+08;6.36458e+06
271;6.04815e+07;6.99817e+08;3.45089e+08;2.39689e+08;7.54123e+06
272;3.30987e+07;6.63586e+08;3.66843e+08;2.80271e+08;8.81806e+06
273;1.71536e+07;6.19211e+08;3.82665e+08;3.23412e+08;1.01754e+07
274;8.52481e+06;5.71554e+08;3.92534e+08;3.68413e+08;1.15912e+07
275;4.12133e+06;5.24003e+08;3.96874e+08;4.14575e+08;1.30436e+07
276;1.96659e+06;4.78526e+08;3.96365e+08;4.61248e+08;1.4512e+07
277;938599;4.36056e+08;3.91784e+08;5.0786e+08;1.59786e+07
278;453105;3.96904e+08;3.83898e+08;5.53934e+08;1.74282e+07
279;223203;3.61055e+08;3.7341e+08;5.99081e+08;1.88486e+07
280;112928;3.28346e+08;3.60935e+08;6.42994e+08;2.02302e+07
281;58943.4;2.98553e+08;3.47e+08;6.8544e+08;2.15657e+07
282;31826.5;2.71442e+08;3.32048e+08;7.26247e+08;2.28496e+07
283;17802.1;2.46782e+08;3.16444e+08;7.65296e+08;2.40782e+07
284;10319.3;2.24357e+08;3.00492e+08;8.02509e+08;2.5249e+07
285;6196.76;2.03967e+08;2.84436e+08;8.37847e+08;2.63608e+07
286;3851.49;1.85428e+08;2.68475e+08;8.71297e+08;2.74133e+07
287;2474.53;1.68574e+08;2.52764e+08;9.0287e+08;2.84066e+07
288;1641;1.53252e+08;2.37427e+08;9.32595e+08;2.93418e+07
289;1121.41;1.39322e+08;2.22558e+08;9.60516e+08;3.02203e+07
290;788.356;1.26658e+08;2.08226e+08;9.86689e+08;3.10438e+07
291;569.158;1.15145e+08;1.94481e+08;1.01118e+09;3.18142e+07
292;421.266;1.04678e+08;1.81357e+08;1.03405e+09;3.25338e+07
293;319.134;9.51631e+07;1.68874e+08;1.05538e+09;3.32048e+07
294;247.052;8.65128e+07;1.5704e+08;1.07523e+09;3.38297e+07
295;195.137;7.86489e+07;1.45855e+08;1.0937e+09;3.44107e+07
296;157.035;7.14997e+07;1.35312e+08;1.11086e+09;3.49504e+07
297;128.577;6.50004e+07;1.25398e+08;1.12677e+09;3.5451e+07
298;106.976;5.90919e+07;1.16096e+08;1.14151e+09;3.5915e+07
299;90.3307;5.37205e+07;1.07385e+08;1.15517e+09;3.63446e+07
300;77.3259;4.88373e+07;9.92422e+07;1.1678e+09;3.67419e+07
301;67.0344;4.4398e+07;9.16434e+07;1.17947e+09;3.71091e+07
302;58.7935;4.03622e+07;8.45629e+07;1.19024e+09;3.74482e+07
303;52.1224;3.66933e+07;7.79743e+07;1.20019e+09;3.7761e+07
304;46.6677;3.33579e+07;7.18515e+07;1.20936e+09;3.80495e+07
305;42.1664;3.03257e+07;6.61681e+07;1.21781e+09;3.83154e+07
306;38.4202;2.75691e+07;6.08985e+07;1.22559e+09;3.85602e+07
307;35.2781;2.5063e+07;5.60176e+07;1.23275e+09;3.87855e+07
308;32.6237;2.27848e+07;5.15009e+07;1.23934e+09;3.89928e+07
309;30.3666;2.07137e+07;4.73249e+07;1.2454e+09;3.91834e+07
310;28.4358;1.88308e+07;4.34673e+07;1.25096e+09;3.93585e+07
311;26.7749;1.71191e+07;3.99064e+07;1.25607e+09;3.95193e+07
312;25.3389;1.5563e+07;3.66219e+07;1.26077e+09;3.96669e+07
313;24.0916;1.41483e+07;3.35943e+07;1.26507e+09;3.98024e+07
314;23.0037;1.28622e+07;3.08054e+07;1.26902e+09;3.99267e+07
315;22.0511;1.1693e+07;2.82379e+07;1.27265e+09;4.00407e+07
316;21.2139;1.06301e+07;2.58755e+07;1.27597e+09;4.01452e+07
317;20.4759;9.66386e+06;2.37031e+07;1.27901e+09;4.02409e+07
318;19.8232;8.78542e+06;2.17064e+07;1.2818e+09;4.03286e+07
319;19.2446;7.98682e+06;1.9872e+07;1.28435e+09;4.0409e+07
320;18.7303;7.26082e+06;1.81875e+07;1.28669e+09;4.04825e+07
321;18.2721;6.60081e+06;1.66414e+07;1.28883e+09;4.05498e+07
322;17.8632;6.0008e+06;1.52228e+07;1.29078e+09;4.06113e+07
323;17.4974;5.45533e+06;1.39217e+07;1.29257e+09;4.06677e+07
324;17.1698;4.95944e+06;1.27289e+07;1.29421e+09;4.07192e+07
325;16.8758;4.50863e+06;1.16357e+07;1.29571e+09;4.07663e+07
326;16.6116;4.09879e+06;1.06341e+07;1.29708e+09;4.08093e+07
327;16.374;3.72621e+06;9.7168e+06;1.29833e+09;4.08487e+07
328;16.16;3.3875e+06;8.87687e+06;1.29947e+09;4.08846e+07
329;15.967;3.07958e+06;8.10803e+06;1.30051e+09;4.09175e+07
330;15.7928;2.79964e+06;7.40446e+06;1.30147e+09;4.09475e+07
331;15.6355;2.54516e+06;6.76078e+06;1.30234e+09;4.09749e+07
332;15.4933;2.3138e+06;6.17205e+06;1.30313e+09;4.09999e+07
333;15.3646;2.10348e+06;5.63371e+06;1.30386e+09;4.10227e+07
334;15.2481;1.91227e+06;5.14155e+06;1.30452e+09;4.10436e+07
335;15.1426;1.73845e+06;4.6917e+06;1.30512e+09;4.10626e+07
336;15.0471;1.58042e+06;4.28062e+06;1.30568e+09;4.108e+07
337;14.9604;1.43676e+06;3.90504e+06;1.30618e+09;4.10958e+07
338;14.8818;1.30616e+06;3.56196e+06;1.30664e+09;4.11102e+07
339;14.8105;1.18743e+06;3.24863e+06;1.30706e+09;4.11234e+07
340;14.7457;1.07949e+06;2.96251e+06;1.30744e+09;4.11354e+07
341;14.6869;981367;2.70128e+06;1.30779e+09;4.11464e+07
342;14.6336;892160;2.46282e+06;1.30811e+09;4.11564e+07
343;14.5851;811063;2.24518e+06;1.3084e+09;4.11655e+07
344;14.541;737337;2.04656e+06;1.30866e+09;4.11738e+07
345;14.5009;670313;1.86534e+06;1.3089e+09;4.11814e+07
346;14.4645;609382;1.70001e+06;1.30912e+09;4.11883e+07
347;14.4315;553989;1.54919e+06;1.30932e+09;4.11946e+07
348;14.4014;503632;1.41163e+06;1.3095e+09;4.12003e+07
349;14.374;457852;1.28618e+06;1.30967e+09;4.12055e+07
350;14.3491;416233;1.17178e+06;1.30982e+09;4.12103e+07
351;14.3265;378397;1.06748e+06;1.30996e+09;4.12146e+07
352;14.3059;344001;972393;1.31008e+09;4.12186e+07
353;14.2872;312731;885711;1.3102e+09;4.12222e+07
354;14.2702;284304;806702;1.3103e+09;4.12255e+07
355;14.2547;258461;734692;1.3104e+09;4.12284e+07
356;14.2406;234967;669068;1.31048e+09;4.12312e+07
357;14.2278;213608;609268;1.31056e+09;4.12336e+07
358;14.2161;194191;554781;1.31063e+09;4.12359e+07
359;14.2055;176539;505138;1.3107e+09;4.12379e+07
360;14.1958;160492;459912;1.31076e+09;4.12398e+07
361;14.1871;145903;418714;1.31081e+09;4.12415e+07
362;14.1791;132641;381186;1.31086e+09;4.12431e+07
363;14.1718;120584;347005;1.31091e+09;4.12445e+07
364;14.1652;109623;315875;1.31095e+09;4.12458e+07
365;14.1592;99657.9;287524;1.31098e+09;4.12469e+07
366;14.1537;90599;261706;1.31102e+09;4.1248e+07
367;14.1487;82363.5;238197;1.31105e+09;4.1249e+07
368;14.1442;74876.7;216790;1.31108e+09;4.12498e+07
369;14.14;68070.4;197300;1.3111e+09;4.12506e+07
370;14.1363;61882.8;179555;1.31112e+09;4.12514e+07
371;14.1329;56257.7;163400;1.31115e+09;4.1252e+07
372;14.1298;51143.9;148693;1.31116e+09;4.12526e+07
373;14.1269;46494.9;135306;1.31118e+09;4.12532e+07
374;14.1244;42268.5;123120;1.3112e+09;4.12537e+07
375;14.122;38426.3;112028;1.31121e+09;4.12541e+07
376;14.1199;34933.3;101932;1.31123e+09;4.12546e+07
377;14.1179;31757.9;92742.7;1.31124e+09;4.12549e+07
378;14.1162;28871.1;84379.8;1.31125e+09;4.12553e+07
379;14.1146;26246.7;76768.9;1.31126e+09;4.12556e+07
380;14.1131;23860.9;69842.7;1.31127e+09;4.12559e+07
381;14.1118;21691.9;63539.7;1.31128e+09;4.12561e+07
382;14.1106;19720.2;57804.1;1.31128e+09;4.12564e+07
383;14.1095;17927.6;52585;1.31129e+09;4.12566e+07
384;14.1085;16298;47836.1;1.3113e+09;4.12568e+07
385;14.1076;14816.5;43515.1;1.3113e+09;4.1257e+07
386;14.1068;13469.7;39583.5;1.31131e+09;4.12571e+07
387;14.106;12245.3;36006.4;1.31131e+09;4.12573e+07
388;14.1053;11132.2;32751.9;1.31132e+09;4.12574e+07
389;14.1047;10120.3;29791;1.31132e+09;4.12575e+07
390;14.1041;9200.34;27097.3;1.31132e+09;4.12576e+07
391;14.1036;8364.03;24646.7;1.31133e+09;4.12577e+07
392;14.1032;7603.74;22417.4;1.31133e+09;4.12578e+07
393;14.1027;6912.56;20389.3;1.31133e+09;4.12579e+07
394;14.1023;6284.21;18544.4;1.31133e+09;4.1258e+07
395;14.102;5712.97;16866.2;1.31134e+09;4.1258e+07
396;14.1017;5193.66;15339.7;1.31134e+09;4.12581e+07
397;14.1014;4721.56;13951.1;1.31134e+09;4.12582e+07
398;14.1011;4292.37;12688;1.31134e+09;4.12582e+07
399;14.1009;3902.19;11539.1;1.31134e+09;4.12583e+07
400;14.1007;3547.49;10494.1;1.31134e+09;4.12583e+07
401;14.1005;3225.02;9543.66;1.31135e+09;4.12583e+07
402;14.1003;2931.86;8679.17;1.31135e+09;4.12584e+07
403;14.1001;2665.36;7892.9;1.31135e+09;4.12584e+07
404;14.1;2423.08;7177.77;1.31135e+09;4.12584e+07
405;14.0998;2202.82;6527.36;1.31135e+09;4.12585e+07
406;14.0997;2002.58;5935.83;1.31135e+09;4.12585e+07
407;14.0996;1820.55;5397.85;1.31135e+09;4.12585e+07
408;14.0995;1655.06;4908.58;1.31135e+09;4.12585e+07
409;14.0994;1504.62;4463.61;1.31135e+09;4.12585e+07
410;14.0993;1367.85;4058.95;1.31135e+09;4.12586e+07
411;14.0992;1243.51;3690.93;1.31135e+09;4.12586e+07
412;14.0992;1130.47;3356.26;1.31135e+09;4.12586e+07
413;14.0991;1027.71;3051.9;1.31135e+09;4.12586e+07
414;14.099;934.295;2775.13;1.31135e+09;4.12586e+07
415;14.099;849.368;2523.43;1.31136e+09;4.12586e+07
416;14.0989;772.16;2294.55;1.31136e+09;4.12586e+07
417;14.0989;701.971;2086.41;1.31136e+09;4.12586e+07
418;14.0989;638.162;1897.14;1.31136e+09;4.12587e+07
419;14.0988;580.153;1725.02;1.31136e+09;4.12587e+07
420;14.0988;527.417;1568.51;1.31136e+09;4.12587e+07
421;14.0988;479.475;1426.19;1.31136e+09;4.12587e+07
422;14.0987;435.891;1296.78;1.31136e+09;4.12587e+07
423;14.0987;396.268;1179.1;1.31136e+09;4.12587e+07
424;14.0987;360.248;1072.1;1.31136e+09;4.12587e+07
425;14.0987;327.501;974.8;1.31136e+09;4.12587e+07
426;14.0986;297.731;886.327;1.31136e+09;4.12587e+07
427;14.0986;270.667;805.879;1.31136e+09;4.12587e+07
428;14.0986;246.064;732.73;1.31136e+09;4.12587e+07
429;14.0986;223.697;666.217;1.31136e+09;4.12587e+07
430;14.0986;203.363;605.739;1.31136e+09;4.12587e+07
431;14.0986;184.877;550.748;1.31136e+09;4.12587e+07
432;14.0986;168.072;500.748;1.31136e+09;4.12587e+07
433;14.0986;152.794;455.285;1.31136e+09;4.12587e+07
434;14.0985;138.905;413.948;1.31136e+09;4.12587e+07
435;14.0985;126.279;376.362;1.31136e+09;4.12587e+07
436;14.0985;114.8;342.188;1.31136e+09;4.12587e+07
437;14.0985;104.365;311.116;1.31136e+09;4.12587e+07
438;14.0985;94.8778;282.865;1.31136e+09;4.12587e+07
439;14.0985;86.2534;257.177;1.31136e+09;4.12587e+07
440;14.0985;78.413;233.822;1.31136e+09;4.12587e+07
441;14.0985;71.2852;212.587;1.31136e+09;4.12587e+07
442;14.0985;64.8054;193.28;1.31136e+09;4.12587e+07
443;14.0985;58.9146;175.726;1.31136e+09;4.12587e+07
444;14.0985;53.5593;159.766;1.31136e+09;4.12587e+07
445;14.0985;48.6907;145.255;1.31136e+09;4.12587e+07
446;14.0985;44.2648;132.061;1.31136e+09;4.12587e+07
447;14.0985;40.2411;120.066;1.31136e+09;4.12587e+07
448;14.0985;36.5832;109.16;1.31136e+09;4.12587e+07
449;14.0985;33.2578;99.2443;1.31136e+09;4.12587e+07
450;14.0985;30.2346;90.2291;1.31136e+09;4.12587e+07
451;14.0985;27.4863;82.0326;1.31136e+09;4.12587e+07
452;14.0985;24.9878;74.5806;1.31136e+09;4.12587e+07
453;14.0985;22.7164;67.8054;1.31136e+09;4.12587e+07
454;14.0985;20.6515;61.6455;1.31136e+09;4.12587e+07
455;14.0985;18.7743;56.0451;1.31136e+09;4.12587e+07
456;14.0985;17.0677;50.9534;1.31136e+09;4.12587e+07
457;14.0985;15.5162;46.3242;1.31136e+09;4.12587e+07
458;14.0985;14.1058;42.1155;1.31136e+09;4.12587e+07
459;14.0985;12.8236;38.2891;1.31136e+09;4.12587e+07
460;14.0985;11.6579;34.8103;1.31136e+09;4.12587e+07
461;14.0985;10.5982;31.6475;1.31136e+09;4.12587e+07
462;14.0985;9.63485;28.7721;1.31136e+09;4.12587e+07
463;14.0985;8.75904;26.1578;1.31136e+09;4.12587e+07
464;14.0985;7.96285;23.7811;1.31136e+09;4.12587e+07
465;14.0985;7.23903;21.6203;1.31136e+09;4.12587e+07
466;14.0985;6.581;19.6557;1.31136e+09;4.12587e+07
467;14.0985;5.98279;17.8697;1.31136e+09;4.12587e+07
468;14.0985;5.43895;16.246;1.31136e+09;4.12587e+07
469;14.0985;4.94455;14.7697;1.31136e+09;4.12587e+07
470;14.0985;4.49509;13.4276;1.31136e+09;4.12587e+07
471;14.0985;4.08649;12.2074;1.31136e+09;4.12587e+07
472;14.0985;3.71503;11.0981;1.31136e+09;4.12587e+07
473;14.0985;3.37733;10.0896;1.31136e+09;4.12587e+07
474;14.0985;3.07033;9.17276;1.31136e+09;4.12587e+07
475;14.0985;2.79124;8.3392;1.31136e+09;4.12587e+07
476;14.0985;2.53752;7.58138;1.31136e+09;4.12587e+07
477;14.0985;2.30686;6.89242;1.31136e+09;4.12587e+07
478;14.0985;2.09716;6.26606;1.31136e+09;4.12587e+07
479;14.0985;1.90653;5.69662;1.31136e+09;4.12587e+07
480;14.0985;1.73323;5.17892;1.31136e+09;4.12587e+07
481;14.0985;1.57568;4.70827;1.31136e+09;4.12587e+07
482;14.0985;1.43245;4.28039;1.31136e+09;4.12587e+07
483;14.0985;1.30224;3.89138;1.31136e+09;4.12587e+07
484;14.0985;1.18386;3.53773;1.31136e+09;4.12587e+07
485;14.0985;1.07625;3.21622;1.31136e+09;4.12587e+07
486;14.0985;0.97842;2.92392;1.31136e+09;4.12587e+07
487;14.0985;0.889482;2.65819;1.31136e+09;4.12587e+07
488;14.0985;0.808628;2.41661;1.31136e+09;4.12587e+07
489;14.0985;0.735124;2.19698;1.31136e+09;4.12587e+07
490;14.0985;0.668301;1.99731;1.31136e+09;4.12587e+07
491;14.0985;0.607553;1.81578;1.31136e+09;4.12587e+07
492;14.0985;0.552326;1.65075;1.31136e+09;4.12587e+07
493;14.0985;0.50212;1.50072;1.31136e+09;4.12587e+07
494;14.0985;0.456477;1.36433;1.31136e+09;4.12587e+07
495;14.0985;0.414983;1.24033;1.31136e+09;4.12587e+07
496;14.0985;0.377261;1.1276;1.31136e+09;4.12587e+07
497;14.0985;0.342968;1.02511;1.31136e+09;4.12587e+07
498;14.0985;0.311793;0.931944;1.31136e+09;4.12587e+07
499;14.0985;0.283451;0.847241;1.31136e+09;4.12587e+07
500;14.0985;0.257685;0.770236;1.31136e+09;4.12587e+07
501;14.0985;0.234261;0.70023;1.31136e+09;4.12587e+07
502;14.0985;0.212967;0.636587;1.31136e+09;4.12587e+07
503;14.0985;0.193608;0.578727;1.31136e+09;4.12587e+07
504;14.0985;0.176009;0.526127;1.31136e+09;4.12587e+07
505;14.0985;0.16001;0.478307;1.31136e+09;4.12587e+07
