195;2.67663e+08;1.7647;0.8787;0.1176;0.0037
196;2.67663e+08;3.15493;0.932525;0.220935;0.00695119
197;2.67663e+08;4.51377;1.10619;0.3306;0.0104015
198;2.67663e+08;6.05557;1.38231;0.460688;0.0144944
199;2.67663e+08;7.94449;1.76509;0.623248;0.019609
200;2.67663e+08;10.3372;2.27314;0.830823;0.0261398
201;2.67663e+08;13.4089;2.93706;1.09814;0.0345505
202;2.67663e+08;17.3731;3.79967;1.44354;0.0454176
203;2.67663e+08;22.4992;4.91798;1.89038;0.0594763
204;2.67663e+08;29.1327;6.3666;2.46874;0.0776729
205;2.67663e+08;37.7197;8.2425;3.21745;0.101229
206;2.67663e+08;48.8365;10.6714;4.18677;0.131727
207;2.67663e+08;63.2291;13.8162;5.44173;0.171211
208;2.67663e+08;81.863;17.8878;7.06651;0.222331
209;2.67663e+08;105.988;23.1594;9.17012;0.288516
210;2.67663e+08;137.223;29.9845;11.8937;0.374205
211;2.67663e+08;177.663;38.821;15.4198;0.485148
212;2.67663e+08;230.021;50.2616;19.9852;0.628786
213;2.67663e+08;297.809;65.0738;25.8959;0.814753
214;2.67663e+08;385.573;84.2511;33.5486;1.05553
215;2.67663e+08;499.202;109.08;43.4566;1.36726
216;2.67663e+08;646.318;141.226;56.2844;1.77085
217;2.67662e+08;836.789;182.846;72.8926;2.29339
218;2.67662e+08;1083.39;236.731;94.3952;2.96992
219;2.67662e+08;1402.67;306.496;122.235;3.84582
220;2.67661e+08;1816.03;396.82;158.279;4.97985
221;2.6766e+08;2351.22;513.763;204.945;6.44809
222;2.67659e+08;3044.12;665.17;265.363;8.34901
223;2.67658e+08;3941.22;861.195;343.587;10.8101
224;2.67657e+08;5102.68;1114.99;444.864;13.9966
225;2.67655e+08;6606.42;1443.57;575.986;18.122
226;2.67652e+08;8553.29;1868.99;745.751;23.4632
227;2.67649e+08;11073.9;2419.78;965.544;30.3785
228;2.67645e+08;14337.2;3132.87;1250.11;39.3317
229;2.67639e+08;18562.1;4056.11;1618.54;50.9233
230;2.67632e+08;24032;5251.4;2095.53;65.9309
231;2.67623e+08;31113.6;6798.92;2713.1;85.3611
232;2.67611e+08;40281.6;8802.43;3512.65;110.517
233;2.67595e+08;52150.6;11396.3;4547.82;143.086
234;2.67575e+08;67516;14754.4;5888.02;185.252
235;2.67549e+08;87407.3;19101.9;7623.14;239.844
236;2.67515e+08;113157;24730.2;9869.52;310.521
237;2.67472e+08;146488;32016.3;12777.8;402.022
238;2.67415e+08;189631;41448.5;16542.9;520.483
239;2.67342e+08;245470;53658.3;21417.3;673.842
240;2.67248e+08;317734;69462.8;27727.5;872.378
241;2.67125e+08;411243;89919;35896.3;1129.39
242;2.66967e+08;532223;116394;46470.8;1462.09
243;2.66762e+08;688711;150654;60158.7;1892.75
244;2.66497e+08;891073;194984;77875.6;2450.17
245;2.66154e+08;1.15267e+06;252331;100806;3171.61
246;2.65712e+08;1.49067e+06;326500;130480;4105.23
247;2.6514e+08;1.92715e+06;422398;168876;5313.28
248;2.64401e+08;2.49037e+06;546339;218550;6876.16
249;2.63449e+08;3.21639e+06;706443;282800;8897.61
250;2.62222e+08;4.15109e+06;913121;365877;11511.4
251;2.60643e+08;5.35245e+06;1.17969e+06;473260;14890
252;2.58616e+08;6.89323e+06;1.52313e+06;611992;19254.9
253;2.56019e+08;8.86384e+06;1.96497e+06;791113;24890.5
254;2.52702e+08;1.13752e+07;2.53234e+06;1.02219e+06;32160.9
255;2.48482e+08;1.45607e+07;3.25917e+06;1.32e+06;41530.5
256;2.43142e+08;1.85772e+07;4.1874e+06;1.70328e+06;53589.5
257;2.36428e+08;2.36025e+07;5.36814e+06;2.19571e+06;69082.9
258;2.28058e+08;2.98268e+07;6.86245e+06;2.82701e+06;88945
259;2.17737e+08;3.74373e+07;8.74129e+06;3.63403e+06;114336
260;2.05183e+08;4.6588e+07;1.1084e+07;4.66201e+06;146679
261;1.9018e+08;5.73554e+07;1.39744e+07;5.96549e+06;187690
262;1.72646e+08;6.9676e+07;1.74929e+07;7.60888e+06;239395
263;1.52717e+08;8.32716e+07;2.17046e+07;9.66604e+06;304119
264;1.30839e+08;9.75805e+07;2.66412e+07;1.22185e+07;384425
265;1.07825e+08;1.11725e+08;3.22797e+07;1.53515e+07;482998
266;8.4836e+07;1.24558e+08;3.85199e+07;1.91476e+07;602433
267;6.32423e+07;1.34829e+08;4.51697e+07;2.36775e+07;744956
268;4.4356e+07;1.41459e+08;5.19466e+07;2.89895e+07;912084
269;2.91129e+07;1.43844e+08;5.85041e+07;3.50984e+07;1.10429e+06
270;1.7837e+07;1.42044e+08;6.4483e+07;4.19785e+07;1.32075e+06
271;1.02163e+07;1.36753e+08;6.9573e+07;4.95617e+07;1.55934e+06
272;5.50268e+06;1.29036e+08;7.35647e+07;5.77435e+07;1.81676e+06
273;2.81559e+06;1.19994e+08;7.63706e+07;6.63947e+07;2.08895e+06
274;1.38676e+06;1.10515e+08;7.80143e+07;7.53759e+07;2.37152e+06
275;667108;1.01189e+08;7.8597e+07;8.45503e+07;2.66017e+06
276;317950;9.23399e+07;7.82612e+07;9.37933e+07;2.95098e+06
277;152067;8.41121e+07;7.71618e+07;1.02997e+08;3.24055e+06
278;73758.5;7.65446e+07;7.54479e+07;1.12071e+08;3.52605e+06
279;36579.3;6.96239e+07;7.3254e+07;1.20944e+08;3.8052e+06
280;18658.1;6.3313e+07;7.06971e+07;1.29558e+08;4.07624e+06
281;9827;5.75667e+07;6.78767e+07;1.37872e+08;4.33782e+06
282;5356.88;5.23384e+07;6.4876e+07;1.45855e+08;4.58897e+06
283;3025.63;4.75831e+07;6.17641e+07;1.53484e+08;4.82901e+06
284;1770.93;4.32591e+07;5.85975e+07;1.60748e+08;5.05753e+06
285;1073.59;3.93275e+07;5.54218e+07;1.67639e+08;5.27435e+06
286;673.417;3.57531e+07;5.2274e+07;1.74156e+08;5.47941e+06
287;436.479;3.25033e+07;4.91831e+07;1.80304e+08;5.67282e+06
288;291.88;2.95489e+07;4.61718e+07;1.86088e+08;5.8548e+06
289;201.042;2.6863e+07;4.32571e+07;1.91517e+08;6.02563e+06
290;142.386;2.44212e+07;4.04519e+07;1.96604e+08;6.18568e+06
291;103.513;2.22014e+07;3.7765e+07;2.01362e+08;6.33536e+06
292;77.1154;2.01833e+07;3.52022e+07;2.05803e+08;6.47509e+06
293;58.7742;1.83487e+07;3.27668e+07;2.09943e+08;6.60534e+06
294;45.7559;1.66808e+07;3.04601e+07;2.13796e+08;6.72657e+06
295;36.3302;1.51645e+07;2.82816e+07;2.17378e+08;6.83928e+06
296;29.3784;1.37861e+07;2.62295e+07;2.20704e+08;6.94392e+06
297;24.1627;1.25329e+07;2.4301e+07;2.23789e+08;7.04097e+06
298;20.1869;1.13937e+07;2.24925e+07;2.26646e+08;7.13088e+06
299;17.1114;1.0358e+07;2.07999e+07;2.29291e+08;7.2141e+06
300;14.6998;9.41645e+06;1.92184e+07;2.31738e+08;7.29106e+06
301;12.7851;8.5605e+06;1.77431e+07;2.33998e+08;7.36217e+06
302;11.2472;7.78235e+06;1.63691e+07;2.36084e+08;7.42782e+06
303;9.99875;7.07494e+06;1.50909e+07;2.38009e+08;7.48838e+06
304;8.9753;6.43183e+06;1.39035e+07;2.39784e+08;7.54422e+06
305;8.12872;5.84717e+06;1.28016e+07;2.41419e+08;7.59566e+06
306;7.42261;5.31567e+06;1.17803e+07;2.42924e+08;7.64303e+06
307;6.82917;4.83247e+06;1.08346e+07;2.4431e+08;7.68662e+06
308;6.32692;4.3932e+06;9.9596e+06;2.45584e+08;7.72671e+06
309;5.89913;3.99386e+06;9.15084e+06;2.46755e+08;7.76356e+06
310;5.53259;3.63082e+06;8.40389e+06;2.47831e+08;7.79741e+06
311;5.21685;3.30078e+06;7.71454e+06;2.4882e+08;7.82851e+06
312;4.94352;3.00074e+06;7.0788e+06;2.49727e+08;7.85705e+06
313;4.70583;2.72797e+06;6.49291e+06;2.50559e+08;7.88324e+06
314;4.49827;2.48e+06;5.95329e+06;2.51323e+08;7.90727e+06
315;4.31634;2.25457e+06;5.45659e+06;2.52023e+08;7.92929e+06
316;4.15632;2.04963e+06;4.99965e+06;2.52665e+08;7.94948e+06
317;4.01512;1.86332e+06;4.5795e+06;2.53253e+08;7.96798e+06
318;3.89017;1.69394e+06;4.19338e+06;2.53791e+08;7.98493e+06
319;3.77931;1.53996e+06;3.8387e+06;2.54284e+08;8.00044e+06
320;3.68072;1.39998e+06;3.51305e+06;2.54736e+08;8.01465e+06
321;3.59284;1.27272e+06;3.21418e+06;2.55149e+08;8.02764e+06
322;3.51435;1.15703e+06;2.93999e+06;2.55527e+08;8.03954e+06
323;3.44412;1.05186e+06;2.68854e+06;2.55873e+08;8.05041e+06
324;3.38118;956243;2.45803e+06;2.56189e+08;8.06036e+06
325;3.32468;869320;2.2468e+06;2.56478e+08;8.06946e+06
326;3.2739;790299;2.05328e+06;2.56742e+08;8.07777e+06
327;3.2282;718461;1.87606e+06;2.56984e+08;8.08537e+06
328;3.18703;653153;1.7138e+06;2.57204e+08;8.09231e+06
329;3.1499;593781;1.56529e+06;2.57406e+08;8.09865e+06
330;3.11637;539807;1.42939e+06;2.5759e+08;8.10444e+06
331;3.08609;490738;1.30508e+06;2.57758e+08;8.10973e+06
332;3.05871;446130;1.19138e+06;2.57911e+08;8.11456e+06
333;3.03393;405577;1.08742e+06;2.58051e+08;8.11897e+06
334;3.0115;368710;992381;2.58179e+08;8.12299e+06
335;2.99118;335194;905521;2.58296e+08;8.12666e+06
336;2.97276;304725;826150;2.58403e+08;8.13001e+06
337;2.95606;277026;753638;2.585e+08;8.13307e+06
338;2.94091;251844;687403;2.58588e+08;8.13586e+06
339;2.92717;228951;626914;2.58669e+08;8.1384e+06
340;2.91469;208140;571681;2.58743e+08;8.14072e+06
341;2.90336;189220;521256;2.5881e+08;8.14284e+06
342;2.89307;172020;475228;2.58871e+08;8.14476e+06
343;2.88372;156383;433219;2.58927e+08;8.14652e+06
344;2.87522;142168;394885;2.58978e+08;8.14813e+06
345;2.8675;129245;359908;2.59025e+08;8.14959e+06
346;2.86049;117497;328000;2.59067e+08;8.15092e+06
347;2.85411;106816;298894;2.59106e+08;8.15213e+06
348;2.8483;97106.6;272348;2.59141e+08;8.15324e+06
349;2.84303;88279.6;248139;2.59173e+08;8.15425e+06
350;2.83823;80255;226064;2.59202e+08;8.15516e+06
351;2.83387;72959.8;205938;2.59229e+08;8.156e+06
352;2.8299;66327.8;187590;2.59253e+08;8.15676e+06
353;2.82629;60298.6;170864;2.59275e+08;8.15746e+06
354;2.82301;54817.4;155619;2.59295e+08;8.15809e+06
355;2.82002;49834.5;141726;2.59313e+08;8.15866e+06
356;2.8173;45304.6;129064;2.5933e+08;8.15919e+06
357;2.81483;41186.4;117527;2.59345e+08;8.15967e+06
358;2.81258;37442.6;107015;2.59359e+08;8.1601e+06
359;2.81053;34039;97437.5;2.59371e+08;8.1605e+06
360;2.80867;30944.9;88712.5;2.59383e+08;8.16086e+06
361;2.80698;28132;80764.5;2.59393e+08;8.16119e+06
362;2.80543;25574.8;73525;2.59403e+08;8.16148e+06
363;2.80403;23250;66931.2;2.59411e+08;8.16176e+06
364;2.80276;21136.6;60925.8;2.59419e+08;8.162e+06
365;2.80159;19215.3;55456.9;2.59427e+08;8.16223e+06
366;2.80054;17468.6;50476.6;2.59433e+08;8.16243e+06
367;2.79958;15880.7;45941.7;2.59439e+08;8.16262e+06
368;2.7987;14437.2;41812.5;2.59444e+08;8.16279e+06
369;2.79791;13124.8;38053;2.59449e+08;8.16295e+06
370;2.79718;11931.8;34630.2;2.59454e+08;8.16309e+06
371;2.79652;10847.2;31514.2;2.59458e+08;8.16321e+06
372;2.79592;9861.18;28677.5;2.59462e+08;8.16333e+06
373;2.79538;8964.8;26095.3;2.59465e+08;8.16344e+06
374;2.79488;8149.9;23744.9;2.59468e+08;8.16353e+06
375;2.79443;7409.08;21605.4;2.59471e+08;8.16362e+06
376;2.79402;6735.59;19658.2;2.59473e+08;8.1637e+06
377;2.79365;6123.33;17885.9;2.59476e+08;8.16377e+06
378;2.79331;5566.72;16273;2.59478e+08;8.16384e+06
379;2.793;5060.7;14805.1;2.5948e+08;8.1639e+06
380;2.79272;4600.68;13469.2;2.59481e+08;8.16396e+06
381;2.79246;4182.48;12253.6;2.59483e+08;8.16401e+06
382;2.79223;3802.3;11147.4;2.59484e+08;8.16405e+06
383;2.79202;3456.67;10140.9;2.59486e+08;8.16409e+06
384;2.79182;3142.46;9225;2.59487e+08;8.16413e+06
385;2.79165;2856.81;8391.66;2.59488e+08;8.16416e+06
386;2.79149;2597.12;7633.43;2.59489e+08;8.16419e+06
387;2.79134;2361.05;6943.58;2.5949e+08;8.16422e+06
388;2.79121;2146.43;6315.94;2.59491e+08;8.16425e+06
389;2.79109;1951.32;5744.93;2.59491e+08;8.16427e+06
390;2.79098;1773.94;5225.44;2.59492e+08;8.16429e+06
391;2.79088;1612.69;4752.85;2.59493e+08;8.16431e+06
392;2.79079;1466.1;4322.92;2.59493e+08;8.16433e+06
393;2.79071;1332.83;3931.82;2.59494e+08;8.16435e+06
394;2.79064;1211.67;3576.04;2.59494e+08;8.16436e+06
395;2.79057;1101.53;3252.41;2.59495e+08;8.16437e+06
396;2.79051;1001.4;2958.02;2.59495e+08;8.16439e+06
397;2.79045;910.377;2690.24;2.59495e+08;8.1644e+06
398;2.7904;827.624;2446.67;2.59496e+08;8.16441e+06
399;2.79035;752.393;2225.12;2.59496e+08;8.16442e+06
400;2.79031;684;2023.6;2.59496e+08;8.16442e+06
401;2.79027;621.825;1840.32;2.59497e+08;8.16443e+06
402;2.79024;565.301;1673.61;2.59497e+08;8.16444e+06
403;2.79021;513.915;1521.99;2.59497e+08;8.16444e+06
404;2.79018;467.2;1384.08;2.59497e+08;8.16445e+06
405;2.79015;424.732;1258.66;2.59497e+08;8.16446e+06
406;2.79013;386.124;1144.6;2.59497e+08;8.16446e+06
407;2.79011;351.025;1040.86;2.59498e+08;8.16446e+06
408;2.79009;319.117;946.508;2.59498e+08;8.16447e+06
409;2.79007;290.109;860.704;2.59498e+08;8.16447e+06
410;2.79005;263.738;782.671;2.59498e+08;8.16448e+06
411;2.79004;239.764;711.707;2.59498e+08;8.16448e+06
412;2.79002;217.97;647.172;2.59498e+08;8.16448e+06
413;2.79001;198.156;588.483;2.59498e+08;8.16448e+06
414;2.79;180.144;535.113;2.59498e+08;8.16449e+06
415;2.78999;163.769;486.579;2.59498e+08;8.16449e+06
416;2.78998;148.882;442.443;2.59498e+08;8.16449e+06
417;2.78997;135.349;402.308;2.59498e+08;8.16449e+06
418;2.78997;123.046;365.811;2.59498e+08;8.16449e+06
419;2.78996;111.861;332.623;2.59498e+08;8.16449e+06
420;2.78995;101.693;302.444;2.59499e+08;8.16449e+06
421;2.78995;92.4489;275.002;2.59499e+08;8.1645e+06
422;2.78994;84.0453;250.048;2.59499e+08;8.1645e+06
423;2.78994;76.4056;227.357;2.59499e+08;8.1645e+06
424;2.78993;69.4603;206.723;2.59499e+08;8.1645e+06
425;2.78993;63.1464;187.962;2.59499e+08;8.1645e+06
426;2.78992;57.4064;170.902;2.59499e+08;8.1645e+06
427;2.78992;52.1881;155.39;2.59499e+08;8.1645e+06
428;2.78992;47.4442;141.285;2.59499e+08;8.1645e+06
429;2.78992;43.1315;128.46;2.59499e+08;8.1645e+06
430;2.78991;39.2109;116.798;2.59499e+08;8.1645e+06
431;2.78991;35.6466;106.195;2.59499e+08;8.1645e+06
432;2.78991;32.4063;96.5538;2.59499e+08;8.1645e+06
433;2.78991;29.4606;87.7875;2.59499e+08;8.1645e+06
434;2.78991;26.7826;79.8169;2.59499e+08;8.1645e+06
435;2.7899;24.3481;72.5696;2.59499e+08;8.1645e+06
436;2.7899;22.1349;65.9802;2.59499e+08;8.1645e+06
437;2.7899;20.1228;59.9888;2.59499e+08;8.1645e+06
438;2.7899;18.2936;54.5414;2.59499e+08;8.1645e+06
439;2.7899;16.6308;49.5884;2.59499e+08;8.16451e+06
440;2.7899;15.119;45.085;2.59499e+08;8.16451e+06
441;2.7899;13.7447;40.9905;2.59499e+08;8.16451e+06
442;2.7899;12.4953;37.2678;2.59499e+08;8.16451e+06
443;2.7899;11.3595;33.883;2.59499e+08;8.16451e+06
444;2.7899;10.3269;30.8056;2.59499e+08;8.16451e+06
445;2.78989;9.38819;28.0076;2.59499e+08;8.16451e+06
446;2.78989;8.53481;25.4637;2.59499e+08;8.16451e+06
447;2.78989;7.75899;23.1507;2.59499e+08;8.16451e+06
448;2.78989;7.0537;21.0478;2.59499e+08;8.16451e+06
449;2.78989;6.41252;19.1359;2.59499e+08;8.16451e+06
450;2.78989;5.82962;17.3976;2.59499e+08;8.16451e+06
451;2.78989;5.29971;15.8172;2.59499e+08;8.16451e+06
452;2.78989;4.81797;14.3803;2.59499e+08;8.16451e+06
453;2.78989;4.38001;13.0739;2.59499e+08;8.16451e+06
454;2.78989;3.98187;11.8862;2.59499e+08;8.16451e+06
455;2.78989;3.61992;10.8064;2.59499e+08;8.16451e+06
456;2.78989;3.29087;9.82461;2.59499e+08;8.16451e+06
457;2.78989;2.99173;8.93202;2.59499e+08;8.16451e+06
458;2.78989;2.71978;8.12052;2.59499e+08;8.16451e+06
459;2.78989;2.47255;7.38273;2.59499e+08;8.16451e+06
460;2.78989;2.2478;6.71196;2.59499e+08;8.16451e+06
461;2.78989;2.04347;6.10212;2.59499e+08;8.16451e+06
462;2.78989;1.85772;5.54769;2.59499e+08;8.16451e+06
463;2.78989;1.68885;5.04362;2.59499e+08;8.16451e+06
464;2.78989;1.53534;4.58534;2.59499e+08;8.16451e+06
465;2.78989;1.39578;4.1687;2.59499e+08;8.16451e+06
466;2.78989;1.2689;3.78992;2.59499e+08;8.16451e+06
467;2.78989;1.15356;3.44554;2.59499e+08;8.16451e+06
468;2.78989;1.0487;3.13246;2.59499e+08;8.16451e+06
469;2.78989;0.953372;2.84782;2.59499e+08;8.16451e+06
470;2.78989;0.866711;2.58904;2.59499e+08;8.16451e+06
471;2.78989;0.787927;2.35377;2.59499e+08;8.16451e+06
472;2.78989;0.716304;2.13988;2.59499e+08;8.16451e+06
473;2.78989;0.651192;1.94543;2.59499e+08;8.16451e+06
474;2.78989;0.591999;1.76864;2.59499e+08;8.16451e+06
475;2.78989;0.538186;1.60792;2.59499e+08;8.16451e+06
476;2.78989;0.489265;1.4618;2.59499e+08;8.16451e+06
477;2.78989;0.444791;1.32896;2.59499e+08;8.16451e+06
478;2.78989;0.404359;1.20818;2.59499e+08;8.16451e+06
479;2.78989;0.367603;1.09839;2.59499e+08;8.16451e+06
480;2.78989;0.334188;0.998569;2.59499e+08;8.16451e+06
481;2.78989;0.30381;0.90782;2.59499e+08;8.16451e+06
482;2.78989;0.276194;0.825318;2.59499e+08;8.16451e+06
483;2.78989;0.251088;0.750313;2.59499e+08;8.16451e+06
484;2.78989;0.228264;0.682124;2.59499e+08;8.16451e+06
485;2.78989;0.207515;0.620131;2.59499e+08;8.16451e+06
486;2.78989;0.188652;0.563772;2.59499e+08;8.16451e+06
487;2.78989;0.171503;0.512535;2.59499e+08;8.16451e+06
488;2.78989;0.155914;0.465954;2.59499e+08;8.16451e+06
