183;8.18003e+07;1.7647;0.8787;0.1176;0.0037
184;8.18003e+07;3.15493;0.932525;0.220935;0.00695119
185;8.18003e+07;4.51377;1.10619;0.3306;0.0104015
186;8.18003e+07;6.05557;1.38231;0.460688;0.0144944
187;8.18003e+07;7.94449;1.76509;0.623248;0.019609
188;8.18003e+07;10.3372;2.27314;0.830823;0.0261398
189;8.18003e+07;13.4089;2.93706;1.09814;0.0345505
190;8.18002e+07;17.3731;3.79967;1.44354;0.0454176
191;8.18002e+07;22.4992;4.91798;1.89038;0.0594763
192;8.18002e+07;29.1327;6.3666;2.46874;0.0776729
193;8.18002e+07;37.7197;8.2425;3.21745;0.101229
194;8.18002e+07;48.8365;10.6714;4.18677;0.131727
195;8.18002e+07;63.2291;13.8162;5.44173;0.171211
196;8.18002e+07;81.863;17.8878;7.06651;0.222331
197;8.18001e+07;105.988;23.1594;9.17012;0.288516
198;8.18001e+07;137.223;29.9845;11.8937;0.374205
199;8.18e+07;177.663;38.8209;15.4198;0.485148
200;8.18e+07;230.021;50.2615;19.9852;0.628785
201;8.17999e+07;297.808;65.0737;25.8959;0.814753
202;8.17998e+07;385.572;84.251;33.5486;1.05553
203;8.17996e+07;499.201;109.08;43.4565;1.36725
204;8.17994e+07;646.315;141.226;56.2843;1.77085
205;8.17992e+07;836.784;182.845;72.8925;2.29339
206;8.17989e+07;1083.38;236.73;94.3951;2.96991
207;8.17984e+07;1402.65;306.494;122.234;3.84581
208;8.17979e+07;1816.01;396.817;158.278;4.97984
209;8.17972e+07;2351.18;513.759;204.944;6.44806
210;8.17963e+07;3044.05;665.162;265.362;8.34897
211;8.17951e+07;3941.1;861.182;343.585;10.8101
212;8.17936e+07;5102.49;1114.97;444.86;13.9964
213;8.17916e+07;6606.09;1443.54;575.98;18.1218
214;8.17891e+07;8552.74;1868.93;745.74;23.4629
215;8.17858e+07;11072.9;2419.67;965.526;30.3779
216;8.17815e+07;14335.7;3132.7;1250.08;39.3307
217;8.1776e+07;18559.5;4055.81;1618.48;50.9217
218;8.17688e+07;24027.7;5250.9;2095.45;65.9282
219;8.17596e+07;31106.3;6798.08;2712.95;85.3565
220;8.17476e+07;40269.3;8801.03;3512.41;110.509
221;8.17321e+07;52130;11393.9;4547.41;143.073
222;8.1712e+07;67481.6;14750.5;5887.34;185.231
223;8.1686e+07;87349.6;19095.3;7622;239.808
224;8.16523e+07;113060;24719.1;9867.61;310.46
225;8.16088e+07;146326;31997.9;12774.6;401.921
226;8.15524e+07;189360;41417.6;16537.5;520.313
227;8.14796e+07;245016;53606.4;21408.2;673.558
228;8.13853e+07;316973;69375.9;27712.3;871.902
229;8.12635e+07;409968;89773.4;35871;1128.59
230;8.11061e+07;530087;116150;46428.3;1460.75
231;8.09029e+07;685137;150246;60087.5;1890.51
232;8.06407e+07;885094;194300;77756.5;2446.42
233;8.03026e+07;1.14267e+06;251186;100606;3165.33
234;7.98675e+07;1.47397e+06;324586;130146;4094.72
235;7.93082e+07;1.89928e+06;419198;168317;5295.69
236;7.85909e+07;2.4439e+06;540994;217615;6846.72
237;7.76736e+07;3.13906e+06;697522;281236;8848.4
238;7.65047e+07;4.02267e+06;898253;363264;11429.2
239;7.50219e+07;5.13974e+06;1.15496e+06;468899;14752.8
240;7.31523e+07;6.54213e+06;1.48206e+06;604721;19026.1
241;7.08129e+07;8.28689e+06;1.89697e+06;779012;24509.7
242;6.79141e+07;1.04324e+07;2.42014e+06;1.0021e+06;31528.5
243;6.43669e+07;1.30313e+07;3.07489e+06;1.2867e+06;40483
244;6.0095e+07;1.61187e+07;3.88645e+06;1.64831e+06;51860.1
245;5.50532e+07;1.96952e+07;4.88021e+06;2.10536e+06;66240
246;4.92524e+07;2.37058e+07;6.07854e+06;2.67927e+06;84296.8
247;4.27871e+07;2.80162e+07;7.49607e+06;3.39411e+06;106787
248;3.58587e+07;3.23979e+07;9.13347e+06;4.27564e+06;134523
249;2.87815e+07;3.65301e+07;1.09705e+07;5.34974e+06;168317
250;2.19557e+07;4.00353e+07;1.29604e+07;6.63988e+06;208908
251;1.58012e+07;4.25506e+07;1.50275e+07;8.16402e+06;256861
252;1.06625e+07;4.38216e+07;1.70725e+07;9.93126e+06;312463
253;6.7203e+06;4.37803e+07;1.8985e+07;1.1939e+07;375631
254;3.95518e+06;4.25658e+07;2.06618e+07;1.41716e+07;445876
255;2.18253e+06;4.04692e+07;2.20247e+07;1.66014e+07;522324
256;1.13884e+06;3.78343e+07;2.30318e+07;1.91916e+07;603816
257;568778;3.49652e+07;2.36772e+07;2.19001e+07;689034
258;275782;3.20799e+07;2.39835e+07;2.46845e+07;776639
259;131724;2.93079e+07;2.39903e+07;2.7505e+07;865378
260;62821.3;2.67127e+07;2.37444e+07;3.03262e+07;954142
261;30261.7;2.43171e+07;2.32924e+07;3.31186e+07;1.042e+06
262;14859.2;2.2122e+07;2.26774e+07;3.58578e+07;1.12818e+06
263;7488.04;2.01185e+07;2.19375e+07;3.85246e+07;1.21208e+06
264;3890.91;1.82933e+07;2.11053e+07;4.11045e+07;1.29325e+06
265;2090.88;1.66323e+07;2.02081e+07;4.35865e+07;1.37134e+06
266;1163.81;1.51213e+07;1.92687e+07;4.59629e+07;1.44611e+06
267;671.32;1.37473e+07;1.8306e+07;4.82289e+07;1.51741e+06
268;401.192;1.24979e+07;1.73351e+07;5.03817e+07;1.58514e+06
269;248.192;1.1362e+07;1.63684e+07;5.24203e+07;1.64928e+06
270;158.747;1.03293e+07;1.54157e+07;5.43453e+07;1.70984e+06
271;104.826;9.39043e+06;1.44847e+07;5.61581e+07;1.76688e+06
272;71.3464;8.53687e+06;1.35813e+07;5.78615e+07;1.82047e+06
273;49.9666;7.76089e+06;1.27099e+07;5.94587e+07;1.87072e+06
274;35.9454;7.05544e+06;1.18737e+07;6.09534e+07;1.91775e+06
275;26.5168;6.41411e+06;1.10747e+07;6.23497e+07;1.96168e+06
276;20.0258;5.83107e+06;1.03144e+07;6.36521e+07;2.00266e+06
277;15.4579;5.30103e+06;9.59331e+06;6.48651e+07;2.04082e+06
278;12.1769;4.81917e+06;8.9115e+06;6.59933e+07;2.07632e+06
279;9.77492;4.38111e+06;8.2686e+06;6.70413e+07;2.10929e+06
280;7.98511;3.98287e+06;7.66386e+06;6.80136e+07;2.13989e+06
281;6.62943;3.62083e+06;7.09628e+06;6.89149e+07;2.16824e+06
282;5.5869;3.2917e+06;6.56463e+06;6.97494e+07;2.1945e+06
283;4.77387;2.99248e+06;6.06756e+06;7.05214e+07;2.21879e+06
284;4.13156;2.72047e+06;5.60358e+06;7.1235e+07;2.24124e+06
285;3.61804;2.47318e+06;5.17116e+06;7.1894e+07;2.26197e+06
286;3.20293;2.24836e+06;4.76871e+06;7.25021e+07;2.2811e+06
287;2.86398;2.04399e+06;4.39464e+06;7.30629e+07;2.29875e+06
288;2.5846;1.85819e+06;4.04737e+06;7.35797e+07;2.31501e+06
289;2.35235;1.68928e+06;3.72533e+06;7.40557e+07;2.32998e+06
290;2.15776;1.53573e+06;3.427e+06;7.44938e+07;2.34377e+06
291;1.99353;1.39613e+06;3.15091e+06;7.48968e+07;2.35645e+06
292;1.854;1.26922e+06;2.89561e+06;7.52673e+07;2.3681e+06
293;1.73473;1.15385e+06;2.65974e+06;7.56079e+07;2.37882e+06
294;1.63221;1.04896e+06;2.442e+06;7.59206e+07;2.38866e+06
295;1.54363;953613;2.24114e+06;7.62078e+07;2.3977e+06
296;1.46675;866930;2.05597e+06;7.64714e+07;2.40599e+06
297;1.39972;788126;1.88539e+06;7.67132e+07;2.41359e+06
298;1.34106;716485;1.72833e+06;7.69349e+07;2.42057e+06
299;1.28953;651357;1.58381e+06;7.71381e+07;2.42697e+06
300;1.24412;592149;1.4509e+06;7.73244e+07;2.43283e+06
301;1.20399;538322;1.32874e+06;7.7495e+07;2.43819e+06
302;1.16841;489389;1.21649e+06;7.76513e+07;2.44311e+06
303;1.13681;444903;1.11342e+06;7.77943e+07;2.44761e+06
304;1.10866;404462;1.0188e+06;7.79253e+07;2.45173e+06
305;1.08354;367696;931987;7.80451e+07;2.4555e+06
306;1.06108;334273;852361;7.81547e+07;2.45895e+06
307;1.04096;303887;779355;7.82549e+07;2.4621e+06
308;1.02292;276264;712442;7.83466e+07;2.46499e+06
309;1.00671;251152;651135;7.84304e+07;2.46762e+06
310;0.992126;228322;594982;7.85069e+07;2.47003e+06
311;0.978994;207567;543565;7.85769e+07;2.47223e+06
312;0.967156;188700;496499;7.86408e+07;2.47424e+06
313;0.956474;171547;453426;7.86992e+07;2.47608e+06
314;0.946826;155953;414019;7.87525e+07;2.47776e+06
315;0.938105;141777;377975;7.88012e+07;2.47929e+06
316;0.930216;128890;345014;7.88457e+07;2.48069e+06
317;0.923076;117173;314880;7.88863e+07;2.48197e+06
318;0.91661;106522;287336;7.89233e+07;2.48313e+06
319;0.91075;96839.5;262165;7.89571e+07;2.48419e+06
320;0.905437;88036.8;239167;7.89879e+07;2.48516e+06
321;0.900619;80034.3;218159;7.9016e+07;2.48605e+06
322;0.896248;72759.2;198971;7.90417e+07;2.48686e+06
323;0.89228;66145.4;181450;7.90651e+07;2.48759e+06
324;0.888678;60132.8;165453;7.90864e+07;2.48826e+06
325;0.885406;54666.7;150849;7.91059e+07;2.48888e+06
326;0.882434;49697.5;137520;7.91236e+07;2.48943e+06
327;0.879734;45180;125357;7.91398e+07;2.48994e+06
328;0.87728;41073.1;114258;7.91545e+07;2.49041e+06
329;0.87505;37339.6;104132;7.9168e+07;2.49083e+06
330;0.873023;33945.4;94894.8;7.91802e+07;2.49121e+06
331;0.871179;30859.8;86469.7;7.91914e+07;2.49157e+06
332;0.869503;28054.6;78786.1;7.92015e+07;2.49189e+06
333;0.867979;25504.5;71779.5;7.92108e+07;2.49218e+06
334;0.866592;23186.1;65391;7.92192e+07;2.49244e+06
335;0.865332;21078.5;59566.7;7.92269e+07;2.49268e+06
336;0.864185;19162.5;54257.3;7.92339e+07;2.4929e+06
337;0.863141;17420.6;49417.8;7.92403e+07;2.49311e+06
338;0.862192;15837.1;45006.9;7.92461e+07;2.49329e+06
339;0.861329;14397.5;40987.2;7.92514e+07;2.49345e+06
340;0.860543;13088.7;37324.2;7.92562e+07;2.49361e+06
341;0.859828;11899;33986.5;7.92606e+07;2.49374e+06
342;0.859178;10817.4;30945.6;7.92646e+07;2.49387e+06
343;0.858587;9834.07;28175.2;7.92683e+07;2.49398e+06
344;0.858048;8940.15;25651.4;7.92716e+07;2.49409e+06
345;0.857559;8127.49;23352.6;7.92746e+07;2.49418e+06
346;0.857113;7388.7;21258.7;7.92774e+07;2.49427e+06
347;0.856707;6717.07;19351.6;7.92799e+07;2.49435e+06
348;0.856339;6106.49;17614.9;7.92821e+07;2.49442e+06
349;0.856003;5551.41;16033.3;7.92842e+07;2.49449e+06
350;0.855697;5046.79;14593.1;7.92861e+07;2.49455e+06
351;0.85542;4588.03;13281.7;7.92878e+07;2.4946e+06
352;0.855167;4170.98;12087.7;7.92894e+07;2.49465e+06
353;0.854937;3791.84;11000.6;7.92908e+07;2.49469e+06
354;0.854728;3447.16;10010.9;7.92921e+07;2.49473e+06
355;0.854537;3133.81;9109.9;7.92933e+07;2.49477e+06
356;0.854364;2848.95;8289.74;7.92943e+07;2.4948e+06
357;0.854206;2589.98;7543.16;7.92953e+07;2.49484e+06
358;0.854063;2354.55;6863.6;7.92962e+07;2.49486e+06
359;0.853932;2140.52;6245.08;7.9297e+07;2.49489e+06
360;0.853814;1945.95;5682.12;7.92977e+07;2.49491e+06
361;0.853706;1769.06;5169.77;7.92984e+07;2.49493e+06
362;0.853608;1608.26;4703.48;7.9299e+07;2.49495e+06
363;0.853518;1462.07;4279.14;7.92996e+07;2.49497e+06
364;0.853437;1329.16;3892.98;7.93001e+07;2.49498e+06
365;0.853363;1208.34;3541.59;7.93005e+07;2.495e+06
366;0.853296;1098.5;3221.83;7.93009e+07;2.49501e+06
367;0.853235;998.651;2930.88;7.93013e+07;2.49502e+06
368;0.853179;907.873;2666.14;7.93017e+07;2.49504e+06
369;0.853128;825.348;2425.26;7.9302e+07;2.49505e+06
370;0.853082;750.324;2206.1;7.93023e+07;2.49505e+06
371;0.853041;682.119;2006.71;7.93025e+07;2.49506e+06
372;0.853002;620.115;1825.3;7.93028e+07;2.49507e+06
373;0.852968;563.746;1660.26;7.9303e+07;2.49508e+06
374;0.852936;512.502;1510.11;7.93032e+07;2.49508e+06
375;0.852908;465.915;1373.52;7.93033e+07;2.49509e+06
376;0.852882;423.564;1249.27;7.93035e+07;2.49509e+06
377;0.852858;385.062;1136.23;7.93037e+07;2.4951e+06
378;0.852836;350.06;1033.41;7.93038e+07;2.4951e+06
379;0.852817;318.239;939.877;7.93039e+07;2.49511e+06
380;0.852799;289.311;854.798;7.9304e+07;2.49511e+06
381;0.852783;263.013;777.409;7.93041e+07;2.49511e+06
382;0.852768;239.105;707.017;7.93042e+07;2.49512e+06
383;0.852754;217.37;642.991;7.93043e+07;2.49512e+06
384;0.852742;197.611;584.755;7.93044e+07;2.49512e+06
385;0.852731;179.649;531.787;7.93044e+07;2.49512e+06
386;0.852721;163.319;483.611;7.93045e+07;2.49512e+06
387;0.852712;148.473;439.795;7.93046e+07;2.49513e+06
388;0.852704;134.977;399.944;7.93046e+07;2.49513e+06
389;0.852696;122.707;363.7;7.93047e+07;2.49513e+06
390;0.852689;111.553;330.737;7.93047e+07;2.49513e+06
391;0.852683;101.413;300.759;7.93047e+07;2.49513e+06
392;0.852677;92.1946;273.496;7.93048e+07;2.49513e+06
393;0.852672;83.8141;248.701;7.93048e+07;2.49513e+06
394;0.852667;76.1954;226.152;7.93048e+07;2.49514e+06
395;0.852663;69.2693;205.646;7.93049e+07;2.49514e+06
396;0.852659;62.9727;186.998;7.93049e+07;2.49514e+06
397;0.852655;57.2485;170.039;7.93049e+07;2.49514e+06
398;0.852652;52.0446;154.617;7.93049e+07;2.49514e+06
399;0.852649;47.3138;140.593;7.93049e+07;2.49514e+06
400;0.852647;43.0129;127.84;7.9305e+07;2.49514e+06
401;0.852644;39.1031;116.243;7.9305e+07;2.49514e+06
402;0.852642;35.5486;105.697;7.9305e+07;2.49514e+06
403;0.85264;32.3172;96.1074;7.9305e+07;2.49514e+06
404;0.852638;29.3796;87.3872;7.9305e+07;2.49514e+06
405;0.852636;26.709;79.4578;7.9305e+07;2.49514e+06
406;0.852635;24.2811;72.2474;7.9305e+07;2.49514e+06
407;0.852634;22.074;65.6909;7.9305e+07;2.49514e+06
408;0.852632;20.0675;59.7291;7.9305e+07;2.49514e+06
409;0.852631;18.2433;54.3081;7.93051e+07;2.49514e+06
410;0.85263;16.585;49.3789;7.93051e+07;2.49514e+06
411;0.852629;15.0774;44.8968;7.93051e+07;2.49514e+06
412;0.852628;13.7069;40.8214;7.93051e+07;2.49514e+06
413;0.852628;12.4609;37.1157;7.93051e+07;2.49514e+06
414;0.852627;11.3282;33.7462;7.93051e+07;2.49514e+06
415;0.852626;10.2985;30.6826;7.93051e+07;2.49514e+06
416;0.852626;9.36238;27.8969;7.93051e+07;2.49514e+06
417;0.852625;8.51134;25.3641;7.93051e+07;2.49514e+06
418;0.852625;7.73766;23.0611;7.93051e+07;2.49514e+06
419;0.852624;7.0343;20.9671;7.93051e+07;2.49514e+06
420;0.852624;6.39489;19.0632;7.93051e+07;2.49514e+06
421;0.852623;5.81359;17.3321;7.93051e+07;2.49514e+06
422;0.852623;5.28514;15.7582;7.93051e+07;2.49514e+06
423;0.852623;4.80472;14.3272;7.93051e+07;2.49514e+06
424;0.852623;4.36797;13.026;7.93051e+07;2.49514e+06
425;0.852622;3.97092;11.843;7.93051e+07;2.49514e+06
426;0.852622;3.60996;10.7674;7.93051e+07;2.49514e+06
427;0.852622;3.28182;9.78947;7.93051e+07;2.49514e+06
428;0.852622;2.9835;8.90033;7.93051e+07;2.49514e+06
429;0.852622;2.7123;8.09192;7.93051e+07;2.49514e+06
430;0.852621;2.46575;7.35692;7.93051e+07;2.49514e+06
431;0.852621;2.24162;6.68866;7.93051e+07;2.49514e+06
432;0.852621;2.03785;6.08109;7.93051e+07;2.49514e+06
433;0.852621;1.85261;5.52869;7.93051e+07;2.49514e+06
434;0.852621;1.68421;5.02647;7.93051e+07;2.49514e+06
435;0.852621;1.53112;4.56985;7.93051e+07;2.49514e+06
436;0.852621;1.39194;4.15471;7.93051e+07;2.49514e+06
437;0.852621;1.26541;3.77727;7.93051e+07;2.49514e+06
438;0.852621;1.15038;3.43411;7.93051e+07;2.49514e+06
439;0.85262;1.04581;3.12212;7.93051e+07;2.49514e+06
440;0.85262;0.95075;2.83847;7.93051e+07;2.49514e+06
441;0.85262;0.864327;2.58059;7.93051e+07;2.49514e+06
442;0.85262;0.78576;2.34613;7.93051e+07;2.49514e+06
443;0.85262;0.714334;2.13297;7.93051e+07;2.49514e+06
444;0.85262;0.649401;1.93918;7.93051e+07;2.49514e+06
445;0.85262;0.590371;1.76298;7.93051e+07;2.49514e+06
446;0.85262;0.536706;1.6028;7.93051e+07;2.49514e+06
447;0.85262;0.48792;1.45717;7.93051e+07;2.49514e+06
448;0.85262;0.443568;1.32476;7.93051e+07;2.49514e+06
449;0.85262;0.403248;1.20439;7.93051e+07;2.49514e+06
450;0.85262;0.366592;1.09495;7.93051e+07;2.49514e+06
451;0.85262;0.333269;0.995458;7.93051e+07;2.49514e+06
452;0.85262;0.302975;0.905003;7.93051e+07;2.49514e+06
453;0.85262;0.275435;0.822767;7.93051e+07;2.49514e+06
454;0.85262;0.250398;0.748002;7.93051e+07;2.49514e+06
455;0.85262;0.227636;0.680031;7.93051e+07;2.49514e+06
456;0.85262;0.206944;0.618235;7.93051e+07;2.49514e+06
457;0.85262;0.188133;0.562054;7.93051e+07;2.49514e+06
458;0.85262;0.171032;0.510979;7.93051e+07;2.49514e+06
459;0.85262;0.155485;0.464544;7.93051e+07;2.49514e+06
