198;3.84336e+07;1.7647;0.8787;0.1176;0.0037
199;3.84336e+07;3.15493;0.932525;0.220935;0.00695119
200;3.84336e+07;4.51377;1.10619;0.3306;0.0104015
201;3.84336e+07;6.05557;1.38231;0.460688;0.0144944
202;3.84336e+07;7.94449;1.76509;0.623248;0.019609
203;3.84336e+07;10.3372;2.27314;0.830823;0.0261398
204;3.84336e+07;13.4089;2.93706;1.09814;0.0345505
205;3.84336e+07;17.3731;3.79967;1.44354;0.0454176
206;3.84336e+07;22.4991;4.91798;1.89038;0.0594763
207;3.84336e+07;29.1327;6.3666;2.46874;0.0776729
208;3.84336e+07;37.7197;8.2425;3.21745;0.101229
209;3.84335e+07;48.8365;10.6714;4.18677;0.131727
210;3.84335e+07;63.229;13.8162;5.44172;0.171211
211;3.84335e+07;81.8629;17.8878;7.06651;0.222331
212;3.84335e+07;105.988;23.1594;9.17012;0.288516
213;3.84334e+07;137.223;29.9845;11.8937;0.374205
214;3.84334e+07;177.663;38.8209;15.4198;0.485148
215;3.84333e+07;230.02;50.2615;19.9852;0.628785
216;3.84332e+07;297.807;65.0736;25.8959;0.814752
217;3.84331e+07;385.57;84.2508;33.5486;1.05552
218;3.84329e+07;499.198;109.08;43.4565;1.36725
219;3.84328e+07;646.31;141.225;56.2842;1.77085
220;3.84325e+07;836.775;182.844;72.8923;2.29338
221;3.84322e+07;1083.37;236.728;94.3948;2.9699
222;3.84318e+07;1402.63;306.491;122.234;3.8458
223;3.84312e+07;1815.97;396.813;158.277;4.97981
224;3.84305e+07;2351.11;513.751;204.943;6.44802
225;3.84296e+07;3043.94;665.149;265.36;8.3489
226;3.84284e+07;3940.91;861.16;343.581;10.8099
227;3.84269e+07;5102.17;1114.93;444.854;13.9962
228;3.8425e+07;6605.55;1443.48;575.969;18.1215
229;3.84224e+07;8551.84;1868.83;745.722;23.4623
230;3.84191e+07;11071.4;2419.5;965.496;30.377
231;3.84148e+07;14333.1;3132.41;1250.03;39.3292
232;3.84093e+07;18555.3;4055.33;1618.4;50.9191
233;3.84022e+07;24020.6;5250.1;2095.31;65.9238
234;3.83929e+07;31094.4;6796.73;2712.72;85.3491
235;3.83809e+07;40249.4;8798.76;3512.01;110.497
236;3.83654e+07;52096.7;11390.1;4546.75;143.052
237;3.83454e+07;67425.7;14744.1;5886.23;185.196
238;3.83194e+07;87256;19084.6;7620.14;239.749
239;3.82858e+07;112903;24701.3;9864.49;310.362
240;3.82424e+07;146063;31967.9;12769.4;401.757
241;3.81863e+07;188920;41367.3;16528.8;520.038
242;3.81137e+07;244279;53522.3;21393.6;673.097
243;3.80201e+07;315741;69235;27687.8;871.13
244;3.78992e+07;407907;89537.6;35829.8;1127.3
245;3.77434e+07;526643;115755;46359.5;1458.59
246;3.75428e+07;679384;149586;59972.3;1886.88
247;3.72849e+07;875496;193197;77563.6;2440.35
248;3.69541e+07;1.12668e+06;249345;100284;3155.18
249;3.6531e+07;1.44738e+06;321515;129607;4077.76
250;3.59917e+07;1.85516e+06;414082;167417;5267.36
251;3.53073e+07;2.37092e+06;532488;216113;6799.47
252;3.44439e+07;3.0188e+06;683414;278733;8769.67
253;3.33628e+07;3.82547e+06;874925;359103;11298.3
254;3.20221e+07;4.8184e+06;1.11653e+06;461994;14535.5
255;3.03799e+07;6.02268e+06;1.41909e+06;593298;18666.7
256;2.83994e+07;7.45567e+06;1.79441e+06;760183;23917.3
257;2.60581e+07;9.11928e+06;2.25447e+06;971206;30556.6
258;2.33585e+07;1.09899e+07;2.80995e+06;1.23633e+06;38898.2
259;2.03418e+07;1.30077e+07;3.46808e+06;1.56678e+06;49295
260;1.70984e+07;1.50686e+07;4.2298e+06;1.97463e+06;62126.9
261;1.37723e+07;1.7025e+07;5.08647e+06;2.47205e+06;77777.2
262;1.05493e+07;1.87005e+07;6.01705e+06;3.07022e+06;96597.1
263;7.62742e+06;1.99224e+07;6.98706e+06;3.77783e+06;118860
264;5.17284e+06;2.05661e+07;7.95048e+06;4.5995e+06;144712
265;3.27736e+06;2.05921e+07;8.85554e+06;5.53448e+06;174129
266;1.9387e+06;2.00589e+07;9.65318e+06;6.57589e+06;206895
267;1.07476e+06;1.90995e+07;1.03056e+07;7.71111e+06;242611
268;562964;1.78752e+07;1.07917e+07;8.92305e+06;280742
269;281959;1.65313e+07;1.11075e+07;1.01921e+07;320671
270;136948;1.51736e+07;1.12629e+07;1.14984e+07;361769
271;65453.8;1.38658e+07;1.1276e+07;1.28229e+07;403442
272;31206.2;1.26397e+07;1.11686e+07;1.4149e+07;445163
273;15015.7;1.15069e+07;1.09628e+07;1.54624e+07;486487
274;7360.49;1.04686e+07;1.0679e+07;1.67516e+07;527049
275;3701.23;9.52067e+06;1.03352e+07;1.80075e+07;566561
276;1918.55;8.65702e+06;9.94698e+06;1.92229e+07;604801
277;1028.3;7.87099e+06;9.52734e+06;2.03926e+07;641605
278;570.828;7.15597e+06;9.08714e+06;2.15131e+07;676856
279;328.386;6.50574e+06;8.63535e+06;2.25817e+07;710479
280;195.73;5.9145e+06;8.17926e+06;2.35972e+07;742430
281;120.775;5.37694e+06;7.72474e+06;2.45591e+07;772693
282;77.0587;4.88822e+06;7.27649e+06;2.54675e+07;801274
283;50.7649;4.44391e+06;6.83819e+06;2.63232e+07;828197
284;34.4747;4.03998e+06;6.41267e+06;2.71274e+07;853499
285;24.0934;3.67275e+06;6.00205e+06;2.78815e+07;877226
286;17.2985;3.33891e+06;5.60785e+06;2.85874e+07;899433
287;12.7376;3.0354e+06;5.23113e+06;2.92469e+07;920182
288;9.60312;2.75949e+06;4.87251e+06;2.98621e+07;939537
289;7.40084;2.50865e+06;4.53231e+06;3.04351e+07;957566
290;5.82134;2.28062e+06;4.21058e+06;3.09681e+07;974335
291;4.66662;2.07331e+06;3.90714e+06;3.14632e+07;989914
292;3.80731;1.88485e+06;3.62167e+06;3.19227e+07;1.00437e+06
293;3.1572;1.71352e+06;3.3537e+06;3.23486e+07;1.01777e+06
294;2.65781;1.55776e+06;3.10265e+06;3.2743e+07;1.03018e+06
295;2.26875;1.41616e+06;2.8679e+06;3.31079e+07;1.04166e+06
296;1.96167;1.28743e+06;2.64875e+06;3.34451e+07;1.05227e+06
297;1.71638;1.1704e+06;2.44449e+06;3.37566e+07;1.06207e+06
298;1.51826;1.06401e+06;2.25436e+06;3.40441e+07;1.07112e+06
299;1.3566;967295;2.07762e+06;3.43092e+07;1.07946e+06
300;1.22345;879368;1.91354e+06;3.45536e+07;1.08714e+06
301;1.11282;799433;1.76136e+06;3.47786e+07;1.09422e+06
302;1.02019;726765;1.62037e+06;3.49857e+07;1.10074e+06
303;0.942049;660702;1.48989e+06;3.51763e+07;1.10674e+06
304;0.875693;600644;1.36922e+06;3.53515e+07;1.11225e+06
305;0.818999;546046;1.25773e+06;3.55125e+07;1.11732e+06
306;0.770286;496410;1.15481e+06;3.56604e+07;1.12197e+06
307;0.728215;451287;1.05985e+06;3.57962e+07;1.12624e+06
308;0.691708;410265;972313;3.59209e+07;1.13016e+06
309;0.659891;372972;891664;3.60352e+07;1.13376e+06
310;0.632053;339069;817409;3.61401e+07;1.13706e+06
311;0.607608;308247;749078;3.62362e+07;1.14008e+06
312;0.586071;280228;686235;3.63243e+07;1.14286e+06
313;0.567038;254755;628467;3.6405e+07;1.14539e+06
314;0.550173;231598;575391;3.64789e+07;1.14772e+06
315;0.535191;210546;526649;3.65466e+07;1.14985e+06
316;0.52185;191407;481905;3.66085e+07;1.1518e+06
317;0.509946;174008;440849;3.66652e+07;1.15358e+06
318;0.499305;158191;403191;3.6717e+07;1.15521e+06
319;0.489775;143811;368663;3.67644e+07;1.1567e+06
320;0.481227;130739;337017;3.68078e+07;1.15807e+06
321;0.473549;118855;308021;3.68474e+07;1.15931e+06
322;0.466643;108051;281462;3.68836e+07;1.16045e+06
323;0.460425;98228.9;257142;3.69167e+07;1.1615e+06
324;0.454819;89299.9;234880;3.6947e+07;1.16245e+06
325;0.449761;81182.6;214506;3.69746e+07;1.16332e+06
326;0.445193;73803.1;195866;3.69998e+07;1.16411e+06
327;0.441064;67094.4;178816;3.70229e+07;1.16483e+06
328;0.43733;60995.5;163225;3.70439e+07;1.1655e+06
329;0.43395;55451;148970;3.70631e+07;1.1661e+06
330;0.430888;50410.5;135941;3.70806e+07;1.16665e+06
331;0.428115;45828.2;124033;3.70966e+07;1.16715e+06
332;0.4256;41662.4;113154;3.71112e+07;1.16761e+06
333;0.42332;37875.3;103215;3.71245e+07;1.16803e+06
334;0.421251;34432.5;94138.3;3.71366e+07;1.16841e+06
335;0.419373;31302.5;85849.2;3.71477e+07;1.16876e+06
336;0.417668;28457.1;78281.1;3.71578e+07;1.16908e+06
337;0.41612;25870.4;71372.4;3.7167e+07;1.16937e+06
338;0.414713;23518.8;65066.5;3.71754e+07;1.16963e+06
339;0.413435;21380.9;59311.8;3.7183e+07;1.16987e+06
340;0.412274;19437.4;54060.8;3.719e+07;1.17009e+06
341;0.411218;17670.5;49270.1;3.71964e+07;1.17029e+06
342;0.410259;16064.3;44899.9;3.72022e+07;1.17048e+06
343;0.409387;14604;40913.8;3.72074e+07;1.17064e+06
344;0.408593;13276.5;37278.4;3.72123e+07;1.17079e+06
345;0.407872;12069.7;33963.4;3.72166e+07;1.17093e+06
346;0.407216;10972.6;30940.8;3.72206e+07;1.17106e+06
347;0.406619;9975.16;28185.1;3.72243e+07;1.17117e+06
348;0.406077;9068.42;25673;3.72276e+07;1.17128e+06
349;0.405583;8244.1;23383.1;3.72306e+07;1.17137e+06
350;0.405134;7494.71;21296.2;3.72334e+07;1.17146e+06
351;0.404725;6813.44;19394.2;3.72359e+07;1.17154e+06
352;0.404353;6194.1;17661;3.72381e+07;1.17161e+06
353;0.404015;5631.06;16081.8;3.72402e+07;1.17167e+06
354;0.403707;5119.2;14642.9;3.72421e+07;1.17173e+06
355;0.403427;4653.86;13332.1;3.72438e+07;1.17179e+06
356;0.403173;4230.82;12137.9;3.72454e+07;1.17184e+06
357;0.402941;3846.24;11050.2;3.72468e+07;1.17188e+06
358;0.40273;3496.62;10059.4;3.72481e+07;1.17192e+06
359;0.402538;3178.78;9157.06;3.72493e+07;1.17196e+06
360;0.402364;2889.83;8335.26;3.72504e+07;1.17199e+06
361;0.402205;2627.14;7586.87;3.72514e+07;1.17202e+06
362;0.40206;2388.33;6905.39;3.72523e+07;1.17205e+06
363;0.401929;2171.24;6284.87;3.72531e+07;1.17208e+06
364;0.401809;1973.87;5719.88;3.72538e+07;1.1721e+06
365;0.4017;1794.45;5205.48;3.72545e+07;1.17212e+06
366;0.401601;1631.33;4737.17;3.72551e+07;1.17214e+06
367;0.401511;1483.04;4310.84;3.72556e+07;1.17216e+06
368;0.401429;1348.23;3922.75;3.72562e+07;1.17217e+06
369;0.401355;1225.68;3569.47;3.72566e+07;1.17219e+06
370;0.401287;1114.27;3247.91;3.7257e+07;1.1722e+06
371;0.401225;1012.98;2955.22;3.72574e+07;1.17221e+06
372;0.401169;920.899;2688.83;3.72578e+07;1.17223e+06
373;0.401118;837.189;2446.39;3.72581e+07;1.17224e+06
374;0.401071;761.089;2225.74;3.72584e+07;1.17224e+06
375;0.401029;691.906;2024.94;3.72586e+07;1.17225e+06
376;0.400991;629.012;1842.21;3.72589e+07;1.17226e+06
377;0.400956;571.835;1675.93;3.72591e+07;1.17227e+06
378;0.400924;519.855;1524.62;3.72593e+07;1.17227e+06
379;0.400895;472.6;1386.94;3.72595e+07;1.17228e+06
380;0.400869;429.641;1261.66;3.72596e+07;1.17228e+06
381;0.400845;390.586;1147.68;3.72598e+07;1.17229e+06
382;0.400823;355.082;1043.97;3.72599e+07;1.17229e+06
383;0.400803;322.805;949.611;3.726e+07;1.1723e+06
384;0.400785;293.462;863.766;3.72601e+07;1.1723e+06
385;0.400769;266.787;785.667;3.72602e+07;1.1723e+06
386;0.400754;242.536;714.616;3.72603e+07;1.17231e+06
387;0.40074;220.489;649.98;3.72604e+07;1.17231e+06
388;0.400728;200.447;591.18;3.72605e+07;1.17231e+06
389;0.400717;182.226;537.69;3.72606e+07;1.17231e+06
390;0.400706;165.662;489.033;3.72606e+07;1.17232e+06
391;0.400697;150.603;444.772;3.72607e+07;1.17232e+06
392;0.400689;136.913;404.511;3.72607e+07;1.17232e+06
393;0.400681;124.468;367.889;3.72608e+07;1.17232e+06
394;0.400674;113.154;334.578;3.72608e+07;1.17232e+06
395;0.400668;102.868;304.28;3.72609e+07;1.17232e+06
396;0.400662;93.5174;276.721;3.72609e+07;1.17232e+06
397;0.400657;85.0167;251.656;3.72609e+07;1.17233e+06
398;0.400652;77.2887;228.858;3.7261e+07;1.17233e+06
399;0.400647;70.2631;208.123;3.7261e+07;1.17233e+06
400;0.400644;63.8762;189.265;3.7261e+07;1.17233e+06
401;0.40064;58.0699;172.113;3.7261e+07;1.17233e+06
402;0.400637;52.7913;156.514;3.72611e+07;1.17233e+06
403;0.400634;47.9926;142.328;3.72611e+07;1.17233e+06
404;0.400631;43.6301;129.426;3.72611e+07;1.17233e+06
405;0.400629;39.6641;117.693;3.72611e+07;1.17233e+06
406;0.400626;36.0586;107.022;3.72611e+07;1.17233e+06
407;0.400624;32.7809;97.3179;3.72611e+07;1.17233e+06
408;0.400622;29.8011;88.493;3.72611e+07;1.17233e+06
409;0.400621;27.0922;80.4678;3.72612e+07;1.17233e+06
410;0.400619;24.6295;73.1697;3.72612e+07;1.17233e+06
411;0.400618;22.3907;66.533;3.72612e+07;1.17233e+06
412;0.400617;20.3554;60.4979;3.72612e+07;1.17233e+06
413;0.400615;18.5051;55.0098;3.72612e+07;1.17233e+06
414;0.400614;16.823;50.0192;3.72612e+07;1.17233e+06
415;0.400613;15.2938;45.4811;3.72612e+07;1.17233e+06
416;0.400613;13.9036;41.3545;3.72612e+07;1.17233e+06
417;0.400612;12.6397;37.602;3.72612e+07;1.17233e+06
418;0.400611;11.4908;34.1898;3.72612e+07;1.17233e+06
419;0.40061;10.4463;31.0871;3.72612e+07;1.17233e+06
420;0.40061;9.4967;28.2658;3.72612e+07;1.17233e+06
421;0.400609;8.63345;25.7004;3.72612e+07;1.17233e+06
422;0.400609;7.84867;23.3677;3.72612e+07;1.17233e+06
423;0.400608;7.13523;21.2467;3.72612e+07;1.17233e+06
424;0.400608;6.48664;19.318;3.72612e+07;1.17233e+06
425;0.400608;5.897;17.5644;3.72612e+07;1.17233e+06
426;0.400607;5.36096;15.9699;3.72612e+07;1.17234e+06
427;0.400607;4.87365;14.52;3.72612e+07;1.17234e+06
428;0.400607;4.43064;13.2018;3.72612e+07;1.17234e+06
429;0.400606;4.02789;12.0031;3.72612e+07;1.17234e+06
430;0.400606;3.66176;10.9133;3.72612e+07;1.17234e+06
431;0.400606;3.3289;9.92237;3.72613e+07;1.17234e+06
432;0.400606;3.02631;9.02138;3.72613e+07;1.17234e+06
433;0.400606;2.75122;8.20218;3.72613e+07;1.17234e+06
434;0.400605;2.50113;7.45734;3.72613e+07;1.17234e+06
435;0.400605;2.27378;6.78012;3.72613e+07;1.17234e+06
436;0.400605;2.06709;6.16438;3.72613e+07;1.17234e+06
437;0.400605;1.87919;5.60454;3.72613e+07;1.17234e+06
438;0.400605;1.70837;5.09553;3.72613e+07;1.17234e+06
439;0.400605;1.55308;4.63273;3.72613e+07;1.17234e+06
440;0.400605;1.41191;4.21195;3.72613e+07;1.17234e+06
441;0.400605;1.28357;3.82939;3.72613e+07;1.17234e+06
442;0.400605;1.16689;3.48156;3.72613e+07;1.17234e+06
443;0.400605;1.06082;3.16532;3.72613e+07;1.17234e+06
444;0.400605;0.964391;2.87779;3.72613e+07;1.17234e+06
445;0.400604;0.876728;2.61638;3.72613e+07;1.17234e+06
446;0.400604;0.797034;2.37871;3.72613e+07;1.17234e+06
447;0.400604;0.724583;2.16262;3.72613e+07;1.17234e+06
448;0.400604;0.658719;1.96616;3.72613e+07;1.17234e+06
449;0.400604;0.598841;1.78754;3.72613e+07;1.17234e+06
450;0.400604;0.544407;1.62515;3.72613e+07;1.17234e+06
451;0.400604;0.49492;1.4775;3.72613e+07;1.17234e+06
452;0.400604;0.449932;1.34327;3.72613e+07;1.17234e+06
453;0.400604;0.409033;1.22123;3.72613e+07;1.17234e+06
454;0.400604;0.371852;1.11028;3.72613e+07;1.17234e+06
455;0.400604;0.338051;1.0094;3.72613e+07;1.17234e+06
456;0.400604;0.307322;0.91769;3.72613e+07;1.17234e+06
457;0.400604;0.279386;0.834309;3.72613e+07;1.17234e+06
458;0.400604;0.25399;0.758504;3.72613e+07;1.17234e+06
459;0.400604;0.230902;0.689585;3.72613e+07;1.17234e+06
460;0.400604;0.209913;0.626927;3.72613e+07;1.17234e+06
461;0.400604;0.190832;0.569962;3.72613e+07;1.17234e+06
462;0.400604;0.173486;0.518173;3.72613e+07;1.17234e+06
463;0.400604;0.157716;0.471088;3.72613e+07;1.17234e+06
