191;4.86731e+06;1.7647;0.8787;0.1176;0.0037
192;4.86731e+06;3.15493;0.932525;0.220935;0.00695119
193;4.8673e+06;4.51377;1.10619;0.3306;0.0104015
194;4.8673e+06;6.05557;1.38231;0.460688;0.0144944
195;4.8673e+06;7.94448;1.76509;0.623248;0.019609
196;4.8673e+06;10.3372;2.27314;0.830823;0.0261398
197;4.86729e+06;13.4089;2.93706;1.09814;0.0345504
198;4.86729e+06;17.3731;3.79966;1.44354;0.0454176
199;4.86728e+06;22.4991;4.91797;1.89038;0.0594763
200;4.86727e+06;29.1326;6.36659;2.46874;0.0776728
201;4.86726e+06;37.7195;8.24248;3.21745;0.101229
202;4.86725e+06;48.8361;10.6714;4.18676;0.131726
203;4.86723e+06;63.2285;13.8161;5.44171;0.17121
204;4.8672e+06;81.8619;17.8877;7.06649;0.22233
205;4.86717e+06;105.986;23.1592;9.17009;0.288515
206;4.86713e+06;137.22;29.9841;11.8936;0.374204
207;4.86708e+06;177.658;38.8204;15.4197;0.485145
208;4.86701e+06;230.012;50.2605;19.985;0.62878
209;4.86692e+06;297.793;65.072;25.8957;0.814744
210;4.86681e+06;385.547;84.2482;33.5481;1.05551
211;4.86666e+06;499.158;109.075;43.4557;1.36723
212;4.86646e+06;646.244;141.218;56.2829;1.77081
213;4.86622e+06;836.664;182.832;72.8901;2.29331
214;4.86589e+06;1083.18;236.707;94.3911;2.96979
215;4.86548e+06;1402.32;306.456;122.228;3.8456
216;4.86493e+06;1815.44;396.753;158.267;4.97949
217;4.86423e+06;2350.23;513.651;204.925;6.44748
218;4.86333e+06;3042.46;664.981;265.331;8.34798
219;4.86216e+06;3938.43;860.878;343.532;10.8084
220;4.86064e+06;5098.01;1114.46;444.771;13.9937
221;4.85867e+06;6598.59;1442.68;575.832;18.1172
222;4.85613e+06;8540.17;1867.5;745.491;23.4551
223;4.85285e+06;11051.9;2417.27;965.109;30.3648
224;4.84859e+06;14300.4;3128.67;1249.38;39.3087
225;4.84309e+06;18500.4;4049.07;1617.31;50.8848
226;4.83598e+06;23928.7;5239.61;2093.48;65.8664
227;4.8268e+06;30940.5;6779.16;2709.66;85.2529
228;4.81493e+06;39991.8;8769.34;3506.89;110.336
229;4.79962e+06;51665.6;11340.9;4538.16;142.782
230;4.77989e+06;66704.6;14661.6;5871.85;184.744
231;4.75448e+06;86050.7;18946.6;7596.06;238.992
232;4.72182e+06;110890;24470.4;9824.18;309.094
233;4.67992e+06;142705;31582.1;12701.9;399.635
234;4.62633e+06;183325;40723;16415.9;516.488
235;4.55802e+06;234973;52447.5;21205;667.163
236;4.47133e+06;300299;67444.7;27372.8;861.219
237;4.36198e+06;382358;86560.8;35304.3;1110.76
238;4.22505e+06;484527;110817;45483.9;1431.04
239;4.05525e+06;610287;141419;58516;1841.06
240;3.84724e+06;762815;179740;75146.8;2364.31
241;3.59641e+06;944309;227277;96284.2;3029.35
242;3.29988e+06;1.15501e+06;285546;123012;3870.28
243;2.95798e+06;1.39192e+06;355899;156592;4926.8
244;2.57591e+06;1.64746e+06;439254;198446;6243.62
245;2.16515e+06;1.90846e+06;535727;250102;7868.86
246;1.74393e+06;2.15621e+06;644222;313104;9851.05
247;1.33577e+06;2.36836e+06;762077;388864;12234.7
248;965769;2.52308e+06;884921;478485;15054.4
249;654953;2.60455e+06;1.00693e+06;582551;18328.6
250;414944;2.6078e+06;1.12154e+06;700966;22054.2
251;245449;2.54025e+06;1.22255e+06;832859;26203.9
252;136065;2.41872e+06;1.30516e+06;976631;30727.3
253;71270.3;2.26366e+06;1.36671e+06;1.13012e+06;35556.4
254;35695;2.09347e+06;1.40669e+06;1.29084e+06;40613.3
255;17337;1.92153e+06;1.42636e+06;1.45627e+06;45818
256;8286.14;1.75591e+06;1.42801e+06;1.62401e+06;51095.5
257;3950.58;1.60064e+06;1.4144e+06;1.79194e+06;56379.2
258;1900.96;1.45719e+06;1.38833e+06;1.95828e+06;61612.4
259;931.836;1.3257e+06;1.35239e+06;2.12154e+06;66749.3
260;468.585;1.20566e+06;1.30885e+06;2.28059e+06;71753.1
261;242.898;1.09629e+06;1.25968e+06;2.43451e+06;76595.8
262;130.19;996747;1.20653e+06;2.58264e+06;81256.7
263;72.2731;906201;1.15078e+06;2.72453e+06;85720.8
264;41.5782;823858;1.09357e+06;2.85986e+06;89978.7
265;24.7826;748986;1.03581e+06;2.98847e+06;94024.9
266;15.2924;680913;978246;3.11028e+06;97857.4
267;9.75732;619023;921480;3.22532e+06;101477
268;6.42807;562757;865973;3.33369e+06;104886
269;4.36542;511605;812086;3.43552e+06;108090
270;3.05092;465101;760084;3.53103e+06;111095
271;2.19052;422824;710164;3.62041e+06;113908
272;1.613;384390;662456;3.70393e+06;116535
273;1.21609;349450;617041;3.78183e+06;118986
274;0.937215;317685;573959;3.8544e+06;121269
275;0.737202;288807;533215;3.92189e+06;123393
276;0.590978;262555;494789;3.9846e+06;125366
277;0.48216;238689;458637;4.04279e+06;127197
278;0.399833;216992;424701;4.09672e+06;128893
279;0.336592;197268;392910;4.14667e+06;130465
280;0.287323;179336;363181;4.19287e+06;131919
281;0.248436;163034;335429;4.23558e+06;133262
282;0.217373;148215;309561;4.27503e+06;134504
283;0.192283;134742;285484;4.31143e+06;135649
284;0.17181;122494;263103;4.34501e+06;136705
285;0.154947;111359;242323;4.37595e+06;137679
286;0.140938;101237;223052;4.40445e+06;138575
287;0.129206;92034.3;205198;4.43068e+06;139401
288;0.11931;83668.4;188674;4.45481e+06;140160
289;0.110907;76062.9;173393;4.477e+06;140858
290;0.103727;69148.8;159275;4.49739e+06;141499
291;0.0975578;62863.2;146240;4.51612e+06;142089
292;0.0922297;57148.9;134216;4.53332e+06;142630
293;0.0876062;51954.1;123130;4.5491e+06;143126
294;0.0835768;47231.5;112917;4.56358e+06;143582
295;0.0800512;42938.2;103513;4.57686e+06;144000
296;0.0769554;39035.1;94860.4;4.58903e+06;144383
297;0.0742278;35486.8;86902.1;4.60019e+06;144734
298;0.0718174;32261;79586.6;4.61041e+06;145055
299;0.0696815;29328.5;72865.3;4.61977e+06;145350
300;0.067784;26662.6;66692.7;4.62834e+06;145619
301;0.0660944;24238.9;61026.5;4.63618e+06;145866
302;0.0645868;22035.6;55827.3;4.64336e+06;146092
303;0.0632391;20032.6;51058.5;4.64992e+06;146299
304;0.0620322;18211.6;46686.1;4.65592e+06;146487
305;0.0609496;16556.2;42678.5;4.66142e+06;146660
306;0.0599772;15051.2;39006.5;4.66643e+06;146818
307;0.0591026;13683.1;35643.2;4.67102e+06;146962
308;0.0583151;12439.3;32563.5;4.67521e+06;147094
309;0.0576051;11308.6;29744.2;4.67904e+06;147215
310;0.0569646;10280.6;27164.2;4.68254e+06;147325
311;0.056386;9346.1;24803.7;4.68573e+06;147425
312;0.0558631;8496.54;22644.6;4.68865e+06;147517
313;0.0553901;7724.2;20670.1;4.69131e+06;147601
314;0.0549621;7022.07;18865;4.69375e+06;147677
315;0.0545744;6383.77;17215;4.69596e+06;147747
316;0.0542231;5803.48;15707.1;4.69799e+06;147811
317;0.0539046;5275.95;14329.3;4.69984e+06;147869
318;0.0536158;4796.36;13070.8;4.70152e+06;147922
319;0.0533538;4360.37;11921.3;4.70306e+06;147970
320;0.0531159;3964.02;10871.6;4.70446e+06;148014
321;0.0529;3603.69;9913.19;4.70574e+06;148055
322;0.0527039;3276.11;9038.29;4.7069e+06;148091
323;0.0525258;2978.31;8239.75;4.70797e+06;148125
324;0.052364;2707.59;7511;4.70894e+06;148155
325;0.0522169;2461.47;6846.03;4.70982e+06;148183
326;0.0520832;2237.72;6239.35;4.71062e+06;148208
327;0.0519617;2034.31;5685.93;4.71136e+06;148232
328;0.0518512;1849.39;5181.15;4.71203e+06;148253
329;0.0517508;1681.28;4720.78;4.71264e+06;148272
330;0.0516594;1528.45;4300.98;4.71319e+06;148289
331;0.0515763;1389.52;3918.21;4.7137e+06;148305
332;0.0515007;1263.21;3569.24;4.71416e+06;148320
333;0.051432;1148.38;3251.11;4.71458e+06;148333
334;0.0513695;1044;2961.14;4.71496e+06;148345
335;0.0513126;949.097;2696.85;4.71531e+06;148356
336;0.0512608;862.824;2456;4.71563e+06;148366
337;0.0512138;784.394;2236.52;4.71591e+06;148375
338;0.0511709;713.092;2036.53;4.71618e+06;148383
339;0.051132;648.272;1854.32;4.71642e+06;148391
340;0.0510965;589.344;1688.32;4.71663e+06;148398
341;0.0510642;535.773;1537.1;4.71683e+06;148404
342;0.0510349;487.071;1399.35;4.71701e+06;148409
343;0.0510082;442.797;1273.88;4.71718e+06;148415
344;0.0509839;402.546;1159.61;4.71733e+06;148419
345;0.0509618;365.955;1055.54;4.71746e+06;148424
346;0.0509417;332.69;960.769;4.71759e+06;148428
347;0.0509233;302.448;874.469;4.7177e+06;148431
348;0.0509067;274.956;795.889;4.7178e+06;148434
349;0.0508915;249.962;724.341;4.7179e+06;148437
350;0.0508778;227.241;659.2;4.71798e+06;148440
351;0.0508652;206.584;599.895;4.71806e+06;148442
352;0.0508538;187.806;545.906;4.71813e+06;148445
353;0.0508434;170.734;496.759;4.7182e+06;148447
354;0.050834;155.215;452.022;4.71825e+06;148448
355;0.0508254;141.106;411.301;4.71831e+06;148450
356;0.0508176;128.279;374.237;4.71836e+06;148452
357;0.0508105;116.619;340.502;4.7184e+06;148453
358;0.050804;106.018;309.8;4.71844e+06;148454
359;0.0507981;96.3809;281.858;4.71848e+06;148455
360;0.0507927;87.6199;256.43;4.71851e+06;148457
361;0.0507879;79.6553;233.29;4.71854e+06;148457
362;0.0507834;72.4146;212.232;4.71857e+06;148458
363;0.0507794;65.8321;193.071;4.71859e+06;148459
364;0.0507757;59.848;175.636;4.71861e+06;148460
365;0.0507724;54.4078;159.771;4.71864e+06;148460
366;0.0507694;49.4621;145.337;4.71865e+06;148461
367;0.0507666;44.966;132.203;4.71867e+06;148462
368;0.0507641;40.8786;120.255;4.71869e+06;148462
369;0.0507618;37.1628;109.384;4.7187e+06;148463
370;0.0507598;33.7847;99.4934;4.71871e+06;148463
371;0.0507579;30.7136;90.4959;4.71873e+06;148463
372;0.0507561;27.9218;82.3106;4.71874e+06;148464
373;0.0507546;25.3837;74.8644;4.71875e+06;148464
374;0.0507532;23.0763;68.0907;4.71875e+06;148464
375;0.0507519;20.9787;61.929;4.71876e+06;148464
376;0.0507507;19.0717;56.3239;4.71877e+06;148465
377;0.0507496;17.3381;51.2255;4.71878e+06;148465
378;0.0507487;15.7621;46.5879;4.71878e+06;148465
379;0.0507478;14.3293;42.3695;4.71879e+06;148465
380;0.050747;13.0268;38.5326;4.71879e+06;148465
381;0.0507462;11.8426;35.0428;4.7188e+06;148466
382;0.0507456;10.7661;31.8686;4.7188e+06;148466
383;0.050745;9.7875;28.9815;4.71881e+06;148466
384;0.0507444;8.89781;26.3558;4.71881e+06;148466
385;0.0507439;8.089;23.9676;4.71881e+06;148466
386;0.0507435;7.35371;21.7956;4.71881e+06;148466
387;0.050743;6.68526;19.8203;4.71882e+06;148466
388;0.0507427;6.07757;18.0238;4.71882e+06;148466
389;0.0507423;5.52512;16.3899;4.71882e+06;148466
390;0.050742;5.02289;14.9041;4.71882e+06;148466
391;0.0507417;4.56631;13.5528;4.71883e+06;148466
392;0.0507415;4.15123;12.3239;4.71883e+06;148466
393;0.0507412;3.77388;11.2064;4.71883e+06;148467
394;0.050741;3.43084;10.1901;4.71883e+06;148467
395;0.0507408;3.11897;9.26589;4.71883e+06;148467
396;0.0507407;2.83546;8.42545;4.71883e+06;148467
397;0.0507405;2.57772;7.66119;4.71883e+06;148467
398;0.0507404;2.3434;6.9662;4.71883e+06;148467
399;0.0507402;2.13039;6.33422;4.71883e+06;148467
400;0.0507401;1.93674;5.75953;4.71884e+06;148467
401;0.05074;1.76069;5.23695;4.71884e+06;148467
402;0.0507399;1.60064;4.76175;4.71884e+06;148467
403;0.0507398;1.45514;4.32965;4.71884e+06;148467
404;0.0507397;1.32287;3.93673;4.71884e+06;148467
405;0.0507396;1.20262;3.57946;4.71884e+06;148467
406;0.0507396;1.0933;3.25459;4.71884e+06;148467
407;0.0507395;0.993921;2.95919;4.71884e+06;148467
408;0.0507395;0.903574;2.69059;4.71884e+06;148467
409;0.0507394;0.821439;2.44635;4.71884e+06;148467
410;0.0507394;0.74677;2.22428;4.71884e+06;148467
411;0.0507393;0.678889;2.02235;4.71884e+06;148467
412;0.0507393;0.617178;1.83875;4.71884e+06;148467
413;0.0507392;0.561077;1.67181;4.71884e+06;148467
414;0.0507392;0.510075;1.52003;4.71884e+06;148467
415;0.0507392;0.463709;1.38201;4.71884e+06;148467
416;0.0507392;0.421558;1.25653;4.71884e+06;148467
417;0.0507391;0.383238;1.14243;4.71884e+06;148467
418;0.0507391;0.348402;1.03869;4.71884e+06;148467
419;0.0507391;0.316732;0.944365;4.71884e+06;148467
420;0.0507391;0.287941;0.858605;4.71884e+06;148467
421;0.0507391;0.261767;0.78063;4.71884e+06;148467
422;0.050739;0.237973;0.709734;4.71884e+06;148467
423;0.050739;0.216341;0.645275;4.71884e+06;148467
424;0.050739;0.196676;0.586669;4.71884e+06;148467
425;0.050739;0.178798;0.533383;4.71884e+06;148467
426;0.050739;0.162545;0.484937;4.71884e+06;148467
