234;8.8828e+06;1.7647;0.8787;0.1176;0.0037
235;8.8828e+06;3.15493;0.932525;0.220935;0.00695119
236;8.8828e+06;4.51377;1.10619;0.3306;0.0104015
237;8.88279e+06;6.05557;1.38231;0.460688;0.0144944
238;8.88279e+06;7.94448;1.76509;0.623248;0.019609
239;8.88279e+06;10.3372;2.27314;0.830823;0.0261398
240;8.88278e+06;13.4089;2.93706;1.09814;0.0345505
241;8.88278e+06;17.3731;3.79966;1.44354;0.0454176
242;8.88277e+06;22.4991;4.91798;1.89038;0.0594763
243;8.88276e+06;29.1327;6.3666;2.46874;0.0776728
244;8.88275e+06;37.7196;8.24249;3.21745;0.101229
245;8.88274e+06;48.8363;10.6714;4.18676;0.131726
246;8.88272e+06;63.2288;13.8162;5.44172;0.171211
247;8.88269e+06;81.8624;17.8878;7.0665;0.22233
248;8.88266e+06;105.987;23.1593;9.1701;0.288515
249;8.88262e+06;137.222;29.9843;11.8936;0.374204
250;8.88257e+06;177.66;38.8206;15.4198;0.485146
251;8.8825e+06;230.016;50.261;19.9851;0.628783
252;8.88241e+06;297.8;65.0728;25.8958;0.814748
253;8.8823e+06;385.559;84.2495;33.5484;1.05552
254;8.88215e+06;499.179;109.077;43.4561;1.36724
255;8.88196e+06;646.278;141.222;56.2836;1.77083
256;8.88171e+06;836.721;182.838;72.8913;2.29335
257;8.88138e+06;1083.28;236.718;94.393;2.96985
258;8.88097e+06;1402.48;306.474;122.231;3.8457
259;8.88043e+06;1815.72;396.784;158.272;4.97966
260;8.87973e+06;2350.68;513.702;204.934;6.44776
261;8.87882e+06;3043.22;665.068;265.346;8.34846
262;8.87765e+06;3939.71;861.024;343.558;10.8092
263;8.87613e+06;5100.16;1114.7;444.814;13.995
264;8.87416e+06;6602.2;1443.09;575.903;18.1194
265;8.87162e+06;8546.21;1868.19;745.611;23.4588
266;8.86832e+06;11062;2418.43;965.309;30.3711
267;8.86406e+06;14317.3;3130.61;1249.72;39.3193
268;8.85855e+06;18528.8;4052.31;1617.88;50.9025
269;8.85142e+06;23976.2;5245.03;2094.43;65.8961
270;8.8422e+06;31020;6788.24;2711.24;85.3027
271;8.83027e+06;40124.8;8784.55;3509.54;110.419
272;8.81486e+06;51888.1;11366.3;4542.6;142.922
273;8.79496e+06;67076.5;14704.2;5879.28;184.977
274;8.76926e+06;86671.7;19017.9;7608.5;239.383
275;8.73613e+06;111926;24589.4;9845;309.749
276;8.69345e+06;144430;31780.8;12736.7;400.73
277;8.63856e+06;186192;41054.5;16474.1;518.319
278;8.5681e+06;239728;52999.4;21302.1;670.221
279;8.47788e+06;308158;68361.8;27534.9;866.318
280;8.36273e+06;395296;88081;35574.2;1119.26
281;8.21638e+06;505718;113329;45932.6;1445.16
282;8.03136e+06;644766;145552;59260.1;1864.47
283;7.79907e+06;818440;186506;76377;2403.02
284;7.51002e+06;1.03309e+06;238279;98310.1;3093.09
285;7.15439e+06;1.29482e+06;303284;126332;3974.72
286;6.72314e+06;1.60837e+06;384194;161998;5096.87
287;6.20969e+06;1.97562e+06;483793;207179;6518.39
288;5.61243e+06;2.3933e+06;604692;264073;8308.42
289;4.93757e+06;2.85061e+06;748894;335185;10545.8
290;4.20209e+06;3.32696e+06;917173;423255;13316.7
291;3.43528e+06;3.79135e+06;1.10834e+06;531115;16710.2
292;2.67745e+06;4.20455e+06;1.31853e+06;661455;20811.1
293;1.97445e+06;4.52535e+06;1.54079e+06;816515;25689.7
294;1.36832e+06;4.72013e+06;1.76525e+06;997712;31390.6
295;886761;4.77263e+06;1.98018e+06;1.2053e+06;37922
296;536421;4.68914e+06;2.17382e+06;1.43817e+06;45248.7
297;303576;4.49574e+06;2.33638e+06;1.69382e+06;53291.8
298;161819;4.22884e+06;2.46164e+06;1.96857e+06;61936.4
299;82127.7;3.92413e+06;2.54744e+06;2.25806e+06;71044.5
300;40229;3.60932e+06;2.59514e+06;2.55764e+06;80470
301;19298.8;3.30216e+06;2.60844e+06;2.86283e+06;90072
302;9195.68;3.0121e+06;2.5922e+06;3.16958e+06;99723.2
303;4406.34;2.74309e+06;2.55157e+06;3.47442e+06;109314
304;2144.92;2.496e+06;2.49141e+06;3.77449e+06;118755
305;1068.9;2.27019e+06;2.41609e+06;4.06748e+06;127973
306;548.337;2.06435e+06;2.32938e+06;4.35161e+06;136913
307;290.614;1.87696e+06;2.23447e+06;4.62554e+06;145532
308;159.459;1.70648e+06;2.13405e+06;4.88832e+06;153799
309;90.6638;1.55143e+06;2.03031e+06;5.13928e+06;161695
310;53.4166;1.41044e+06;1.92505e+06;5.37805e+06;169207
311;32.5913;1.28225e+06;1.81975e+06;5.60443e+06;176330
312;20.5703;1.16571e+06;1.71557e+06;5.81844e+06;183063
313;13.4119;1.05975e+06;1.61344e+06;6.02019e+06;189411
314;9.0193;963424;1.51406e+06;6.20993e+06;195380
315;6.24538;875852;1.41798e+06;6.38798e+06;200982
316;4.44531;796239;1.32559e+06;6.55474e+06;206229
317;3.24683;723862;1.23718e+06;6.71063e+06;211134
318;2.42938;658064;1.15291e+06;6.85612e+06;215711
319;1.85911;598246;1.07288e+06;6.9917e+06;219977
320;1.45279;543866;997118;7.11787e+06;223947
321;1.15756;494429;925605;7.23513e+06;227636
322;0.939106;449485;858272;7.34398e+06;231061
323;0.774704;408627;795022;7.44491e+06;234236
324;0.649032;371483;735730;7.53841e+06;237178
325;0.551565;337716;680254;7.62493e+06;239900
326;0.474956;307017;628438;7.70493e+06;242417
327;0.413995;279109;580116;7.77883e+06;244742
328;0.364931;253738;535119;7.84705e+06;246889
329;0.325027;230674;493274;7.90998e+06;248869
330;0.292258;209705;454408;7.96799e+06;250694
331;0.265108;190643;418350;8.02143e+06;252375
332;0.24243;173314;384934;8.07063e+06;253923
333;0.223345;157560;353996;8.1159e+06;255347
334;0.207173;143237;325378;8.15753e+06;256657
335;0.193383;130217;298930;8.19579e+06;257861
336;0.181555;118380;274507;8.23095e+06;258967
337;0.171357;107620;251970;8.26323e+06;259983
338;0.162521;97837.1;231188;8.29286e+06;260915
339;0.15483;88943.7;212039;8.32005e+06;261770
340;0.14811;80858.7;194403;8.34498e+06;262555
341;0.142216;73508.7;178172;8.36785e+06;263274
342;0.137028;66826.7;163242;8.3888e+06;263933
343;0.132448;60752.2;149515;8.408e+06;264537
344;0.128393;55229.8;136901;8.42558e+06;265090
345;0.124794;50209.4;125316;8.44168e+06;265597
346;0.121591;45645.4;114679;8.45642e+06;266061
347;0.118736;41496.2;104918;8.4699e+06;266485
348;0.116184;37724.2;95963.1;8.48224e+06;266873
349;0.113901;34295.1;87751.9;8.49353e+06;267228
350;0.111854;31177.7;80225;8.50385e+06;267553
351;0.110015;28343.6;73327.7;8.51328e+06;267850
352;0.108363;25767.2;67009.5;8.5219e+06;268121
353;0.106876;23425;61223.5;8.52978e+06;268369
354;0.105535;21295.6;55926.4;8.53698e+06;268596
355;0.104326;19359.9;51078.3;8.54356e+06;268802
356;0.103234;17600;46642.3;8.54957e+06;268991
357;0.102248;16000.2;42584.5;8.55505e+06;269164
358;0.101356;14545.8;38873.4;8.56006e+06;269322
359;0.100549;13223.6;35480.3;8.56463e+06;269465
360;0.0998177;12021.6;32378.5;8.5688e+06;269597
361;0.0991555;10928.8;29543.8;8.57261e+06;269717
362;0.0985553;9935.37;26953.5;8.57609e+06;269826
363;0.0980111;9032.24;24587.2;8.57926e+06;269926
364;0.0975173;8211.21;22425.8;8.58215e+06;270017
365;0.0970692;7464.81;20452;8.58478e+06;270100
366;0.0966625;6786.26;18649.7;8.58719e+06;270175
367;0.0962931;6169.39;17004.3;8.58938e+06;270244
368;0.0959576;5608.59;15502.5;8.59138e+06;270307
369;0.0956528;5098.77;14131.9;8.59321e+06;270364
370;0.0953758;4635.3;12881.2;8.59487e+06;270417
371;0.0951241;4213.95;11740;8.59638e+06;270464
372;0.0948953;3830.9;10699;8.59776e+06;270508
373;0.0946872;3482.67;9749.45;8.59902e+06;270547
374;0.0944981;3166.1;8883.42;8.60017e+06;270584
375;0.0943261;2878.3;8093.66;8.60121e+06;270616
376;0.0941696;2616.66;7373.53;8.60216e+06;270646
377;0.0940273;2378.81;6716.98;8.60303e+06;270674
378;0.0938979;2162.57;6118.44;8.60382e+06;270698
379;0.0937802;1966;5572.85;8.60454e+06;270721
380;0.0936731;1787.29;5075.57;8.6052e+06;270742
381;0.0935757;1624.82;4622.37;8.60579e+06;270761
382;0.0934871;1477.13;4209.37;8.60634e+06;270778
383;0.0934064;1342.86;3833.05;8.60683e+06;270793
384;0.0933331;1220.79;3490.16;8.60728e+06;270807
385;0.0932663;1109.82;3177.78;8.60769e+06;270820
386;0.0932056;1008.94;2893.2;8.60807e+06;270832
387;0.0931503;917.225;2633.96;8.60841e+06;270843
388;0.0931;833.85;2397.84;8.60872e+06;270852
389;0.0930543;758.053;2182.78;8.609e+06;270861
390;0.0930127;689.146;1986.91;8.60926e+06;270869
391;0.0929748;626.502;1808.55;8.60949e+06;270877
392;0.0929404;569.553;1646.12;8.6097e+06;270883
393;0.092909;517.781;1498.22;8.6099e+06;270890
394;0.0928805;470.715;1363.55;8.61007e+06;270895
395;0.0928545;427.927;1240.94;8.61023e+06;270900
396;0.0928309;389.028;1129.31;8.61038e+06;270905
397;0.0928094;353.666;1027.69;8.61051e+06;270909
398;0.0927899;321.517;935.178;8.61063e+06;270913
399;0.0927721;292.292;850.967;8.61074e+06;270916
400;0.0927559;265.722;774.314;8.61084e+06;270919
401;0.0927412;241.568;704.544;8.61093e+06;270922
402;0.0927278;219.61;641.041;8.61102e+06;270925
403;0.0927157;199.647;583.245;8.61109e+06;270927
404;0.0927046;181.499;530.646;8.61116e+06;270929
405;0.0926945;165.001;482.777;8.61122e+06;270931
406;0.0926853;150.002;439.214;8.61128e+06;270933
407;0.092677;136.367;399.573;8.61133e+06;270935
408;0.0926694;123.971;363.5;8.61138e+06;270936
409;0.0926625;112.702;330.677;8.61142e+06;270938
410;0.0926562;102.458;300.81;8.61146e+06;270939
411;0.0926505;93.1443;273.635;8.61149e+06;270940
412;0.0926453;84.6775;248.91;8.61153e+06;270941
413;0.0926406;76.9803;226.415;8.61156e+06;270942
414;0.0926363;69.9828;205.948;8.61158e+06;270943
415;0.0926324;63.6214;187.328;8.61161e+06;270943
416;0.0926288;57.8382;170.388;8.61163e+06;270944
417;0.0926256;52.5807;154.978;8.61165e+06;270945
418;0.0926226;47.8011;140.959;8.61167e+06;270945
419;0.09262;43.456;128.205;8.61168e+06;270946
420;0.0926175;39.5059;116.604;8.6117e+06;270946
421;0.0926153;35.9148;106.051;8.61171e+06;270947
422;0.0926133;32.6501;96.4518;8.61172e+06;270947
423;0.0926115;29.6822;87.7201;8.61174e+06;270947
424;0.0926098;26.9841;79.7778;8.61175e+06;270948
425;0.0926083;24.5313;72.5536;8.61176e+06;270948
426;0.0926069;22.3014;65.9827;8.61176e+06;270948
427;0.0926057;20.2742;60.0062;8.61177e+06;270949
428;0.0926045;18.4313;54.5704;8.61178e+06;270949
429;0.0926035;16.7559;49.6264;8.61179e+06;270949
430;0.0926026;15.2328;45.1298;8.61179e+06;270949
431;0.0926017;13.8481;41.0402;8.6118e+06;270949
432;0.0926009;12.5893;37.3209;8.6118e+06;270950
433;0.0926002;11.4449;33.9382;8.61181e+06;270950
434;0.0925996;10.4046;30.8618;8.61181e+06;270950
435;0.092599;9.45882;28.0641;8.61181e+06;270950
436;0.0925984;8.59901;25.5197;8.61182e+06;270950
437;0.092598;7.81736;23.2058;8.61182e+06;270950
438;0.0925975;7.10677;21.1016;8.61182e+06;270950
439;0.0925971;6.46076;19.1879;8.61182e+06;270950
440;0.0925968;5.87348;17.4477;8.61183e+06;270950
441;0.0925964;5.33958;15.8652;8.61183e+06;270950
442;0.0925961;4.85421;14.4261;8.61183e+06;270950
443;0.0925958;4.41296;13.1175;8.61183e+06;270951
444;0.0925956;4.01183;11.9275;8.61183e+06;270951
445;0.0925954;3.64715;10.8454;8.61184e+06;270951
446;0.0925952;3.31563;9.86134;8.61184e+06;270951
447;0.092595;3.01424;8.96655;8.61184e+06;270951
448;0.0925948;2.74024;8.1529;8.61184e+06;270951
449;0.0925947;2.49115;7.41304;8.61184e+06;270951
450;0.0925945;2.26471;6.74028;8.61184e+06;270951
451;0.0925944;2.05885;6.12855;8.61184e+06;270951
452;0.0925943;1.8717;5.57231;8.61184e+06;270951
453;0.0925942;1.70156;5.06652;8.61184e+06;270951
454;0.0925941;1.54689;4.60662;8.61184e+06;270951
455;0.092594;1.40628;4.18845;8.61184e+06;270951
456;0.0925939;1.27845;3.80822;8.61184e+06;270951
457;0.0925938;1.16224;3.4625;8.61185e+06;270951
458;0.0925938;1.05659;3.14814;8.61185e+06;270951
459;0.0925937;0.960544;2.86232;8.61185e+06;270951
460;0.0925937;0.873231;2.60243;8.61185e+06;270951
461;0.0925936;0.793854;2.36613;8.61185e+06;270951
462;0.0925936;0.721693;2.15128;8.61185e+06;270951
463;0.0925935;0.656091;1.95593;8.61185e+06;270951
464;0.0925935;0.596452;1.77832;8.61185e+06;270951
465;0.0925934;0.542235;1.61683;8.61185e+06;270951
466;0.0925934;0.492946;1.46999;8.61185e+06;270951
467;0.0925934;0.448137;1.33649;8.61185e+06;270951
468;0.0925934;0.407401;1.21511;8.61185e+06;270951
469;0.0925933;0.370369;1.10475;8.61185e+06;270951
470;0.0925933;0.336702;1.00441;8.61185e+06;270951
471;0.0925933;0.306096;0.913183;8.61185e+06;270951
472;0.0925933;0.278272;0.830238;8.61185e+06;270951
473;0.0925933;0.252977;0.754825;8.61185e+06;270951
474;0.0925933;0.229981;0.68626;8.61185e+06;270951
475;0.0925932;0.209076;0.623922;8.61185e+06;270951
476;0.0925932;0.190071;0.567245;8.61185e+06;270951
477;0.0925932;0.172794;0.515716;8.61185e+06;270951
478;0.0925932;0.157087;0.468866;8.61185e+06;270951
