0;6.04218e+07;0.9091;0.0909;0;0
1;6.04218e+07;0.986874;0.162511;0.0106898;0.00033633
2;6.04218e+07;1.18395;0.232505;0.0298011;0.000937621
3;6.04218e+07;1.48663;0.311923;0.0571438;0.00179789
4;6.04218e+07;1.90195;0.409222;0.093826;0.00295201
5;6.04218e+07;2.45121;0.53247;0.14195;0.00446613
6;6.04218e+07;3.16805;0.690697;0.204569;0.00643627
7;6.04218e+07;4.09895;0.894891;0.285795;0.00899185
8;6.04218e+07;5.30557;1.15894;0.391034;0.0123029
9;6.04218e+07;6.86846;1.50063;0.527325;0.016591
10;6.04217e+07;8.89229;1.94295;0.703799;0.0221433
11;6.04217e+07;11.5127;2.51558;0.93229;0.0293323
12;6.04217e+07;14.9054;3.25694;1.22812;0.0386399
13;6.04217e+07;19.2981;4.21678;1.61114;0.0506906
14;6.04217e+07;24.9852;5.45948;2.10703;0.0662927
15;6.04217e+07;32.3484;7.0684;2.74907;0.0864927
16;6.04217e+07;41.8815;9.15147;3.58031;0.112646
17;6.04217e+07;54.2241;11.8484;4.65652;0.146506
18;6.04217e+07;70.204;15.3402;6.0499;0.190345
19;6.04216e+07;90.8932;19.861;7.8539;0.247104
20;6.04216e+07;117.68;25.714;10.1896;0.32059
21;6.04216e+07;152.36;33.292;13.2135;0.415732
22;6.04215e+07;197.261;43.1032;17.1287;0.538912
23;6.04214e+07;255.394;55.8058;22.1976;0.698394
24;6.04213e+07;330.658;72.2518;28.7604;0.904875
25;6.04212e+07;428.103;93.5445;37.2572;1.17221
26;6.0421e+07;554.265;121.112;48.258;1.51832
27;6.04208e+07;717.606;156.804;62.5008;1.96644
28;6.04205e+07;929.083;203.014;80.9409;2.54661
29;6.04202e+07;1202.88;262.842;104.815;3.29776
30;6.04197e+07;1557.36;340.301;135.726;4.27028
31;6.04191e+07;2016.31;440.587;175.745;5.52939
32;6.04183e+07;2610.5;570.426;227.558;7.15957
33;6.04173e+07;3379.78;738.528;294.64;9.27014
34;6.0416e+07;4375.74;956.166;381.491;12.0027
35;6.04143e+07;5665.17;1237.94;493.936;15.5405
36;6.04122e+07;7334.53;1602.74;639.518;20.1209
37;6.04093e+07;9495.73;2075.04;828;26.051
38;6.04057e+07;12293.6;2686.5;1072.02;33.7287
39;6.04009e+07;15915.7;3478.12;1387.96;43.6687
40;6.03948e+07;20604.7;4502.96;1796.98;56.5377
41;6.03869e+07;26674.6;5829.72;2326.53;73.1987
42;6.03766e+07;34531.6;7547.3;3012.11;94.7687
43;6.03633e+07;44701.5;9770.74;3899.67;122.694
44;6.0346e+07;57863.9;12648.9;5048.71;158.845
45;6.03237e+07;74897.7;16374.4;6536.22;205.646
46;6.02949e+07;96938.6;21196.4;8461.85;266.232
47;6.02576e+07;125454;27437;10954.5;344.658
48;6.02093e+07;162337;35512.6;14181.1;446.175
49;6.01468e+07;210030;45961.4;18357.4;577.572
50;6.00661e+07;271678;59478;23762.5;747.629
51;5.99618e+07;351326;76958.8;30757.1;967.698
52;5.9827e+07;454168;99559.3;39807.5;1252.45
53;5.9653e+07;586851;128767;51515.6;1620.81
54;5.94287e+07;757855;166492;66658.6;2097.25
55;5.91397e+07;977955;215186;86238;2713.27
56;5.8768e+07;1.26076e+06;277980;111544;3509.46
57;5.82908e+07;1.6233e+06;358863;144234;4537.98
58;5.76798e+07;2.08674e+06;462892;186437;5865.78
59;5.69e+07;2.67693e+06;596428;240873;7578.48
60;5.59087e+07;3.42489e+06;767414;311013;9785.26
61;5.46554e+07;4.36687e+06;985649;401260;12624.7
62;5.30817e+07;5.54363e+06;1.26304e+06;517173;16271.6
63;5.1123e+07;6.99836e+06;1.61375e+06;665706;20944.8
64;4.87127e+07;8.77255e+06;2.05415e+06;855483;26915.7
65;4.57889e+07;1.08989e+07;2.60241e+06;1.09705e+06;34516.1
66;4.23066e+07;1.33905e+07;3.27745e+06;1.40309e+06;44145
67;3.8254e+07;1.62259e+07;4.09708e+06;1.78852e+06;56271.5
68;3.36722e+07;1.93327e+07;5.07504e+06;2.27034e+06;71430.7
69;2.86753e+07;2.25723e+07;6.21679e+06;2.86716e+06;90208.4
70;2.34609e+07;2.57348e+07;7.51451e+06;3.59826e+06;113210
71;1.83023e+07;2.85542e+07;8.9423e+06;4.48196e+06;141014
72;1.3511e+07;3.07499e+07;1.04532e+07;5.53358e+06;174101
73;9.37421e+06;3.20915e+07;1.19804e+07;6.76287e+06;212777
74;6.08256e+06;3.24661e+07;1.34443e+07;8.17176e+06;257105
75;3.68399e+06;3.19135e+07;1.47646e+07;9.75281e+06;306849
76;2.08726e+06;3.06093e+07;1.58746e+07;1.14891e+07;361478
77;1.1137e+06;2.88004e+07;1.67314e+07;1.3356e+07;420214
78;565664;2.67305e+07;1.73199e+07;1.53236e+07;482120
79;277222;2.45892e+07;1.76488e+07;1.73604e+07;546204
80;133023;2.24982e+07;1.77431e+07;1.94359e+07;611504
81;63384;2.05228e+07;1.7636e+07;2.15225e+07;677154
82;30366;1.86903e+07;1.73622e+07;2.35965e+07;742407
83;14776.2;1.70069e+07;1.69551e+07;2.56383e+07;806647
84;7360.06;1.54684e+07;1.64444e+07;2.76322e+07;869381
85;3773.55;1.40659e+07;1.58558e+07;2.95661e+07;930225
86;1998.74;1.27891e+07;1.52111e+07;3.14307e+07;988892
87;1096;1.16275e+07;1.45285e+07;3.32195e+07;1.04517e+06
88;622.757;1.0571e+07;1.38231e+07;3.49281e+07;1.09893e+06
89;366.678;9.61035e+06;1.31073e+07;3.65537e+07;1.15007e+06
90;223.584;8.73691e+06;1.23909e+07;3.80951e+07;1.19857e+06
91;141.033;7.94281e+06;1.16821e+07;3.95523e+07;1.24442e+06
92;91.9018;7.22085e+06;1.09871e+07;4.09261e+07;1.28764e+06
93;61.7691;6.56451e+06;1.03107e+07;4.22182e+07;1.32829e+06
94;42.7499;5.96781e+06;9.65674e+06;4.34307e+07;1.36644e+06
95;30.4138;5.42535e+06;9.02785e+06;4.45663e+07;1.40217e+06
96;22.2041;4.9322e+06;8.42594e+06;4.5628e+07;1.43558e+06
97;16.6069;4.48387e+06;7.85221e+06;4.66189e+07;1.46675e+06
98;12.7036;4.07629e+06;7.30732e+06;4.75423e+07;1.4958e+06
99;9.92357;3.70575e+06;6.79147e+06;4.84017e+07;1.52284e+06
100;7.9043;3.3689e+06;6.30452e+06;4.92003e+07;1.54797e+06
101;6.4106;3.06267e+06;5.84602e+06;4.99418e+07;1.5713e+06
102;5.28682;2.78428e+06;5.41529e+06;5.06293e+07;1.59293e+06
103;4.42801;2.53119e+06;5.01151e+06;5.12661e+07;1.61296e+06
104;3.76212;2.3011e+06;4.6337e+06;5.18554e+07;1.63151e+06
105;3.23885;2.09193e+06;4.2808e+06;5.24004e+07;1.64865e+06
106;2.82255;1.90178e+06;3.95169e+06;5.29038e+07;1.66449e+06
107;2.48756;1.7289e+06;3.64522e+06;5.33685e+07;1.67911e+06
108;2.21515;1.57175e+06;3.36022e+06;5.37972e+07;1.6926e+06
109;1.99149;1.42888e+06;3.09549e+06;5.41923e+07;1.70503e+06
110;1.80622;1.29899e+06;2.84989e+06;5.45564e+07;1.71648e+06
111;1.65148;1.18091e+06;2.62228e+06;5.48915e+07;1.72703e+06
112;1.52128;1.07357e+06;2.41154e+06;5.51999e+07;1.73673e+06
113;1.41096;975981;2.21661e+06;5.54835e+07;1.74565e+06
114;1.3169;887264;2.03645e+06;5.57442e+07;1.75386e+06
115;1.23623;806612;1.87008e+06;5.59837e+07;1.76139e+06
116;1.16668;733291;1.71656e+06;5.62036e+07;1.76831e+06
117;1.10643;666635;1.575e+06;5.64055e+07;1.77466e+06
118;1.05399;606038;1.44455e+06;5.65907e+07;1.78049e+06
119;1.00817;550949;1.32441e+06;5.67606e+07;1.78583e+06
120;0.967988;500868;1.21384e+06;5.69163e+07;1.79073e+06
121;0.932623;455339;1.11213e+06;5.70591e+07;1.79523e+06
122;0.901403;413949;1.01862e+06;5.71898e+07;1.79934e+06
123;0.873763;376321;932691;5.73096e+07;1.80311e+06
124;0.849229;342113;853764;5.74193e+07;1.80656e+06
125;0.8274;311015;781300;5.75197e+07;1.80972e+06
126;0.807937;282744;714800;5.76116e+07;1.81261e+06
127;0.790548;257043;653796;5.76957e+07;1.81525e+06
128;0.774985;233677;597856;5.77725e+07;1.81767e+06
129;0.761033;212436;546577;5.78429e+07;1.81989e+06
130;0.748507;193126;499588;5.79071e+07;1.82191e+06
131;0.737246;175571;456543;5.79659e+07;1.82376e+06
132;0.72711;159611;417124;5.80196e+07;1.82545e+06
133;0.717976;145103;381035;5.80686e+07;1.82699e+06
134;0.709737;131913;348005;5.81134e+07;1.8284e+06
135;0.702298;119922;317783;5.81544e+07;1.82969e+06
136;0.695576;109021;290137;5.81917e+07;1.83086e+06
137;0.689498;99111;264853;5.82258e+07;1.83194e+06
138;0.683997;90101.8;241736;5.8257e+07;1.83292e+06
139;0.679017;81911.6;220604;5.82854e+07;1.83381e+06
140;0.674505;74465.8;201290;5.83114e+07;1.83463e+06
141;0.670416;67696.9;183643;5.8335e+07;1.83537e+06
142;0.666707;61543.2;167520;5.83566e+07;1.83605e+06
143;0.663343;55949;152794;5.83763e+07;1.83667e+06
144;0.66029;50863.2;139346;5.83943e+07;1.83724e+06
145;0.657518;46239.7;127067;5.84107e+07;1.83775e+06
146;0.655002;42036.6;115857;5.84256e+07;1.83822e+06
147;0.652716;38215.4;105625;5.84393e+07;1.83865e+06
148;0.650639;34741.7;96286.2;5.84517e+07;1.83904e+06
149;0.648752;31583.6;87764.7;5.8463e+07;1.8394e+06
150;0.647037;28712.7;79989.8;5.84733e+07;1.83972e+06
151;0.645478;26102.7;72897;5.84827e+07;1.84002e+06
152;0.64406;23730;66427.3;5.84913e+07;1.84029e+06
153;0.642771;21572.9;60526.7;5.84991e+07;1.84053e+06
154;0.641599;19611.9;55145.8;5.85062e+07;1.84076e+06
155;0.640534;17829.2;50239.4;5.85127e+07;1.84096e+06
156;0.639564;16208.5;45766;5.85186e+07;1.84115e+06
157;0.638682;14735.2;41687.9;5.8524e+07;1.84132e+06
158;0.63788;13395.8;37970.6;5.85289e+07;1.84147e+06
159;0.637151;12178.1;34582.5;5.85334e+07;1.84161e+06
160;0.636487;11071.1;31494.6;5.85374e+07;1.84174e+06
161;0.635883;10064.7;28680.7;5.85411e+07;1.84186e+06
162;0.635334;9149.85;26116.6;5.85445e+07;1.84196e+06
163;0.634834;8318.13;23780.4;5.85476e+07;1.84206e+06
164;0.634379;7562.01;21651.9;5.85504e+07;1.84215e+06
165;0.633965;6874.63;19712.9;5.85529e+07;1.84223e+06
166;0.633589;6249.72;17946.7;5.85553e+07;1.8423e+06
167;0.633246;5681.62;16337.8;5.85574e+07;1.84237e+06
168;0.632935;5165.16;14872.5;5.85593e+07;1.84243e+06
169;0.632651;4695.65;13538;5.8561e+07;1.84248e+06
170;0.632393;4268.82;12322.7;5.85626e+07;1.84253e+06
171;0.632158;3880.78;11216;5.85641e+07;1.84258e+06
172;0.631945;3528.02;10208.2;5.85654e+07;1.84262e+06
173;0.63175;3207.32;9290.67;5.85666e+07;1.84266e+06
174;0.631574;2915.78;8455.25;5.85677e+07;1.84269e+06
175;0.631413;2650.73;7694.68;5.85687e+07;1.84272e+06
176;0.631266;2409.78;7002.26;5.85696e+07;1.84275e+06
177;0.631133;2190.73;6371.94;5.85704e+07;1.84278e+06
178;0.631012;1991.59;5798.16;5.85712e+07;1.8428e+06
179;0.630902;1810.56;5275.88;5.85718e+07;1.84282e+06
180;0.630802;1645.98;4800.49;5.85725e+07;1.84284e+06
181;0.63071;1496.36;4367.81;5.8573e+07;1.84286e+06
182;0.630627;1360.34;3974.02;5.85735e+07;1.84287e+06
183;0.630552;1236.69;3615.62;5.8574e+07;1.84289e+06
184;0.630483;1124.27;3289.46;5.85744e+07;1.8429e+06
185;0.630421;1022.08;2992.65;5.85748e+07;1.84292e+06
186;0.630364;929.168;2722.55;5.85752e+07;1.84293e+06
187;0.630312;844.707;2476.76;5.85755e+07;1.84294e+06
188;0.630265;767.923;2253.12;5.85758e+07;1.84295e+06
189;0.630222;698.119;2049.62;5.8576e+07;1.84295e+06
190;0.630183;634.66;1864.46;5.85763e+07;1.84296e+06
191;0.630148;576.97;1695.99;5.85765e+07;1.84297e+06
192;0.630116;524.523;1542.71;5.85767e+07;1.84297e+06
193;0.630087;476.844;1403.26;5.85769e+07;1.84298e+06
194;0.63006;433.499;1276.39;5.85771e+07;1.84299e+06
195;0.630036;394.094;1160.97;5.85772e+07;1.84299e+06
196;0.630014;358.271;1055.97;5.85773e+07;1.84299e+06
197;0.629994;325.704;960.445;5.85775e+07;1.843e+06
198;0.629975;296.097;873.549;5.85776e+07;1.843e+06
199;0.629959;269.182;794.503;5.85777e+07;1.84301e+06
200;0.629944;244.714;722.598;5.85778e+07;1.84301e+06
201;0.62993;222.469;657.192;5.85779e+07;1.84301e+06
202;0.629917;202.247;597.697;5.85779e+07;1.84301e+06
203;0.629906;183.862;543.58;5.8578e+07;1.84302e+06
204;0.629896;167.149;494.357;5.85781e+07;1.84302e+06
205;0.629886;151.956;449.585;5.85781e+07;1.84302e+06
206;0.629878;138.143;408.864;5.85782e+07;1.84302e+06
207;0.62987;125.586;371.826;5.85782e+07;1.84302e+06
208;0.629863;114.17;338.139;5.85783e+07;1.84302e+06
209;0.629857;103.792;307.501;5.85783e+07;1.84303e+06
210;0.629851;94.3572;279.635;5.85783e+07;1.84303e+06
211;0.629846;85.7801;254.293;5.85784e+07;1.84303e+06
212;0.629841;77.9827;231.244;5.85784e+07;1.84303e+06
213;0.629836;70.8941;210.283;5.85784e+07;1.84303e+06
214;0.629832;64.4498;191.22;5.85785e+07;1.84303e+06
215;0.629829;58.5913;173.884;5.85785e+07;1.84303e+06
216;0.629825;53.2654;158.117;5.85785e+07;1.84303e+06
217;0.629822;48.4236;143.78;5.85785e+07;1.84303e+06
218;0.62982;44.0219;130.741;5.85785e+07;1.84303e+06
219;0.629817;40.0203;118.884;5.85786e+07;1.84303e+06
220;0.629815;36.3824;108.101;5.85786e+07;1.84303e+06
221;0.629813;33.0753;98.2954;5.85786e+07;1.84303e+06
222;0.629811;30.0687;89.3787;5.85786e+07;1.84303e+06
223;0.629809;27.3355;81.2703;5.85786e+07;1.84303e+06
224;0.629808;24.8507;73.897;5.85786e+07;1.84303e+06
225;0.629806;22.5918;67.1922;5.85786e+07;1.84303e+06
226;0.629805;20.5382;61.0954;5.85786e+07;1.84304e+06
227;0.629804;18.6713;55.5514;5.85786e+07;1.84304e+06
228;0.629803;16.974;50.5103;5.85786e+07;1.84304e+06
229;0.629802;15.4311;45.9263;5.85787e+07;1.84304e+06
230;0.629801;14.0284;41.7581;5.85787e+07;1.84304e+06
231;0.6298;12.7532;37.9681;5.85787e+07;1.84304e+06
232;0.6298;11.594;34.5218;5.85787e+07;1.84304e+06
233;0.629799;10.5401;31.3882;5.85787e+07;1.84304e+06
234;0.629798;9.58198;28.5389;5.85787e+07;1.84304e+06
235;0.629798;8.71098;25.9481;5.85787e+07;1.84304e+06
236;0.629797;7.91915;23.5925;5.85787e+07;1.84304e+06
237;0.629797;7.1993;21.4505;5.85787e+07;1.84304e+06
238;0.629796;6.54489;19.503;5.85787e+07;1.84304e+06
239;0.629796;5.94996;17.7322;5.85787e+07;1.84304e+06
240;0.629796;5.40911;16.1222;5.85787e+07;1.84304e+06
241;0.629795;4.91742;14.6582;5.85787e+07;1.84304e+06
242;0.629795;4.47042;13.3272;5.85787e+07;1.84304e+06
243;0.629795;4.06406;12.117;5.85787e+07;1.84304e+06
244;0.629795;3.69464;11.0166;5.85787e+07;1.84304e+06
245;0.629794;3.3588;10.0161;5.85787e+07;1.84304e+06
246;0.629794;3.05348;9.10648;5.85787e+07;1.84304e+06
247;0.629794;2.77592;8.27942;5.85787e+07;1.84304e+06
248;0.629794;2.52359;7.52746;5.85787e+07;1.84304e+06
249;0.629794;2.2942;6.84378;5.85787e+07;1.84304e+06
250;0.629794;2.08565;6.22217;5.85787e+07;1.84304e+06
251;0.629794;1.89607;5.657;5.85787e+07;1.84304e+06
252;0.629793;1.72372;5.14316;5.85787e+07;1.84304e+06
253;0.629793;1.56703;4.67598;5.85787e+07;1.84304e+06
254;0.629793;1.42459;4.25123;5.85787e+07;1.84304e+06
255;0.629793;1.29509;3.86505;5.85787e+07;1.84304e+06
256;0.629793;1.17737;3.51394;5.85787e+07;1.84304e+06
257;0.629793;1.07035;3.19472;5.85787e+07;1.84304e+06
258;0.629793;0.973051;2.9045;5.85787e+07;1.84304e+06
259;0.629793;0.884601;2.64063;5.85787e+07;1.84304e+06
260;0.629793;0.804191;2.40074;5.85787e+07;1.84304e+06
261;0.629793;0.73109;2.18263;5.85787e+07;1.84304e+06
262;0.629793;0.664634;1.98433;5.85787e+07;1.84304e+06
263;0.629793;0.604219;1.80405;5.85787e+07;1.84304e+06
264;0.629793;0.549295;1.64014;5.85787e+07;1.84304e+06
265;0.629793;0.499364;1.49112;5.85787e+07;1.84304e+06
266;0.629793;0.453972;1.35564;5.85787e+07;1.84304e+06
267;0.629793;0.412706;1.23247;5.85787e+07;1.84304e+06
268;0.629793;0.375191;1.12048;5.85787e+07;1.84304e+06
269;0.629793;0.341086;1.01867;5.85787e+07;1.84304e+06
270;0.629793;0.310082;0.926114;5.85787e+07;1.84304e+06
271;0.629793;0.281895;0.841962;5.85787e+07;1.84304e+06
272;0.629793;0.256271;0.765457;5.85787e+07;1.84304e+06
273;0.629793;0.232976;0.695902;5.85787e+07;1.84304e+06
274;0.629792;0.211798;0.632666;5.85787e+07;1.84304e+06
275;0.629792;0.192546;0.575176;5.85787e+07;1.84304e+06
276;0.629792;0.175044;0.52291;5.85787e+07;1.84304e+06
277;0.629792;0.159132;0.475392;5.85787e+07;1.84304e+06
