200;2.93485e+06;1.7647;0.8787;0.1176;0.0037
201;2.93485e+06;3.15493;0.932525;0.220935;0.00695119
202;2.93485e+06;4.51377;1.10619;0.3306;0.0104015
203;2.93485e+06;6.05556;1.38231;0.460688;0.0144944
204;2.93485e+06;7.94448;1.76509;0.623248;0.019609
205;2.93484e+06;10.3372;2.27314;0.830823;0.0261398
206;2.93484e+06;13.4089;2.93705;1.09814;0.0345504
207;2.93483e+06;17.373;3.79966;1.44354;0.0454175
208;2.93483e+06;22.499;4.91797;1.89038;0.0594763
209;2.93482e+06;29.1325;6.36658;2.46873;0.0776728
210;2.93481e+06;37.7193;8.24246;3.21744;0.101229
211;2.93479e+06;48.8359;10.6713;4.18676;0.131726
212;2.93477e+06;63.228;13.8161;5.44171;0.17121
213;2.93475e+06;81.8612;17.8876;7.06648;0.22233
214;2.93472e+06;105.985;23.159;9.17006;0.288514
215;2.93468e+06;137.218;29.9839;11.8936;0.374202
216;2.93462e+06;177.654;38.8199;15.4197;0.485143
217;2.93456e+06;230.006;50.2599;19.9849;0.628777
218;2.93447e+06;297.783;65.0708;25.8955;0.814738
219;2.93435e+06;385.529;84.2462;33.5478;1.0555
220;2.9342e+06;499.129;109.072;43.4551;1.36721
221;2.93401e+06;646.194;141.212;56.282;1.77078
222;2.93376e+06;836.58;182.822;72.8885;2.29326
223;2.93344e+06;1083.04;236.691;94.3884;2.9697
224;2.93302e+06;1402.08;306.429;122.223;3.84546
225;2.93248e+06;1815.05;396.708;158.259;4.97925
226;2.93178e+06;2349.56;513.575;204.912;6.44707
227;2.93088e+06;3041.35;664.854;265.309;8.34729
228;2.9297e+06;3936.57;860.665;343.495;10.8073
229;2.92819e+06;5094.89;1114.1;444.71;13.9917
230;2.92623e+06;6593.35;1442.09;575.728;18.1139
231;2.92369e+06;8531.39;1866.5;745.317;23.4496
232;2.92041e+06;11037.2;2415.59;964.817;30.3556
233;2.91617e+06;14275.8;3125.86;1248.89;39.2933
234;2.91069e+06;18459.2;4044.36;1616.49;50.859
235;2.90361e+06;23859.7;5231.72;2092.11;65.8232
236;2.89447e+06;30825.1;6765.96;2707.36;85.1805
237;2.8827e+06;39799;8747.26;3503.04;110.215
238;2.86753e+06;51343.8;11303.9;4531.71;142.579
239;2.84804e+06;66168;14599.9;5861.06;184.404
240;2.82304e+06;85157.2;18843.6;7578.01;238.424
241;2.79105e+06;109405;24298.7;9794.02;308.145
242;2.75027e+06;140243;31296.2;12651.5;398.05
243;2.69851e+06;179257;40248.1;16332;513.846
244;2.63319e+06;228279;51660.4;21065.2;662.764
245;2.55138e+06;289341;66144.6;27140.4;853.908
246;2.44987e+06;364543;84422.4;34919;1098.64
247;2.32547e+06;455813;107319;44847.1;1411.01
248;2.17533e+06;564513;135735;57467.8;1808.09
249;1.99768e+06;690849;170584;73430.2;2310.3
250;1.79262e+06;833115;212690;93490.9;2941.46
251;1.56313e+06;986869;262621;118503;3728.42
252;1.31598e+06;1.14431e+06;320472;149388;4700.12
253;1.06199e+06;1.29428e+06;385616;187075;5885.86
254;815259;1.42337e+06;456492;232423;7312.64
255;590926;1.51832e+06;530503;286107;9001.66
256;401850;1.56938e+06;604169;348494;10964.5
257;255319;1.57325e+06;673539;419544;13199.9
258;151450;1.53411e+06;734848;498753;15692
259;84171.7;1.46194e+06;785162;585171;18411
260;44182.8;1.36904e+06;822812;677506;21316.1
261;22163.7;1.26661e+06;847451;774268;24360.5
262;10775.4;1.16287e+06;859790;873929;27496.1
263;5152.07;1.06278e+06;861202;975040;30677.3
264;2456;968874;853345;1.07632e+06;33863.7
265;1181.11;882078;837905;1.17667e+06;37021.1
266;578.439;802500;816448;1.27521e+06;40121.3
267;290.537;729840;790360;1.37122e+06;43142.2
268;150.405;663638;760832;1.46417e+06;46066.5
269;80.5007;603383;728868;1.55364e+06;48881.6
270;44.6231;548572;695304;1.63936e+06;51578.4
271;25.6336;498725;660829;1.72113e+06;54151.1
272;15.2567;453402;626004;1.79884e+06;56596.1
273;9.40105;412193;591284;1.87246e+06;58912.3
274;5.99023;374728;557030;1.94199e+06;61100.1
275;3.94124;340668;523525;2.0075e+06;63161.1
276;2.6733;309702;490988;2.06907e+06;65098.1
277;1.86618;281551;459583;2.12681e+06;66914.8
278;1.33845;255959;429429;2.18085e+06;68615.2
279;0.984575;232692;400606;2.23135e+06;70204.1
280;0.7416;211541;373164;2.27846e+06;71686.4
281;0.571036;192312;347128;2.32235e+06;73067.1
282;0.448805;174831;322503;2.36317e+06;74351.5
283;0.359512;158939;299275;2.4011e+06;75544.7
284;0.293109;144491;277421;2.43629e+06;76652
285;0.242905;131357;256904;2.46892e+06;77678.5
286;0.204363;119417;237682;2.49913e+06;78629
287;0.174352;108562;219706;2.52708e+06;79508.5
288;0.150678;98693.6;202924;2.55292e+06;80321.4
289;0.131776;89722.4;187280;2.57678e+06;81072.2
290;0.116515;81566.7;172719;2.5988e+06;81765.1
291;0.104068;74152.3;159183;2.61912e+06;82404.2
292;0.0938195;67411.8;146614;2.63784e+06;82993.2
293;0.085308;61284.1;134958;2.65508e+06;83535.6
294;0.0781826;55713.4;124158;2.67095e+06;84035
295;0.0721739;50649;114162;2.68555e+06;84494.4
296;0.0670728;46045;104918;2.69898e+06;84916.8
297;0.0627154;41859.6;96377.1;2.71131e+06;85305
298;0.0589722;38054.5;88491.6;2.72265e+06;85661.6
299;0.0557401;34595.4;81216.7;2.73305e+06;85989
300;0.0529359;31450.7;74509.8;2.74261e+06;86289.5
301;0.0504925;28591.8;68330.7;2.75137e+06;86565.2
302;0.0483549;25992.8;62641.1;2.7594e+06;86818
303;0.0464781;23630.1;57405.5;2.76677e+06;87049.8
304;0.0448248;21482.1;52590.2;2.77352e+06;87262.2
305;0.0433639;19529.4;48163.7;2.77971e+06;87456.7
306;0.0420695;17754.2;44096.7;2.78537e+06;87634.9
307;0.0409197;16140.3;40361.6;2.79056e+06;87798.1
308;0.039896;14673.1;36932.9;2.7953e+06;87947.4
309;0.0389827;13339.4;33786.7;2.79965e+06;88084.1
310;0.0381662;12126.8;30901;2.80362e+06;88209.1
311;0.0374351;11024.5;28255;2.80725e+06;88323.4
312;0.0367794;10022.4;25829.8;2.81058e+06;88428
313;0.0361904;9111.33;23607.7;2.81361e+06;88523.6
314;0.0356607;8283.11;21572.3;2.81639e+06;88610.9
315;0.0351838;7530.18;19708.5;2.81893e+06;88690.7
316;0.0347539;6845.68;18002.3;2.82124e+06;88763.6
317;0.0343659;6223.41;16440.9;2.82336e+06;88830.2
318;0.0340156;5657.7;15012.4;2.82529e+06;88891.1
319;0.033699;5143.42;13705.6;2.82706e+06;88946.6
320;0.0334126;4675.88;12510.7;2.82867e+06;88997.3
321;0.0331534;4250.84;11418.2;2.83014e+06;89043.6
322;0.0329186;3864.44;10419.6;2.83149e+06;89085.9
323;0.0327059;3513.17;9506.94;2.83271e+06;89124.4
324;0.0325131;3193.82;8673.09;2.83383e+06;89159.6
325;0.0323383;2903.5;7911.37;2.83485e+06;89191.7
326;0.0321796;2639.57;7215.65;2.83578e+06;89221
327;0.0320356;2399.64;6580.33;2.83663e+06;89247.7
328;0.0319049;2181.51;6000.26;2.8374e+06;89272
329;0.0317862;1983.21;5470.73;2.83811e+06;89294.2
330;0.0316783;1802.94;4987.4;2.83875e+06;89314.5
331;0.0315803;1639.05;4546.32;2.83934e+06;89332.9
332;0.0314913;1490.06;4143.84;2.83987e+06;89349.7
333;0.0314104;1354.61;3776.64;2.84036e+06;89365.1
334;0.0313368;1231.48;3441.66;2.8408e+06;89379
335;0.0312699;1119.54;3136.13;2.84121e+06;89391.8
336;0.0312091;1017.77;2857.49;2.84158e+06;89403.4
337;0.0311538;925.256;2603.39;2.84191e+06;89413.9
338;0.0311035;841.151;2371.7;2.84222e+06;89423.6
339;0.0310578;764.69;2160.48;2.8425e+06;89432.3
340;0.0310161;695.18;1967.92;2.84275e+06;89440.3
341;0.0309783;631.988;1792.4;2.84298e+06;89447.6
342;0.0309439;574.54;1632.43;2.84319e+06;89454.3
343;0.0309125;522.315;1486.64;2.84339e+06;89460.3
344;0.030884;474.836;1353.79;2.84356e+06;89465.8
345;0.0308581;431.674;1232.74;2.84372e+06;89470.8
346;0.0308345;392.435;1122.45;2.84387e+06;89475.4
347;0.030813;356.762;1021.97;2.844e+06;89479.5
348;0.0307935;324.333;930.432;2.84412e+06;89483.3
349;0.0307757;294.851;847.053;2.84423e+06;89486.7
350;0.0307596;268.049;771.107;2.84433e+06;89489.9
351;0.0307449;243.683;701.938;2.84442e+06;89492.7
352;0.0307315;221.532;638.943;2.8445e+06;89495.3
353;0.0307193;201.395;581.577;2.84458e+06;89497.7
354;0.0307082;183.088;529.338;2.84464e+06;89499.8
355;0.0306981;166.446;481.772;2.84471e+06;89501.8
356;0.030689;151.316;438.463;2.84476e+06;89503.6
357;0.0306806;137.561;399.032;2.84481e+06;89505.2
358;0.030673;125.057;363.134;2.84486e+06;89506.7
359;0.0306661;113.689;330.454;2.8449e+06;89508
360;0.0306598;103.355;300.704;2.84494e+06;89509.3
361;0.0306541;93.9599;273.623;2.84498e+06;89510.4
362;0.0306489;85.4189;248.974;2.84501e+06;89511.4
363;0.0306442;77.6544;226.538;2.84504e+06;89512.3
364;0.0306399;70.5956;206.118;2.84507e+06;89513.1
365;0.030636;64.1785;187.533;2.84509e+06;89513.9
366;0.0306324;58.3446;170.619;2.84511e+06;89514.6
367;0.0306292;53.0411;155.226;2.84513e+06;89515.2
368;0.0306262;48.2197;141.219;2.84515e+06;89515.8
369;0.0306235;43.8365;128.472;2.84517e+06;89516.3
370;0.0306211;39.8518;116.873;2.84518e+06;89516.8
371;0.0306189;36.2293;106.319;2.8452e+06;89517.2
372;0.0306168;32.936;96.7157;2.84521e+06;89517.6
373;0.030615;29.9421;87.978;2.84522e+06;89518
374;0.0306133;27.2204;80.028;2.84523e+06;89518.3
375;0.0306118;24.7461;72.7949;2.84524e+06;89518.6
376;0.0306104;22.4966;66.2143;2.84525e+06;89518.9
377;0.0306092;20.4517;60.2275;2.84526e+06;89519.1
378;0.030608;18.5926;54.7809;2.84526e+06;89519.3
379;0.030607;16.9026;49.8261;2.84527e+06;89519.5
380;0.0306061;15.3661;45.3186;2.84528e+06;89519.7
381;0.0306052;13.9694;41.2183;2.84528e+06;89519.9
382;0.0306044;12.6995;37.4883;2.84529e+06;89520
383;0.0306037;11.5452;34.0954;2.84529e+06;89520.2
384;0.0306031;10.4957;31.009;2.84529e+06;89520.3
385;0.0306025;9.54164;28.2017;2.8453e+06;89520.4
386;0.0306019;8.6743;25.6482;2.8453e+06;89520.5
387;0.0306014;7.88581;23.3255;2.8453e+06;89520.6
388;0.030601;7.16899;21.213;2.84531e+06;89520.7
389;0.0306006;6.51733;19.2915;2.84531e+06;89520.8
390;0.0306002;5.9249;17.5439;2.84531e+06;89520.9
391;0.0305999;5.38633;15.9544;2.84531e+06;89520.9
392;0.0305996;4.89671;14.5087;2.84532e+06;89521
393;0.0305993;4.4516;13.1939;2.84532e+06;89521
394;0.0305991;4.04695;11.9982;2.84532e+06;89521.1
395;0.0305988;3.67908;10.9106;2.84532e+06;89521.1
396;0.0305986;3.34466;9.92161;2.84532e+06;89521.2
397;0.0305984;3.04063;9.02215;2.84532e+06;89521.2
398;0.0305983;2.76423;8.20416;2.84532e+06;89521.2
399;0.0305981;2.51297;7.46026;2.84532e+06;89521.3
400;0.030598;2.28454;6.78376;2.84533e+06;89521.3
401;0.0305978;2.07687;6.16856;2.84533e+06;89521.3
402;0.0305977;1.88809;5.6091;2.84533e+06;89521.3
403;0.0305976;1.71646;5.10034;2.84533e+06;89521.4
404;0.0305975;1.56043;4.6377;2.84533e+06;89521.4
405;0.0305974;1.41859;4.21699;2.84533e+06;89521.4
406;0.0305974;1.28964;3.83442;2.84533e+06;89521.4
407;0.0305973;1.17241;3.48653;2.84533e+06;89521.4
408;0.0305972;1.06584;3.17019;2.84533e+06;89521.4
409;0.0305972;0.968955;2.88253;2.84533e+06;89521.5
410;0.0305971;0.880877;2.62095;2.84533e+06;89521.5
411;0.0305971;0.800805;2.3831;2.84533e+06;89521.5
412;0.030597;0.728012;2.16683;2.84533e+06;89521.5
413;0.030597;0.661836;1.97017;2.84533e+06;89521.5
414;0.0305969;0.601675;1.79135;2.84533e+06;89521.5
415;0.0305969;0.546983;1.62875;2.84533e+06;89521.5
416;0.0305969;0.497262;1.4809;2.84533e+06;89521.5
417;0.0305968;0.452061;1.34647;2.84533e+06;89521.5
418;0.0305968;0.410969;1.22424;2.84533e+06;89521.5
419;0.0305968;0.373612;1.11309;2.84533e+06;89521.5
420;0.0305968;0.33965;1.01204;2.84533e+06;89521.5
421;0.0305968;0.308776;0.92015;2.84533e+06;89521.5
422;0.0305967;0.280708;0.836604;2.84533e+06;89521.5
423;0.0305967;0.255192;0.76064;2.84533e+06;89521.5
424;0.0305967;0.231995;0.691571;2.84533e+06;89521.5
425;0.0305967;0.210907;0.628772;2.84533e+06;89521.5
426;0.0305967;0.191735;0.571673;2.84533e+06;89521.6
427;0.0305967;0.174307;0.519758;2.84533e+06;89521.6
428;0.0305967;0.158462;0.472556;2.84533e+06;89521.6
