174;1.26529e+08;1.7647;0.8787;0.1176;0.0037
175;1.26529e+08;3.15493;0.932525;0.220935;0.00695119
176;1.26529e+08;4.51377;1.10619;0.3306;0.0104015
177;1.26529e+08;6.05557;1.38231;0.460688;0.0144944
178;1.26529e+08;7.94449;1.76509;0.623248;0.019609
179;1.26529e+08;10.3372;2.27314;0.830823;0.0261398
180;1.26529e+08;13.4089;2.93706;1.09814;0.0345505
181;1.26529e+08;17.3731;3.79967;1.44354;0.0454176
182;1.26529e+08;22.4992;4.91798;1.89038;0.0594763
183;1.26529e+08;29.1327;6.3666;2.46874;0.0776729
184;1.26529e+08;37.7197;8.2425;3.21745;0.101229
185;1.26529e+08;48.8365;10.6714;4.18677;0.131727
186;1.26529e+08;63.2291;13.8162;5.44173;0.171211
187;1.26529e+08;81.863;17.8878;7.06651;0.222331
188;1.26529e+08;105.988;23.1594;9.17012;0.288516
189;1.26529e+08;137.223;29.9845;11.8937;0.374205
190;1.26529e+08;177.663;38.821;15.4198;0.485148
191;1.26529e+08;230.021;50.2616;19.9852;0.628786
192;1.26529e+08;297.808;65.0737;25.8959;0.814753
193;1.26529e+08;385.573;84.2511;33.5486;1.05553
194;1.26528e+08;499.202;109.08;43.4565;1.36726
195;1.26528e+08;646.317;141.226;56.2843;1.77085
196;1.26528e+08;836.786;182.845;72.8925;2.29339
197;1.26528e+08;1083.39;236.73;94.3951;2.96992
198;1.26527e+08;1402.66;306.495;122.235;3.84582
199;1.26527e+08;1816.02;396.819;158.278;4.97985
200;1.26526e+08;2351.2;513.761;204.944;6.44808
201;1.26525e+08;3044.09;665.166;265.363;8.34899
202;1.26524e+08;3941.16;861.188;343.586;10.8101
203;1.26522e+08;5102.59;1114.98;444.862;13.9965
204;1.2652e+08;6606.26;1443.56;575.983;18.1219
205;1.26518e+08;8553.02;1868.96;745.745;23.4631
206;1.26515e+08;11073.4;2419.73;965.535;30.3782
207;1.2651e+08;14336.4;3132.79;1250.09;39.3312
208;1.26505e+08;18560.9;4055.96;1618.51;50.9225
209;1.26498e+08;24029.9;5251.16;2095.49;65.9296
210;1.26488e+08;31110;6798.51;2713.03;85.3589
211;1.26476e+08;40275.6;8801.74;3512.53;110.513
212;1.26461e+08;52140.5;11395.1;4547.62;143.08
213;1.26441e+08;67499.1;14752.5;5887.69;185.242
214;1.26415e+08;87379;19098.7;7622.58;239.826
215;1.26381e+08;113109;24724.8;9868.58;310.491
216;1.26338e+08;146408;32007.3;12776.2;401.973
217;1.26281e+08;189498;41433.3;16540.3;520.4
218;1.26208e+08;245247;53632.8;21412.8;673.703
219;1.26114e+08;317360;69420.1;27720;872.144
220;1.25992e+08;410616;89847.5;35883.8;1129
221;1.25834e+08;531173;116274;46449.9;1461.43
222;1.2563e+08;686953;150454;60123.7;1891.65
223;1.25366e+08;888131;194648;77817.1;2448.33
224;1.25026e+08;1.14774e+06;251768;100708;3168.52
225;1.24587e+08;1.48244e+06;325558;130316;4100.06
226;1.24021e+08;1.9134e+06;420822;168601;5304.63
227;1.23293e+08;2.4674e+06;543704;218090;6861.67
228;1.22358e+08;3.1781e+06;702040;282029;8873.38
229;1.2116e+08;4.08735e+06;905772;364589;11470.9
230;1.19629e+08;5.24653e+06;1.16744e+06;471108;14822.3
231;1.17681e+08;6.71769e+06;1.50274e+06;608399;19141.8
232;1.15214e+08;8.57387e+06;1.9311e+06;785122;24702
233;1.12111e+08;1.08982e+07;2.47622e+06;1.01222e+06;31847
234;1.08238e+08;1.37803e+07;3.1665e+06;1.30342e+06;41009
235;1.03456e+08;1.73094e+07;4.03504e+06;1.6758e+06;52725.1
236;9.76316e+07;2.15605e+07;5.11901e+06;2.15032e+06;67654.7
237;9.06575e+07;2.65748e+07;6.45792e+06;2.75232e+06;86595
238;8.24865e+07;3.23301e+07;8.09023e+06;3.51177e+06;110489
239;7.3171e+07;3.87068e+07;1.00477e+07;4.46318e+06;140423
240;6.29058e+07;4.54535e+07;1.23474e+07;5.64479e+06;177600
241;5.20577e+07;5.21699e+07;1.49813e+07;7.09684e+06;223285
242;4.11613e+07;5.83241e+07;1.79064e+07;8.85864e+06;278716
243;3.0859e+07;6.33247e+07;2.1036e+07;1.09644e+07;344969
244;2.17806e+07;6.66469e+07;2.42405e+07;1.34383e+07;422802
245;1.43923e+07;6.7977e+07;2.73584e+07;1.62889e+07;512492
246;8.87831e+06;6.73119e+07;3.02189e+07;1.95063e+07;613718
247;5.1182e+06;6.49533e+07;3.2672e+07;2.306e+07;725528
248;2.77251e+06;6.13948e+07;3.46131e+07;2.69023e+07;846415
249;1.42507e+06;5.71614e+07;3.59954e+07;3.09728e+07;974483
250;704093;5.26864e+07;3.68251e+07;3.52058e+07;1.10767e+06
251;339278;4.8262e+07;3.71474e+07;3.95365e+07;1.24392e+06
252;161755;4.40525e+07;3.70284e+07;4.3905e+07;1.38136e+06
253;77296.8;4.01326e+07;3.65413e+07;4.82595e+07;1.51837e+06
254;37424.8;3.65244e+07;3.57569e+07;5.25568e+07;1.65357e+06
255;18513.9;3.32233e+07;3.47396e+07;5.67618e+07;1.78587e+06
256;9415.24;3.02124e+07;3.35457e+07;6.08472e+07;1.91441e+06
257;4942.54;2.74706e+07;3.22229e+07;6.47922e+07;2.03853e+06
258;2684.92;2.49757e+07;3.08114e+07;6.85816e+07;2.15775e+06
259;1511.13;2.27066e+07;2.93442e+07;7.2205e+07;2.27176e+06
260;881.371;2.06432e+07;2.78488e+07;7.56559e+07;2.38033e+06
261;532.477;1.87671e+07;2.63472e+07;7.89309e+07;2.48337e+06
262;332.893;1.70614e+07;2.48572e+07;8.20293e+07;2.58085e+06
263;215.082;1.55106e+07;2.33929e+07;8.49525e+07;2.67283e+06
264;143.395;1.41008e+07;2.19653e+07;8.77035e+07;2.75938e+06
265;98.4864;1.2819e+07;2.05826e+07;9.02867e+07;2.84065e+06
266;69.565;1.16538e+07;1.92512e+07;9.27072e+07;2.91681e+06
267;50.4463;1.05945e+07;1.79754e+07;9.49711e+07;2.98804e+06
268;37.4934;9.63148e+06;1.6758e+07;9.7085e+07;3.05455e+06
269;28.5135;8.75599e+06;1.56008e+07;9.90558e+07;3.11655e+06
270;22.1528;7.96008e+06;1.45043e+07;1.0089e+08;3.17427e+06
271;17.5561;7.23651e+06;1.34685e+07;1.02596e+08;3.22794e+06
272;14.172;6.57872e+06;1.24926e+07;1.0418e+08;3.27777e+06
273;11.6371;5.98071e+06;1.15752e+07;1.05649e+08;3.324e+06
274;9.7077;5.43707e+06;1.07148e+07;1.0701e+08;3.36682e+06
275;8.21733;4.94284e+06;9.90933e+06;1.0827e+08;3.40647e+06
276;7.05023;4.49354e+06;9.15663e+06;1.09436e+08;3.44313e+06
277;6.12468;4.08508e+06;8.4544e+06;1.10513e+08;3.47701e+06
278;5.38209;3.71374e+06;7.80021e+06;1.11507e+08;3.50829e+06
279;4.77988;3.37616e+06;7.19162e+06;1.12424e+08;3.53715e+06
280;4.28666;3.06927e+06;6.62617e+06;1.1327e+08;3.56376e+06
281;3.87903;2.79028e+06;6.10142e+06;1.14049e+08;3.58828e+06
282;3.5393;2.53664e+06;5.61495e+06;1.14767e+08;3.61086e+06
283;3.25399;2.30606e+06;5.16444e+06;1.15427e+08;3.63163e+06
284;3.01269;2.09644e+06;4.74761e+06;1.16034e+08;3.65074e+06
285;2.80727;1.90587e+06;4.36229e+06;1.16593e+08;3.66831e+06
286;2.63138;1.73263e+06;4.00639e+06;1.17106e+08;3.68445e+06
287;2.47993;1.57513e+06;3.67791e+06;1.17577e+08;3.69927e+06
288;2.34889;1.43195e+06;3.37496e+06;1.18009e+08;3.71288e+06
289;2.23499;1.30179e+06;3.09574e+06;1.18406e+08;3.72537e+06
290;2.13556;1.18346e+06;2.83856e+06;1.1877e+08;3.73682e+06
291;2.04844;1.07588e+06;2.60182e+06;1.19104e+08;3.74732e+06
292;1.97184;978083;2.38402e+06;1.1941e+08;3.75695e+06
293;1.90427;889175;2.18374e+06;1.1969e+08;3.76577e+06
294;1.84449;808349;1.99968e+06;1.19947e+08;3.77385e+06
295;1.79147;734871;1.8306e+06;1.20182e+08;3.78125e+06
296;1.74432;668071;1.67535e+06;1.20398e+08;3.78802e+06
297;1.70231;607343;1.53286e+06;1.20595e+08;3.79422e+06
298;1.66479;552136;1.40213e+06;1.20775e+08;3.79989e+06
299;1.63123;501947;1.28224e+06;1.2094e+08;3.80508e+06
300;1.60115;456320;1.17233e+06;1.21091e+08;3.80982e+06
301;1.57416;414840;1.07161e+06;1.21228e+08;3.81416e+06
302;1.5499;377131;979329;1.21355e+08;3.81813e+06
303;1.52807;342850;894818;1.2147e+08;3.82175e+06
304;1.50841;311685;817441;1.21575e+08;3.82506e+06
305;1.49067;283353;746618;1.21671e+08;3.82809e+06
306;1.47467;257596;681810;1.21759e+08;3.83085e+06
307;1.46021;234181;622522;1.21839e+08;3.83337e+06
308;1.44713;212894;568297;1.21912e+08;3.83567e+06
309;1.4353;193542;518715;1.21979e+08;3.83778e+06
310;1.42459;175949;473387;1.2204e+08;3.8397e+06
311;1.41489;159955;431959;1.22096e+08;3.84145e+06
312;1.4061;145415;394103;1.22147e+08;3.84305e+06
313;1.39813;132197;359516;1.22193e+08;3.8445e+06
314;1.3909;120180;327923;1.22235e+08;3.84583e+06
315;1.38434;109256;299071;1.22274e+08;3.84705e+06
316;1.37839;99324.5;272725;1.22309e+08;3.84815e+06
317;1.37298;90295.9;248672;1.22341e+08;3.84916e+06
318;1.36807;82088;226716;1.2237e+08;3.85008e+06
319;1.36361;74626.2;206677;1.22397e+08;3.85092e+06
320;1.35955;67842.7;188391;1.22421e+08;3.85169e+06
321;1.35587;61675.8;171706;1.22443e+08;3.85238e+06
322;1.35252;56069.5;156484;1.22464e+08;3.85302e+06
323;1.34947;50972.7;142599;1.22482e+08;3.8536e+06
324;1.34671;46339.3;129935;1.22499e+08;3.85413e+06
325;1.34419;42127.1;118387;1.22514e+08;3.85461e+06
326;1.3419;38297.7;107856;1.22528e+08;3.85504e+06
327;1.33982;34816.5;98254;1.22541e+08;3.85544e+06
328;1.33792;31651.7;89500.6;1.22552e+08;3.85581e+06
329;1.3362;28774.5;81521.3;1.22563e+08;3.85614e+06
330;1.33463;26158.9;74248.4;1.22572e+08;3.85644e+06
331;1.33321;23781.1;67619.9;1.22581e+08;3.85671e+06
332;1.33191;21619.4;61579.3;1.22589e+08;3.85696e+06
333;1.33073;19654.2;56074.9;1.22596e+08;3.85719e+06
334;1.32966;17867.6;51059.6;1.22603e+08;3.8574e+06
335;1.32868;16243.4;46490.2;1.22609e+08;3.85759e+06
336;1.32779;14766.9;42327.5;1.22614e+08;3.85776e+06
337;1.32699;13424.6;38535.5;1.22619e+08;3.85792e+06
338;1.32625;12204.3;35081.4;1.22624e+08;3.85806e+06
339;1.32558;11094.9;31935.4;1.22628e+08;3.85819e+06
340;1.32497;10086.4;29070.2;1.22632e+08;3.85831e+06
341;1.32442;9169.56;26460.8;1.22635e+08;3.85842e+06
342;1.32391;8336.04;24084.6;1.22638e+08;3.85851e+06
343;1.32345;7578.3;21920.9;1.22641e+08;3.8586e+06
344;1.32304;6889.43;19950.8;1.22644e+08;3.85868e+06
345;1.32266;6263.18;18157;1.22646e+08;3.85876e+06
346;1.32231;5693.86;16523.9;1.22648e+08;3.85882e+06
347;1.322;5176.29;15037.1;1.2265e+08;3.85889e+06
348;1.32171;4705.76;13683.6;1.22652e+08;3.85894e+06
349;1.32145;4278.01;12451.6;1.22653e+08;3.85899e+06
350;1.32121;3889.14;11330.1;1.22655e+08;3.85904e+06
351;1.321;3535.62;10309.2;1.22656e+08;3.85908e+06
352;1.3208;3214.23;9380.12;1.22657e+08;3.85912e+06
353;1.32063;2922.06;8534.49;1.22658e+08;3.85915e+06
354;1.32046;2656.44;7764.87;1.22659e+08;3.85918e+06
355;1.32032;2414.97;7064.46;1.2266e+08;3.85921e+06
356;1.32018;2195.45;6427.06;1.22661e+08;3.85924e+06
357;1.32006;1995.88;5847.03;1.22662e+08;3.85926e+06
358;1.31995;1814.46;5319.21;1.22663e+08;3.85929e+06
359;1.31985;1649.52;4838.92;1.22663e+08;3.8593e+06
360;1.31976;1499.58;4401.9;1.22664e+08;3.85932e+06
361;1.31967;1363.27;4004.26;1.22664e+08;3.85934e+06
362;1.3196;1239.35;3642.47;1.22665e+08;3.85935e+06
363;1.31953;1126.69;3313.29;1.22665e+08;3.85937e+06
364;1.31946;1024.28;3013.81;1.22666e+08;3.85938e+06
365;1.31941;931.17;2741.34;1.22666e+08;3.85939e+06
366;1.31935;846.526;2493.46;1.22666e+08;3.8594e+06
367;1.31931;769.577;2267.95;1.22667e+08;3.85941e+06
368;1.31926;699.623;2062.8;1.22667e+08;3.85942e+06
369;1.31923;636.027;1876.18;1.22667e+08;3.85943e+06
370;1.31919;578.212;1706.41;1.22667e+08;3.85943e+06
371;1.31916;525.653;1551.99;1.22668e+08;3.85944e+06
372;1.31913;477.871;1411.51;1.22668e+08;3.85944e+06
373;1.3191;434.432;1283.73;1.22668e+08;3.85945e+06
374;1.31908;394.943;1167.51;1.22668e+08;3.85945e+06
375;1.31905;359.042;1061.79;1.22668e+08;3.85946e+06
376;1.31903;326.405;965.631;1.22668e+08;3.85946e+06
377;1.31902;296.735;878.17;1.22668e+08;3.85947e+06
378;1.319;269.762;798.621;1.22669e+08;3.85947e+06
379;1.31898;245.241;726.27;1.22669e+08;3.85947e+06
380;1.31897;222.948;660.466;1.22669e+08;3.85948e+06
381;1.31896;202.682;600.617;1.22669e+08;3.85948e+06
382;1.31895;184.258;546.186;1.22669e+08;3.85948e+06
383;1.31894;167.509;496.683;1.22669e+08;3.85948e+06
384;1.31893;152.283;451.662;1.22669e+08;3.85948e+06
385;1.31892;138.44;410.718;1.22669e+08;3.85949e+06
386;1.31891;125.856;373.482;1.22669e+08;3.85949e+06
387;1.3189;114.416;339.619;1.22669e+08;3.85949e+06
388;1.3189;104.015;308.823;1.22669e+08;3.85949e+06
389;1.31889;94.5604;280.818;1.22669e+08;3.85949e+06
390;1.31889;85.9648;255.35;1.22669e+08;3.85949e+06
391;1.31888;78.1506;232.191;1.22669e+08;3.85949e+06
392;1.31888;71.0468;211.13;1.22669e+08;3.85949e+06
393;1.31887;64.5886;191.978;1.22669e+08;3.85949e+06
394;1.31887;58.7175;174.562;1.22669e+08;3.8595e+06
395;1.31887;53.3801;158.725;1.22669e+08;3.8595e+06
396;1.31886;48.5278;144.324;1.22669e+08;3.8595e+06
397;1.31886;44.1167;131.229;1.22669e+08;3.8595e+06
398;1.31886;40.1065;119.321;1.22669e+08;3.8595e+06
399;1.31885;36.4608;108.493;1.22669e+08;3.8595e+06
400;1.31885;33.1465;98.647;1.22669e+08;3.8595e+06
401;1.31885;30.1335;89.6942;1.22669e+08;3.8595e+06
402;1.31885;27.3944;81.5534;1.22669e+08;3.8595e+06
403;1.31885;24.9042;74.1511;1.2267e+08;3.8595e+06
404;1.31885;22.6404;67.4204;1.2267e+08;3.8595e+06
405;1.31884;20.5824;61.3003;1.2267e+08;3.8595e+06
406;1.31884;18.7115;55.7355;1.2267e+08;3.8595e+06
407;1.31884;17.0106;50.6757;1.2267e+08;3.8595e+06
408;1.31884;15.4643;46.075;1.2267e+08;3.8595e+06
409;1.31884;14.0586;41.8918;1.2267e+08;3.8595e+06
410;1.31884;12.7807;38.0882;1.2267e+08;3.8595e+06
411;1.31884;11.6189;34.6299;1.2267e+08;3.8595e+06
412;1.31884;10.5628;31.4855;1.2267e+08;3.8595e+06
413;1.31884;9.60262;28.6264;1.2267e+08;3.8595e+06
414;1.31884;8.72974;26.0269;1.2267e+08;3.8595e+06
415;1.31884;7.93621;23.6634;1.2267e+08;3.8595e+06
416;1.31884;7.21481;21.5144;1.2267e+08;3.8595e+06
417;1.31884;6.55898;19.5605;1.2267e+08;3.8595e+06
418;1.31884;5.96277;17.7841;1.2267e+08;3.8595e+06
419;1.31884;5.42075;16.1689;1.2267e+08;3.8595e+06
420;1.31884;4.92801;14.7003;1.2267e+08;3.8595e+06
421;1.31883;4.48005;13.3651;1.2267e+08;3.8595e+06
422;1.31883;4.07282;12.1512;1.2267e+08;3.8595e+06
423;1.31883;3.7026;11.0475;1.2267e+08;3.8595e+06
424;1.31883;3.36603;10.044;1.2267e+08;3.8595e+06
425;1.31883;3.06006;9.13161;1.2267e+08;3.8595e+06
426;1.31883;2.7819;8.30211;1.2267e+08;3.8595e+06
427;1.31883;2.52903;7.54794;1.2267e+08;3.8595e+06
428;1.31883;2.29914;6.86226;1.2267e+08;3.8595e+06
429;1.31883;2.09015;6.23886;1.2267e+08;3.8595e+06
430;1.31883;1.90015;5.67208;1.2267e+08;3.8595e+06
431;1.31883;1.72743;5.15678;1.2267e+08;3.8595e+06
432;1.31883;1.5704;4.68829;1.2267e+08;3.8595e+06
433;1.31883;1.42766;4.26235;1.2267e+08;3.8595e+06
434;1.31883;1.29788;3.8751;1.2267e+08;3.8595e+06
435;1.31883;1.1799;3.52303;1.2267e+08;3.8595e+06
436;1.31883;1.07265;3.20294;1.2267e+08;3.8595e+06
437;1.31883;0.975147;2.91192;1.2267e+08;3.8595e+06
438;1.31883;0.886506;2.64735;1.2267e+08;3.8595e+06
439;1.31883;0.805923;2.40681;1.2267e+08;3.8595e+06
440;1.31883;0.732664;2.18812;1.2267e+08;3.8595e+06
441;1.31883;0.666065;1.9893;1.2267e+08;3.8595e+06
442;1.31883;0.60552;1.80854;1.2267e+08;3.8595e+06
443;1.31883;0.550478;1.64421;1.2267e+08;3.8595e+06
444;1.31883;0.50044;1.49481;1.2267e+08;3.8595e+06
445;1.31883;0.45495;1.35898;1.2267e+08;3.8595e+06
446;1.31883;0.413595;1.23549;1.2267e+08;3.8595e+06
447;1.31883;0.375999;1.12322;1.2267e+08;3.8595e+06
448;1.31883;0.341821;1.02115;1.2267e+08;3.8595e+06
449;1.31883;0.310749;0.928356;1.2267e+08;3.8595e+06
450;1.31883;0.282502;0.843994;1.2267e+08;3.8595e+06
451;1.31883;0.256823;0.767297;1.2267e+08;3.8595e+06
452;1.31883;0.233478;0.697569;1.2267e+08;3.8595e+06
453;1.31883;0.212255;0.634177;1.2267e+08;3.8595e+06
454;1.31883;0.192961;0.576545;1.2267e+08;3.8595e+06
455;1.31883;0.175421;0.52415;1.2267e+08;3.8595e+06
456;1.31883;0.159475;0.476517;1.2267e+08;3.8595e+06
