201;9.95601e+06;1.7647;0.8787;0.1176;0.0037
202;9.95601e+06;3.15493;0.932525;0.220935;0.00695119
203;9.95601e+06;4.51377;1.10619;0.3306;0.0104015
204;9.956e+06;6.05557;1.38231;0.460688;0.0144944
205;9.956e+06;7.94448;1.76509;0.623248;0.019609
206;9.956e+06;10.3372;2.27314;0.830823;0.0261398
207;9.95599e+06;13.4089;2.93706;1.09814;0.0345505
208;9.95599e+06;17.3731;3.79966;1.44354;0.0454176
209;9.95598e+06;22.4991;4.91798;1.89038;0.0594763
210;9.95597e+06;29.1327;6.3666;2.46874;0.0776728
211;9.95596e+06;37.7196;8.24249;3.21745;0.101229
212;9.95595e+06;48.8363;10.6714;4.18677;0.131726
213;9.95593e+06;63.2288;13.8162;5.44172;0.171211
214;9.9559e+06;81.8625;17.8878;7.0665;0.22233
215;9.95587e+06;105.987;23.1593;9.1701;0.288515
216;9.95583e+06;137.222;29.9843;11.8936;0.374205
217;9.95578e+06;177.661;38.8207;15.4198;0.485146
218;9.95571e+06;230.017;50.2611;19.9851;0.628783
219;9.95562e+06;297.801;65.0729;25.8958;0.814749
220;9.95551e+06;385.561;84.2497;33.5484;1.05552
221;9.95536e+06;499.181;109.078;43.4561;1.36724
222;9.95517e+06;646.282;141.222;56.2837;1.77083
223;9.95492e+06;836.729;182.839;72.8914;2.29335
224;9.95459e+06;1083.29;236.719;94.3933;2.96986
225;9.95418e+06;1402.5;306.476;122.231;3.84572
226;9.95364e+06;1815.75;396.788;158.273;4.97968
227;9.95294e+06;2350.74;513.709;204.935;6.4478
228;9.95203e+06;3043.32;665.079;265.348;8.34852
229;9.95086e+06;3939.88;861.043;343.561;10.8093
230;9.94934e+06;5100.44;1114.73;444.819;13.9952
231;9.94737e+06;6602.67;1443.15;575.912;18.1197
232;9.94483e+06;8547;1868.28;745.626;23.4593
233;9.94153e+06;11063.3;2418.58;965.335;30.3719
234;9.93727e+06;14319.5;3130.86;1249.76;39.3207
235;9.93176e+06;18532.5;4052.73;1617.95;50.9049
236;9.92462e+06;23982.4;5245.74;2094.55;65.9
237;9.9154e+06;31030.4;6789.43;2711.45;85.3092
238;9.90346e+06;40142.3;8786.54;3509.89;110.43
239;9.88804e+06;51917.3;11369.7;4543.18;142.94
240;9.86811e+06;67125.3;14709.8;5880.26;185.008
241;9.84238e+06;86753.3;19027.2;7610.13;239.434
242;9.80919e+06;112062;24605.1;9847.73;309.835
243;9.76641e+06;144657;31806.9;12741.3;400.874
244;9.71134e+06;186571;41098.1;16481.8;518.559
245;9.6406e+06;240359;53072.2;21314.9;670.622
246;9.5499e+06;309205;68483.1;27556.2;866.989
247;9.43397e+06;397031;88282.9;35609.8;1120.38
248;9.28633e+06;508581;113664;45991.9;1447.02
249;9.09921e+06;649470;146107;59358.8;1867.58
250;8.86352e+06;826122;187421;76541;2408.18
251;8.569e+06;1.04555e+06;239781;98581.7;3101.63
252;8.20469e+06;1.31481e+06;305736;126780;3988.83
253;7.75989e+06;1.6401e+06;388167;162735;5120.05
254;7.22572e+06;2.02519e+06;490167;208383;6556.27
255;6.59752e+06;2.4693e+06;614799;266027;8369.88
256;5.87797e+06;2.96439e+06;764683;338327;10644.6
257;5.08042e+06;3.49248e+06;941390;428254;13474
258;4.23154e+06;4.02388e+06;1.14467e+06;538961;16957.1
259;3.37154e+06;4.51812e+06;1.37159e+06;673574;21192.4
260;2.55012e+06;4.92884e+06;1.61591e+06;834873;26267.3
261;1.81779e+06;5.21314e+06;1.86793e+06;1.0249e+06;32246.1
262;1.21398e+06;5.34307e+06;2.11523e+06;1.24457e+06;39157.5
263;757034;5.31433e+06;2.34434e+06;1.49332e+06;46983.8
264;440970;5.14732e+06;2.54304e+06;1.76902e+06;55657.9
265;241085;4.87932e+06;2.70246e+06;2.06808e+06;65067.1
266;124843;4.55203e+06;2.81818e+06;2.38589e+06;75066.2
267;62007.6;4.20109e+06;2.89012e+06;2.71731e+06;85493.5
268;29967.7;3.85125e+06;2.92142e+06;3.05718e+06;96186.9
269;14298.5;3.51684e+06;2.91713e+06;3.40074e+06;106996
270;6824.98;3.20463e+06;2.88297e+06;3.7438e+06;117790
271;3295.63;2.91686e+06;2.82456e+06;4.08284e+06;128457
272;1624.1;2.65339e+06;2.74709e+06;4.415e+06;138907
273;822.106;2.413e+06;2.65506e+06;4.73806e+06;149072
274;429.336;2.19405e+06;2.55234e+06;5.0503e+06;158895
275;231.954;1.99481e+06;2.44218e+06;5.35045e+06;168339
276;129.82;1.81358e+06;2.32727e+06;5.63765e+06;177375
277;75.297;1.64878e+06;2.20983e+06;5.91134e+06;185986
278;45.2425;1.49894e+06;2.09165e+06;6.17122e+06;194162
279;28.1355;1.3627e+06;1.97419e+06;6.41719e+06;201902
280;18.0865;1.23884e+06;1.85859e+06;6.64936e+06;209206
281;12.0003;1.12624e+06;1.74575e+06;6.86793e+06;216083
282;8.20462;1.02387e+06;1.63637e+06;7.07323e+06;222542
283;5.77051;930799;1.53094e+06;7.26567e+06;228597
284;4.16783;846191;1.42985e+06;7.4457e+06;234261
285;3.08608;769273;1.33333e+06;7.61385e+06;239552
286;2.33876;699347;1.24152e+06;7.77065e+06;244485
287;1.81114;635777;1.1545e+06;7.91666e+06;249079
288;1.43101;577985;1.07225e+06;8.05243e+06;253350
289;1.15194;525446;994723;8.17852e+06;257317
290;0.943448;477684;921827;8.2955e+06;260998
291;0.785145;434262;853430;8.40391e+06;264409
292;0.663136;394788;789384;8.50427e+06;267566
293;0.567789;358902;729518;8.5971e+06;270487
294;0.49232;326278;673651;8.6829e+06;273186
295;0.431877;296619;621596;8.76212e+06;275679
296;0.382938;269657;573159;8.83522e+06;277979
297;0.342918;245145;528147;8.90262e+06;280099
298;0.309887;222861;486366;8.96473e+06;282054
299;0.282393;202603;447628;9.02193e+06;283853
300;0.25933;184187;411747;9.07457e+06;285509
301;0.239845;167444;378545;9.12299e+06;287033
302;0.223274;152223;347848;9.16751e+06;288433
303;0.209097;138386;319491;9.20841e+06;289720
304;0.196901;125807;293316;9.24598e+06;290903
305;0.186356;114371;269173;9.28048e+06;291988
306;0.177197;103975;246919;9.31213e+06;292984
307;0.169206;94523.5;226419;9.34117e+06;293897
308;0.162209;85931.3;207546;9.3678e+06;294735
309;0.15606;78120.2;190182;9.39221e+06;295503
310;0.150638;71019;174214;9.41457e+06;296207
311;0.145844;64563.4;159538;9.43506e+06;296851
312;0.141593;58694.6;146054;9.45382e+06;297442
313;0.137815;53359.3;133673;9.471e+06;297982
314;0.134449;48508.9;122309;9.48672e+06;298477
315;0.131444;44099.5;111883;9.5011e+06;298929
316;0.128756;40090.8;102320;9.51426e+06;299343
317;0.126349;36446.6;93552.7;9.52629e+06;299722
318;0.124189;33133.6;85517.7;9.53729e+06;300068
319;0.122248;30121.7;78156.3;9.54735e+06;300384
320;0.120502;27383.7;71414;9.55654e+06;300673
321;0.118929;24894.5;65240.6;9.56494e+06;300938
322;0.117511;22631.6;59589.9;9.57261e+06;301179
323;0.116231;20574.4;54418.8;9.57962e+06;301400
324;0.115075;18704.2;49688;9.58602e+06;301601
325;0.114029;17004;45361.1;9.59186e+06;301785
326;0.113084;15458.3;41404.4;9.5972e+06;301953
327;0.112228;14053.1;37787.2;9.60206e+06;302106
328;0.111453;12775.7;34481.1;9.60651e+06;302246
329;0.11075;11614.4;31459.8;9.61056e+06;302373
330;0.110113;10558.7;28699.5;9.61426e+06;302490
331;0.109536;9598.87;26178;9.61764e+06;302596
332;0.109012;8726.33;23875.2;9.62072e+06;302693
333;0.108536;7933.11;21772.3;9.62352e+06;302781
334;0.108104;7211.99;19852.5;9.62608e+06;302862
335;0.107711;6556.42;18099.9;9.62842e+06;302935
336;0.107355;5960.44;16500.4;9.63055e+06;303002
337;0.107031;5418.64;15040.7;9.63249e+06;303063
338;0.106737;4926.09;13708.8;9.63426e+06;303119
339;0.106469;4478.3;12493.7;9.63587e+06;303169
340;0.106226;4071.23;11385.3;9.63734e+06;303216
341;0.106005;3701.15;10374.3;9.63868e+06;303258
342;0.105804;3364.72;9452.37;9.6399e+06;303296
343;0.105621;3058.87;8611.65;9.64101e+06;303331
344;0.105455;2780.81;7845.11;9.64202e+06;303363
345;0.105304;2528.04;7146.28;9.64294e+06;303392
346;0.105166;2298.24;6509.23;9.64379e+06;303418
347;0.105041;2089.33;5928.57;9.64455e+06;303442
348;0.104927;1899.41;5399.36;9.64525e+06;303464
349;0.104824;1726.75;4917.07;9.64588e+06;303484
350;0.104729;1569.79;4477.59;9.64646e+06;303503
351;0.104644;1427.1;4077.15;9.64699e+06;303519
352;0.104566;1297.38;3712.32;9.64747e+06;303534
353;0.104495;1179.44;3379.95;9.6479e+06;303548
354;0.10443;1072.23;3077.17;9.6483e+06;303560
355;0.104371;974.767;2801.37;9.64866e+06;303572
356;0.104318;886.16;2550.17;9.64899e+06;303582
357;0.104269;805.608;2321.39;9.64929e+06;303592
358;0.104225;732.379;2113.04;9.64957e+06;303600
359;0.104185;665.805;1923.3;9.64981e+06;303608
360;0.104148;605.284;1750.52;9.65004e+06;303615
361;0.104115;550.264;1593.21;9.65025e+06;303622
362;0.104084;500.245;1449.97;9.65043e+06;303628
363;0.104057;454.772;1319.56;9.6506e+06;303633
364;0.104032;413.434;1200.84;9.65076e+06;303638
365;0.104009;375.853;1092.76;9.6509e+06;303642
366;0.103988;341.688;994.369;9.65103e+06;303646
367;0.103969;310.628;904.812;9.65115e+06;303650
368;0.103952;282.392;823.294;9.65125e+06;303653
369;0.103936;256.723;749.098;9.65135e+06;303656
370;0.103922;233.387;681.568;9.65144e+06;303659
371;0.103909;212.172;620.109;9.65152e+06;303662
372;0.103897;192.885;564.176;9.65159e+06;303664
373;0.103887;175.352;513.275;9.65166e+06;303666
374;0.103877;159.413;466.954;9.65172e+06;303668
375;0.103868;144.922;424.803;9.65177e+06;303670
376;0.10386;131.749;386.448;9.65182e+06;303671
377;0.103853;119.773;351.548;9.65187e+06;303673
378;0.103846;108.885;319.792;9.65191e+06;303674
379;0.10384;98.9877;290.899;9.65195e+06;303675
380;0.103834;89.9897;264.611;9.65198e+06;303676
381;0.103829;81.8096;240.694;9.65201e+06;303677
382;0.103825;74.3731;218.934;9.65204e+06;303678
383;0.103821;67.6126;199.138;9.65207e+06;303679
384;0.103817;61.4666;181.129;9.65209e+06;303680
385;0.103813;55.8793;164.745;9.65211e+06;303680
386;0.10381;50.7999;149.841;9.65213e+06;303681
387;0.103807;46.1822;136.283;9.65215e+06;303681
388;0.103805;41.9842;123.95;9.65216e+06;303682
389;0.103803;38.1679;112.731;9.65218e+06;303682
390;0.1038;34.6984;102.526;9.65219e+06;303683
391;0.103798;31.5443;93.2438;9.6522e+06;303683
392;0.103797;28.6769;84.8007;9.65221e+06;303684
393;0.103795;26.0702;77.1211;9.65222e+06;303684
394;0.103794;23.7004;70.1361;9.65223e+06;303684
395;0.103792;21.5461;63.783;9.65224e+06;303684
396;0.103791;19.5875;58.0046;9.65225e+06;303685
397;0.10379;17.807;52.7492;9.65226e+06;303685
398;0.103789;16.1884;47.9694;9.65226e+06;303685
399;0.103788;14.7168;43.6222;9.65227e+06;303685
400;0.103787;13.3791;39.6686;9.65227e+06;303685
401;0.103786;12.1629;36.073;9.65228e+06;303686
402;0.103786;11.0573;32.8029;9.65228e+06;303686
403;0.103785;10.0522;29.829;9.65229e+06;303686
404;0.103785;9.13846;27.1245;9.65229e+06;303686
405;0.103784;8.30778;24.665;9.65229e+06;303686
406;0.103784;7.5526;22.4283;9.65229e+06;303686
407;0.103783;6.86607;20.3943;9.6523e+06;303686
408;0.103783;6.24194;18.5446;9.6523e+06;303686
409;0.103782;5.67455;16.8625;9.6523e+06;303686
410;0.103782;5.15874;15.3329;9.6523e+06;303686
411;0.103782;4.68981;13.942;9.65231e+06;303686
412;0.103782;4.2635;12.6771;9.65231e+06;303687
413;0.103781;3.87595;11.5269;9.65231e+06;303687
414;0.103781;3.52363;10.481;9.65231e+06;303687
415;0.103781;3.20333;9.52998;9.65231e+06;303687
416;0.103781;2.91215;8.66518;9.65231e+06;303687
417;0.103781;2.64743;7.8788;9.65231e+06;303687
418;0.10378;2.40678;7.16376;9.65231e+06;303687
419;0.10378;2.18801;6.51357;9.65232e+06;303687
420;0.10378;1.98912;5.92236;9.65232e+06;303687
421;0.10378;1.80831;5.38479;9.65232e+06;303687
422;0.10378;1.64393;4.89599;9.65232e+06;303687
423;0.10378;1.4945;4.45154;9.65232e+06;303687
424;0.10378;1.35865;4.04742;9.65232e+06;303687
425;0.10378;1.23515;3.67997;9.65232e+06;303687
426;0.10378;1.12287;3.34586;9.65232e+06;303687
427;0.10378;1.0208;3.04208;9.65232e+06;303687
428;0.10378;0.928012;2.76587;9.65232e+06;303687
429;0.103779;0.843656;2.51472;9.65232e+06;303687
430;0.103779;0.766967;2.28637;9.65232e+06;303687
431;0.103779;0.69725;2.07875;9.65232e+06;303687
432;0.103779;0.63387;1.88998;9.65232e+06;303687
433;0.103779;0.576251;1.71835;9.65232e+06;303687
434;0.103779;0.52387;1.56229;9.65232e+06;303687
435;0.103779;0.47625;1.42041;9.65232e+06;303687
436;0.103779;0.432959;1.2914;9.65232e+06;303687
437;0.103779;0.393603;1.17411;9.65232e+06;303687
438;0.103779;0.357825;1.06747;9.65232e+06;303687
439;0.103779;0.325299;0.970512;9.65232e+06;303687
440;0.103779;0.295729;0.882358;9.65232e+06;303687
441;0.103779;0.268847;0.80221;9.65232e+06;303687
442;0.103779;0.244409;0.72934;9.65232e+06;303687
443;0.103779;0.222192;0.663088;9.65232e+06;303687
444;0.103779;0.201995;0.602853;9.65232e+06;303687
445;0.103779;0.183634;0.548088;9.65232e+06;303687
446;0.103779;0.166941;0.498297;9.65232e+06;303687
