128;1.82724e+07;1.7647;0.8787;0.1176;0.0037
129;1.82724e+07;3.15493;0.932525;0.220935;0.00695119
130;1.82724e+07;4.51377;1.10619;0.3306;0.0104015
131;1.82724e+07;6.05557;1.38231;0.460688;0.0144944
132;1.82724e+07;7.94449;1.76509;0.623248;0.019609
133;1.82724e+07;10.3372;2.27314;0.830823;0.0261398
134;1.82724e+07;13.4089;2.93706;1.09814;0.0345505
135;1.82724e+07;17.3731;3.79966;1.44354;0.0454176
136;1.82724e+07;22.4991;4.91798;1.89038;0.0594763
137;1.82724e+07;29.1327;6.3666;2.46874;0.0776728
138;1.82724e+07;37.7197;8.24249;3.21745;0.101229
139;1.82724e+07;48.8364;10.6714;4.18677;0.131726
140;1.82723e+07;63.229;13.8162;5.44172;0.171211
141;1.82723e+07;81.8628;17.8878;7.06651;0.222331
142;1.82723e+07;105.988;23.1593;9.17011;0.288515
143;1.82723e+07;137.223;29.9844;11.8936;0.374205
144;1.82722e+07;177.662;38.8208;15.4198;0.485147
145;1.82721e+07;230.019;50.2613;19.9851;0.628784
146;1.8272e+07;297.805;65.0733;25.8959;0.814751
147;1.82719e+07;385.567;84.2504;33.5485;1.05552
148;1.82718e+07;499.191;109.079;43.4563;1.36725
149;1.82716e+07;646.299;141.224;56.284;1.77084
150;1.82713e+07;836.757;182.842;72.892;2.29337
151;1.8271e+07;1083.34;236.725;94.3942;2.96989
152;1.82706e+07;1402.58;306.485;122.233;3.84577
153;1.82701e+07;1815.88;396.803;158.276;4.97976
154;1.82694e+07;2350.97;513.735;204.94;6.44793
155;1.82684e+07;3043.7;665.122;265.355;8.34875
156;1.82673e+07;3940.51;861.115;343.573;10.8097
157;1.82658e+07;5101.5;1114.85;444.84;13.9958
158;1.82638e+07;6604.44;1443.35;575.947;18.1208
159;1.82612e+07;8549.97;1868.61;745.685;23.4612
160;1.82579e+07;11068.3;2419.14;965.434;30.3751
161;1.82537e+07;14327.9;3131.81;1249.93;39.3259
162;1.82482e+07;18546.5;4054.33;1618.23;50.9136
163;1.8241e+07;24005.8;5248.42;2095.02;65.9146
164;1.82318e+07;31069.7;6793.91;2712.23;85.3337
165;1.82198e+07;40208;8794.05;3511.19;110.471
166;1.82043e+07;52027.4;11382.2;4545.37;143.009
167;1.81843e+07;67309.6;14730.9;5883.92;185.123
168;1.81585e+07;87061.6;19062.5;7616.27;239.628
169;1.8125e+07;112578;24664.1;9858.02;310.159
170;1.80818e+07;145519;31905.6;12758.5;401.416
171;1.80261e+07;188009;41263.1;16510.6;519.467
172;1.79543e+07;242756;53347.9;21363.2;672.14
173;1.78618e+07;313197;68943.4;27636.9;869.528
174;1.77428e+07;403663;89050.2;35744.6;1124.62
175;1.75902e+07;519572;114941;46216.9;1454.1
176;1.7395e+07;667623;148228;59734;1879.39
177;1.71459e+07;855978;190935;77165.7;2427.83
178;1.68297e+07;1.09438e+06;245583;99619.6;3134.29
179;1.64305e+07;1.39413e+06;315273;128500;4042.95
180;1.59301e+07;1.76779e+06;403757;165576;5209.46
181;1.53087e+07;2.22845e+06;515474;213058;6703.36
182;1.45463e+07;2.78828e+06;655513;273678;8610.61
183;1.3625e+07;3.45615e+06;829454;350766;11036
184;1.25329e+07;4.2341e+06;1.04301e+06;448310;14105
185;1.12695e+07;5.11264e+06;1.30137e+06;570967;17964.1
186;9.85172e+06;6.06567e+06;1.60825e+06;724008;22779.2
187;8.31964e+06;7.04638e+06;1.96454e+06;913139;28729.7
188;6.73867e+06;7.98684e+06;2.36676e+06;1.14417e+06;35998.5
189;5.19534e+06;8.80416e+06;2.80567e+06;1.4225e+06;44755.5
190;3.78413e+06;9.41507e+06;3.26564e+06;1.75245e+06;55136.5
191;2.58706e+06;9.75632e+06;3.72535e+06;2.13649e+06;67219.4
192;1.65284e+06;9.80368e+06;4.16031e+06;2.57459e+06;81003.2
193;985787;9.57958e+06;4.54682e+06;3.06384e+06;96396.3
194;550614;9.14397e+06;4.86608e+06;3.59855e+06;113220
195;290239;8.57316e+06;5.10701e+06;4.1708e+06;131224
196;146052;7.93805e+06;5.26683e+06;4.77138e+06;150120
197;71146.4;7.29138e+06;5.34953e+06;5.39076e+06;169607
198;34044.8;6.6657e+06;5.36342e+06;6.01987e+06;189401
199;16225.4;6.07761e+06;5.31875e+06;6.6506e+06;209245
200;7794.39;5.53358e+06;5.22604e+06;7.27609e+06;228925
201;3810.53;5.03456e+06;5.09512e+06;7.89067e+06;248261
202;1909.65;4.57882e+06;4.93473e+06;8.48986e+06;267113
203;986.043;4.16353e+06;4.75236e+06;9.07018e+06;285371
204;526.3;3.78553e+06;4.55436e+06;9.62906e+06;302955
205;290.906;3.44166e+06;4.34602e+06;1.01647e+07;319806
206;166.63;3.12893e+06;4.1317e+06;1.06757e+07;335887
207;98.895;2.84458e+06;3.91494e+06;1.11616e+07;351174
208;60.7707;2.58605e+06;3.69863e+06;1.1622e+07;365659
209;38.62;2.351e+06;3.48506e+06;1.2057e+07;379344
210;25.3458;2.13731e+06;3.27603e+06;1.24668e+07;392239
211;17.1508;1.94303e+06;3.07293e+06;1.28521e+07;404360
212;11.9457;1.76642e+06;2.8768e+06;1.32135e+07;415730
213;8.5495;1.60585e+06;2.68841e+06;1.35518e+07;426374
214;6.27668;1.45988e+06;2.50828e+06;1.38679e+07;436321
215;4.71901;1.32718e+06;2.33673e+06;1.41629e+07;445602
216;3.62743;1.20654e+06;2.17393e+06;1.44377e+07;454248
217;2.84643;1.09687e+06;2.0199e+06;1.46934e+07;462291
218;2.27675;997163;1.87459e+06;1.49309e+07;469765
219;1.85368;906521;1.73785e+06;1.51514e+07;476701
220;1.53423;824119;1.60945e+06;1.53557e+07;483131
221;1.28928;749207;1.48914e+06;1.5545e+07;489086
222;1.09876;681104;1.37661e+06;1.57201e+07;494596
223;0.94862;619192;1.27154e+06;1.5882e+07;499689
224;0.828853;562907;1.17358e+06;1.60315e+07;504394
225;0.732243;511739;1.0824e+06;1.61696e+07;508736
226;0.653506;465222;997619;1.62968e+07;512741
227;0.588725;422934;918896;1.64142e+07;516432
228;0.534959;384489;845879;1.65222e+07;519832
229;0.489977;349539;778224;1.66217e+07;522962
230;0.452066;317766;715598;1.67132e+07;525841
231;0.419898;288881;657681;1.67974e+07;528489
232;0.392433;262622;604164;1.68747e+07;530922
233;0.36885;238749;554751;1.69458e+07;533158
234;0.348495;217047;509162;1.7011e+07;535210
235;0.330841;197318;467130;1.70709e+07;537094
236;0.315463;179381;428403;1.71258e+07;538823
237;0.302015;163076;392744;1.71762e+07;540408
238;0.29021;148252;359928;1.72224e+07;541861
239;0.279814;134776;329745;1.72647e+07;543193
240;0.27063;122525;301998;1.73035e+07;544413
241;0.262495;111387;276503;1.7339e+07;545530
242;0.255269;101262;253088;1.73715e+07;546553
243;0.248838;92057.5;231593;1.74013e+07;547490
244;0.2431;83689.5;211869;1.74285e+07;548346
245;0.237972;76082.1;193777;1.74534e+07;549130
246;0.23338;69166.3;177187;1.74762e+07;549847
247;0.229263;62879.1;161982;1.74971e+07;550503
248;0.225565;57163.4;148049;1.75161e+07;551102
249;0.222239;51967.2;135287;1.75335e+07;551650
250;0.219245;47243.4;123600;1.75494e+07;552151
251;0.216547;42949;112902;1.7564e+07;552608
252;0.214112;39044.9;103111;1.75772e+07;553026
253;0.211913;35495.7;94153;1.75894e+07;553407
254;0.209926;32269.2;85958.8;1.76004e+07;553756
255;0.208129;29335.9;78465.2;1.76106e+07;554074
256;0.206502;26669.3;71614;1.76198e+07;554364
257;0.205029;24245;65351.5;1.76282e+07;554629
258;0.203695;22041.2;59628.2;1.76359e+07;554871
259;0.202485;20037.6;54398.9;1.76429e+07;555091
260;0.201388;18216.2;49621.7;1.76493e+07;555293
261;0.200393;16560.4;45258.5;1.76551e+07;555476
262;0.199489;15055;41273.9;1.76605e+07;555644
263;0.198669;13686.5;37635.9;1.76653e+07;555796
264;0.197924;12442.4;34314.8;1.76697e+07;555936
265;0.197248;11311.4;31283.4;1.76738e+07;556063
266;0.196633;10283.2;28516.9;1.76775e+07;556178
267;0.196075;9348.45;25992.6;1.76808e+07;556284
268;0.195567;8498.68;23689.5;1.76839e+07;556380
269;0.195106;7726.15;21588.5;1.76866e+07;556468
270;0.194686;7023.84;19672.1;1.76892e+07;556548
271;0.194305;6385.38;17924.3;1.76915e+07;556620
272;0.193958;5804.95;16330.5;1.76936e+07;556687
273;0.193642;5277.28;14877.3;1.76955e+07;556747
274;0.193355;4797.57;13552.4;1.76973e+07;556802
275;0.193094;4361.47;12344.6;1.76989e+07;556852
276;0.192857;3965.02;11243.6;1.77003e+07;556898
277;0.192641;3604.6;10240.2;1.77016e+07;556940
278;0.192444;3276.94;9325.73;1.77028e+07;556977
279;0.192265;2979.06;8492.4;1.77039e+07;557012
280;0.192103;2708.27;7733.07;1.77049e+07;557043
281;0.191955;2462.09;7041.23;1.77059e+07;557072
282;0.19182;2238.28;6410.93;1.77067e+07;557098
283;0.191698;2034.82;5836.74;1.77074e+07;557122
284;0.191586;1849.86;5313.71;1.77081e+07;557143
285;0.191485;1681.71;4837.31;1.77087e+07;557163
286;0.191392;1528.84;4403.41;1.77093e+07;557181
287;0.191309;1389.87;4008.25;1.77098e+07;557197
288;0.191232;1263.53;3648.39;1.77103e+07;557212
289;0.191163;1148.67;3320.69;1.77107e+07;557226
290;0.191099;1044.26;3022.31;1.77111e+07;557238
291;0.191042;949.336;2750.62;1.77115e+07;557249
292;0.19099;863.042;2503.27;1.77118e+07;557259
293;0.190942;784.591;2278.07;1.77121e+07;557268
294;0.190899;713.272;2073.06;1.77124e+07;557277
295;0.190859;648.436;1886.44;1.77126e+07;557285
296;0.190823;589.493;1716.55;1.77128e+07;557291
297;0.190791;535.908;1561.92;1.7713e+07;557298
298;0.190761;487.194;1421.17;1.77132e+07;557304
299;0.190734;442.908;1293.07;1.77134e+07;557309
300;0.190709;402.648;1176.48;1.77135e+07;557314
301;0.190687;366.047;1070.38;1.77137e+07;557318
302;0.190667;332.773;973.813;1.77138e+07;557322
303;0.190648;302.524;885.938;1.77139e+07;557326
304;0.190631;275.025;805.973;1.7714e+07;557329
305;0.190616;250.025;733.209;1.77141e+07;557332
306;0.190602;227.298;666.998;1.77142e+07;557335
307;0.19059;206.637;606.752;1.77143e+07;557337
308;0.190578;187.853;551.936;1.77144e+07;557339
309;0.190568;170.777;502.062;1.77144e+07;557341
310;0.190558;155.254;456.686;1.77145e+07;557343
311;0.190549;141.141;415.403;1.77145e+07;557345
312;0.190541;128.311;377.844;1.77146e+07;557346
313;0.190534;116.648;343.675;1.77146e+07;557348
314;0.190528;106.045;312.59;1.77147e+07;557349
315;0.190522;96.4052;284.313;1.77147e+07;557350
316;0.190516;87.642;258.589;1.77147e+07;557351
317;0.190512;79.6753;235.189;1.77148e+07;557352
318;0.190507;72.4329;213.903;1.77148e+07;557353
319;0.190503;65.8487;194.541;1.77148e+07;557354
320;0.190499;59.8631;176.928;1.77148e+07;557355
321;0.190496;54.4215;160.909;1.77149e+07;557355
322;0.190493;49.4746;146.337;1.77149e+07;557356
323;0.19049;44.9774;133.084;1.77149e+07;557356
324;0.190488;40.8889;121.029;1.77149e+07;557357
325;0.190485;37.1721;110.065;1.77149e+07;557357
326;0.190483;33.7932;100.093;1.77149e+07;557358
327;0.190481;30.7214;91.0237;1.77149e+07;557358
328;0.19048;27.9288;82.7751;1.7715e+07;557358
329;0.190478;25.3901;75.2732;1.7715e+07;557359
330;0.190477;23.0821;68.4505;1.7715e+07;557359
331;0.190475;20.984;62.2456;1.7715e+07;557359
332;0.190474;19.0765;56.6027;1.7715e+07;557360
333;0.190473;17.3425;51.4708;1.7715e+07;557360
334;0.190472;15.766;46.8038;1.7715e+07;557360
335;0.190471;14.3329;42.5597;1.7715e+07;557360
336;0.19047;13.03;38.7;1.7715e+07;557360
337;0.19047;11.8456;35.1902;1.7715e+07;557360
338;0.190469;10.7688;31.9984;1.7715e+07;557361
339;0.190468;9.78996;29.0958;1.7715e+07;557361
340;0.190468;8.90005;26.4564;1.7715e+07;557361
341;0.190467;8.09104;24.0563;1.7715e+07;557361
342;0.190467;7.35556;21.8737;1.7715e+07;557361
343;0.190466;6.68694;19.8891;1.7715e+07;557361
344;0.190466;6.0791;18.0844;1.7715e+07;557361
345;0.190466;5.52651;16.4433;1.7715e+07;557361
346;0.190465;5.02415;14.9511;1.7715e+07;557361
347;0.190465;4.56746;13.5942;1.77151e+07;557361
348;0.190465;4.15228;12.3604;1.77151e+07;557361
349;0.190465;3.77483;11.2386;1.77151e+07;557361
350;0.190464;3.4317;10.2185;1.77151e+07;557361
351;0.190464;3.11976;9.29089;1.77151e+07;557361
352;0.190464;2.83617;8.4475;1.77151e+07;557361
353;0.190464;2.57837;7.68062;1.77151e+07;557362
354;0.190464;2.34399;6.98334;1.77151e+07;557362
355;0.190464;2.13092;6.34933;1.77151e+07;557362
356;0.190463;1.93722;5.77285;1.77151e+07;557362
357;0.190463;1.76113;5.2487;1.77151e+07;557362
358;0.190463;1.60104;4.77212;1.77151e+07;557362
359;0.190463;1.45551;4.3388;1.77151e+07;557362
360;0.190463;1.3232;3.94481;1.77151e+07;557362
361;0.190463;1.20292;3.58658;1.77151e+07;557362
362;0.190463;1.09358;3.26087;1.77151e+07;557362
363;0.190463;0.994172;2.96474;1.77151e+07;557362
364;0.190463;0.903802;2.69548;1.77151e+07;557362
365;0.190463;0.821646;2.45068;1.77151e+07;557362
366;0.190463;0.746958;2.2281;1.77151e+07;557362
367;0.190463;0.67906;2.02573;1.77151e+07;557362
368;0.190463;0.617333;1.84173;1.77151e+07;557362
369;0.190463;0.561218;1.67445;1.77151e+07;557362
370;0.190463;0.510203;1.52235;1.77151e+07;557362
371;0.190463;0.463826;1.38407;1.77151e+07;557362
372;0.190463;0.421664;1.25834;1.77151e+07;557362
373;0.190462;0.383335;1.14403;1.77151e+07;557362
374;0.190462;0.34849;1.04011;1.77151e+07;557362
375;0.190462;0.316812;0.945621;1.77151e+07;557362
376;0.190462;0.288014;0.859715;1.77151e+07;557362
377;0.190462;0.261833;0.781612;1.77151e+07;557362
378;0.190462;0.238033;0.710603;1.77151e+07;557362
379;0.190462;0.216396;0.646044;1.77151e+07;557362
380;0.190462;0.196725;0.587349;1.77151e+07;557362
381;0.190462;0.178843;0.533986;1.77151e+07;557362
382;0.190462;0.162586;0.485471;1.77151e+07;557362
