200;5.1393e+07;1.7647;0.8787;0.1176;0.0037
201;5.1393e+07;3.15493;0.932525;0.220935;0.00695119
202;5.1393e+07;4.51377;1.10619;0.3306;0.0104015
203;5.1393e+07;6.05557;1.38231;0.460688;0.0144944
204;5.1393e+07;7.94449;1.76509;0.623248;0.019609
205;5.1393e+07;10.3372;2.27314;0.830823;0.0261398
206;5.1393e+07;13.4089;2.93706;1.09814;0.0345505
207;5.1393e+07;17.3731;3.79967;1.44354;0.0454176
208;5.1393e+07;22.4991;4.91798;1.89038;0.0594763
209;5.1393e+07;29.1327;6.3666;2.46874;0.0776729
210;5.1393e+07;37.7197;8.2425;3.21745;0.101229
211;5.13929e+07;48.8365;10.6714;4.18677;0.131727
212;5.13929e+07;63.2291;13.8162;5.44172;0.171211
213;5.13929e+07;81.863;17.8878;7.06651;0.222331
214;5.13929e+07;105.988;23.1594;9.17012;0.288516
215;5.13928e+07;137.223;29.9845;11.8937;0.374205
216;5.13928e+07;177.663;38.8209;15.4198;0.485148
217;5.13927e+07;230.02;50.2615;19.9852;0.628785
218;5.13926e+07;297.807;65.0736;25.8959;0.814753
219;5.13925e+07;385.571;84.2509;33.5486;1.05553
220;5.13924e+07;499.199;109.08;43.4565;1.36725
221;5.13922e+07;646.312;141.226;56.2843;1.77085
222;5.13919e+07;836.779;182.845;72.8924;2.29338
223;5.13916e+07;1083.37;236.729;94.3949;2.96991
224;5.13912e+07;1402.64;306.492;122.234;3.8458
225;5.13906e+07;1815.99;396.815;158.278;4.97983
226;5.13899e+07;2351.14;513.754;204.943;6.44804
227;5.1389e+07;3043.99;665.155;265.361;8.34893
228;5.13879e+07;3941;861.17;343.583;10.81
229;5.13863e+07;5102.32;1114.95;444.857;13.9963
230;5.13844e+07;6605.81;1443.5;575.974;18.1216
231;5.13818e+07;8552.27;1868.88;745.73;23.4626
232;5.13785e+07;11072.2;2419.58;965.51;30.3774
233;5.13743e+07;14334.3;3132.55;1250.05;39.3299
234;5.13687e+07;18557.3;4055.56;1618.44;50.9203
235;5.13616e+07;24023.9;5250.48;2095.37;65.9259
236;5.13523e+07;31100;6797.37;2712.83;85.3527
237;5.13403e+07;40258.9;8799.84;3512.2;110.503
238;5.13248e+07;52112.5;11392;4547.06;143.062
239;5.13047e+07;67452.3;14747.1;5886.76;185.213
240;5.12788e+07;87300.5;19089.7;7621.02;239.777
241;5.12451e+07;112978;24709.8;9865.97;310.409
242;5.12017e+07;146188;31982.1;12771.8;401.835
243;5.11454e+07;189129;41391.2;16532.9;520.169
244;5.10727e+07;244629;53562.3;21400.5;673.317
245;5.09788e+07;316326;69302;27699.5;871.497
246;5.08575e+07;408885;89649.6;35849.4;1127.91
247;5.07009e+07;528277;115943;46392.2;1459.62
248;5.04991e+07;682112;149899;60027.1;1888.61
249;5.02391e+07;880043;193721;77655.2;2443.23
250;4.99049e+07;1.13425e+06;250218;100437;3160
251;4.94761e+07;1.45994e+06;322970;129862;4085.81
252;4.89274e+07;1.87597e+06;416502;167844;5280.8
253;4.82276e+07;2.40525e+06;536506;216824;6821.85
254;4.7339e+07;3.07519e+06;690065;279917;8806.93
255;4.62171e+07;3.91755e+06;885895;361069;11360.2
256;4.48109e+07;4.96765e+06;1.13454e+06;465250;14638
257;4.30647e+07;6.26229e+06;1.44848e+06;598672;18835.8
258;4.0922e+07;7.83574e+06;1.84202e+06;769014;24195.2
259;3.83325e+07;9.71302e+06;2.33085e+06;985635;31010.6
260;3.52627e+07;1.18999e+07;2.93103e+06;1.25974e+06;39634.8
261;3.1711e+07;1.43699e+07;3.6572e+06;1.60443e+06;50479.6
262;2.77248e+07;1.70498e+07;4.51981e+06;2.03452e+06;64011.3
263;2.34166e+07;1.98082e+07;5.52139e+06;2.56605e+06;80734.6
264;1.89701e+07;2.24542e+07;6.65221e+06;3.21536e+06;101164
265;1.46284e+07;2.47548e+07;7.88638e+06;3.99766e+06;125777
266;1.06574e+07;2.64756e+07;9.17997e+06;4.9251e+06;154956
267;7.28783e+06;2.74385e+07;1.04731e+07;6.00467e+06;188922
268;4.65733e+06;2.75749e+07;1.16969e+07;7.2363e+06;227673
269;2.77844e+06;2.69472e+07;1.27846e+07;8.61185e+06;270951
270;1.55227e+06;2.57239e+07;1.36833e+07;1.01153e+07;318254
271;818396;2.41194e+07;1.43618e+07;1.17245e+07;368882
272;411889;2.23335e+07;1.48122e+07;1.34134e+07;422021
273;200663;2.05146e+07;1.50456e+07;1.51553e+07;476826
274;96024.7;1.87545e+07;1.50853e+07;1.69247e+07;532495
275;45764.1;1.70999e+07;1.49603e+07;1.86987e+07;588310
276;21983.1;1.55693e+07;1.47e+07;2.04581e+07;643663
277;10746.2;1.41653e+07;1.43321e+07;2.21868e+07;698053
278;5384.89;1.28831e+07;1.38813e+07;2.38722e+07;751082
279;2780.14;1.17146e+07;1.33685e+07;2.55047e+07;802443
280;1483.7;1.0651e+07;1.28118e+07;2.70768e+07;851906
281;819.987;9.68352e+06;1.22259e+07;2.85835e+07;899310
282;469.622;8.80363e+06;1.16231e+07;3.00212e+07;944546
283;278.683;8.00357e+06;1.10135e+07;3.13881e+07;987551
284;171.228;7.27616e+06;1.04051e+07;3.26833e+07;1.0283e+06
285;108.802;6.61482e+06;9.80434e+06;3.39069e+07;1.0668e+06
286;71.3968;6.01357e+06;9.21636e+06;3.50599e+07;1.10308e+06
287;48.3066;5.46696e+06;8.64505e+06;3.61438e+07;1.13718e+06
288;33.6424;4.97003e+06;8.09335e+06;3.71604e+07;1.16916e+06
289;24.0754;4.51826e+06;7.56341e+06;3.81122e+07;1.19911e+06
290;17.6735;4.10756e+06;7.05667e+06;3.90017e+07;1.22709e+06
291;13.2863;3.73418e+06;6.57408e+06;3.98315e+07;1.2532e+06
292;10.2121;3.39475e+06;6.11608e+06;4.06046e+07;1.27753e+06
293;8.01282;3.08617e+06;5.68278e+06;4.13239e+07;1.30016e+06
294;6.40869;2.80564e+06;5.27399e+06;4.19922e+07;1.32118e+06
295;5.21748;2.55061e+06;4.88929e+06;4.26124e+07;1.3407e+06
296;4.31808;2.31876e+06;4.52807e+06;4.31874e+07;1.35879e+06
297;3.62847;2.10798e+06;4.18959e+06;4.37199e+07;1.37554e+06
298;3.09212;1.91637e+06;3.87301e+06;4.42126e+07;1.39104e+06
299;2.66947;1.74217e+06;3.57741e+06;4.46681e+07;1.40537e+06
300;2.33233;1.58381e+06;3.30183e+06;4.50888e+07;1.41861e+06
301;2.0604;1.43984e+06;3.04529e+06;4.54771e+07;1.43083e+06
302;1.83878;1.30896e+06;2.80678e+06;4.58352e+07;1.44209e+06
303;1.65644;1.18997e+06;2.5853e+06;4.61653e+07;1.45248e+06
304;1.50512;1.08181e+06;2.37987e+06;4.64693e+07;1.46204e+06
305;1.37852;983470;2.18953e+06;4.67492e+07;1.47085e+06
306;1.27183;894073;2.01334e+06;4.70067e+07;1.47895e+06
307;1.1813;812801;1.85039e+06;4.72434e+07;1.4864e+06
308;1.10401;738918;1.69982e+06;4.7461e+07;1.49325e+06
309;1.03764;671750;1.5608e+06;4.76609e+07;1.49954e+06
310;0.980358;610688;1.43254e+06;4.78445e+07;1.50531e+06
311;0.930679;555177;1.31428e+06;4.80129e+07;1.51061e+06
312;0.887407;504711;1.20533e+06;4.81675e+07;1.51547e+06
313;0.849563;458833;1.105e+06;4.83092e+07;1.51993e+06
314;0.816346;417125;1.01267e+06;4.84392e+07;1.52402e+06
315;0.787093;379208;927749;4.85583e+07;1.52777e+06
316;0.76125;344738;849683;4.86674e+07;1.5312e+06
317;0.738358;313402;777953;4.87673e+07;1.53435e+06
318;0.718028;284914;712076;4.88588e+07;1.53722e+06
319;0.69993;259015;651600;4.89425e+07;1.53986e+06
320;0.683786;235470;596105;4.90192e+07;1.54227e+06
321;0.669357;214066;545202;4.90893e+07;1.54448e+06
322;0.656438;194608;498528;4.91534e+07;1.54649e+06
323;0.644852;176918;455746;4.9212e+07;1.54834e+06
324;0.634447;160836;416546;4.92656e+07;1.55002e+06
325;0.62509;146216;380639;4.93146e+07;1.55156e+06
326;0.616666;132925;347758;4.93594e+07;1.55297e+06
327;0.609073;120842;317658;4.94003e+07;1.55426e+06
328;0.602222;109858;290111;4.94376e+07;1.55543e+06
329;0.596036;99871.5;264906;4.94717e+07;1.55651e+06
330;0.590445;90793.2;241852;4.95029e+07;1.55749e+06
331;0.585388;82540.1;220768;4.95313e+07;1.55838e+06
332;0.580812;75037.2;201492;4.95573e+07;1.5592e+06
333;0.576668;68216.3;183872;4.9581e+07;1.55995e+06
334;0.572913;62015.5;167769;4.96026e+07;1.56063e+06
335;0.569509;56378.3;153056;4.96223e+07;1.56125e+06
336;0.566422;51253.5;139615;4.96403e+07;1.56181e+06
337;0.563622;46594.6;127339;4.96567e+07;1.56233e+06
338;0.56108;42359.1;116128;4.96717e+07;1.5628e+06
339;0.558773;38508.7;105892;4.96854e+07;1.56323e+06
340;0.556677;35008.2;96547.7;4.96978e+07;1.56362e+06
341;0.554774;31826;88018.7;4.97092e+07;1.56398e+06
342;0.553044;28933;80235;4.97195e+07;1.56431e+06
343;0.551473;26303;73132.5;4.9729e+07;1.5646e+06
344;0.550045;23912.1;66652.5;4.97376e+07;1.56487e+06
345;0.548746;21738.5;60741.2;4.97454e+07;1.56512e+06
346;0.547566;19762.4;55349.3;4.97526e+07;1.56534e+06
347;0.546492;17966;50431.8;4.97591e+07;1.56555e+06
348;0.545516;16332.9;45947.5;4.9765e+07;1.56574e+06
349;0.544629;14848.3;41858.8;4.97704e+07;1.56591e+06
350;0.543821;13498.5;38131;4.97753e+07;1.56606e+06
351;0.543087;12271.5;34732.7;4.97798e+07;1.5662e+06
352;0.542419;11156;31635.1;4.97839e+07;1.56633e+06
353;0.541811;10142;28811.9;4.97876e+07;1.56645e+06
354;0.541258;9220.06;26238.9;4.9791e+07;1.56655e+06
355;0.540755;8381.96;23894.2;4.97941e+07;1.56665e+06
356;0.540297;7620.04;21757.8;4.97969e+07;1.56674e+06
357;0.539881;6927.38;19811.2;4.97995e+07;1.56682e+06
358;0.539502;6297.68;18037.8;4.98018e+07;1.56689e+06
359;0.539158;5725.22;16422.3;4.98039e+07;1.56696e+06
360;0.538844;5204.8;14950.7;4.98058e+07;1.56702e+06
361;0.538559;4731.68;13610.3;4.98076e+07;1.56708e+06
362;0.538299;4301.57;12389.5;4.98092e+07;1.56713e+06
363;0.538063;3910.56;11277.6;4.98107e+07;1.56717e+06
364;0.537848;3555.09;10265.1;4.9812e+07;1.56721e+06
365;0.537652;3231.93;9343.13;4.98132e+07;1.56725e+06
366;0.537475;2938.15;8503.59;4.98143e+07;1.56729e+06
367;0.537313;2671.07;7739.18;4.98153e+07;1.56732e+06
368;0.537165;2428.27;7043.22;4.98162e+07;1.56735e+06
369;0.537031;2207.54;6409.61;4.9817e+07;1.56737e+06
370;0.536909;2006.88;5832.79;4.98178e+07;1.5674e+06
371;0.536799;1824.45;5307.7;4.98185e+07;1.56742e+06
372;0.536698;1658.61;4829.71;4.98191e+07;1.56744e+06
373;0.536606;1507.84;4394.64;4.98197e+07;1.56746e+06
374;0.536522;1370.78;3998.63;4.98202e+07;1.56747e+06
375;0.536446;1246.18;3638.2;4.98206e+07;1.56749e+06
376;0.536377;1132.9;3310.16;4.98211e+07;1.5675e+06
377;0.536314;1029.92;3011.62;4.98215e+07;1.56751e+06
378;0.536257;936.298;2739.93;4.98218e+07;1.56752e+06
379;0.536205;851.189;2492.69;4.98221e+07;1.56753e+06
380;0.536158;773.816;2267.7;4.98224e+07;1.56754e+06
381;0.536115;703.476;2062.97;4.98227e+07;1.56755e+06
382;0.536076;639.53;1876.67;4.98229e+07;1.56756e+06
383;0.53604;581.397;1707.17;4.98232e+07;1.56757e+06
384;0.536007;528.548;1552.94;4.98234e+07;1.56757e+06
385;0.535978;480.503;1412.61;4.98235e+07;1.56758e+06
386;0.535951;436.825;1284.94;4.98237e+07;1.56758e+06
387;0.535927;397.118;1168.78;4.98239e+07;1.56759e+06
388;0.535905;361.02;1063.11;4.9824e+07;1.56759e+06
389;0.535884;328.203;966.969;4.98241e+07;1.5676e+06
390;0.535866;298.369;879.509;4.98242e+07;1.5676e+06
391;0.535849;271.248;799.947;4.98243e+07;1.5676e+06
392;0.535834;246.591;727.57;4.98244e+07;1.56761e+06
393;0.53582;224.176;661.731;4.98245e+07;1.56761e+06
394;0.535808;203.799;601.84;4.98246e+07;1.56761e+06
395;0.535796;185.273;547.362;4.98247e+07;1.56761e+06
396;0.535786;168.432;497.809;4.98247e+07;1.56761e+06
397;0.535777;153.121;452.735;4.98248e+07;1.56762e+06
398;0.535768;139.203;411.737;4.98248e+07;1.56762e+06
399;0.53576;126.549;374.447;4.98249e+07;1.56762e+06
400;0.535753;115.046;340.53;4.98249e+07;1.56762e+06
401;0.535747;104.588;309.681;4.9825e+07;1.56762e+06
402;0.535741;95.0812;281.624;4.9825e+07;1.56762e+06
403;0.535735;86.4383;256.106;4.9825e+07;1.56762e+06
404;0.535731;78.5811;232.897;4.98251e+07;1.56763e+06
405;0.535726;71.4381;211.79;4.98251e+07;1.56763e+06
406;0.535722;64.9443;192.594;4.98251e+07;1.56763e+06
407;0.535718;59.0409;175.135;4.98251e+07;1.56763e+06
408;0.535715;53.6741;159.258;4.98252e+07;1.56763e+06
409;0.535712;48.7951;144.819;4.98252e+07;1.56763e+06
410;0.535709;44.3596;131.688;4.98252e+07;1.56763e+06
411;0.535707;40.3274;119.747;4.98252e+07;1.56763e+06
412;0.535705;36.6616;108.887;4.98252e+07;1.56763e+06
413;0.535703;33.3291;99.0117;4.98252e+07;1.56763e+06
414;0.535701;30.2995;90.0312;4.98253e+07;1.56763e+06
415;0.535699;27.5452;81.8646;4.98253e+07;1.56763e+06
416;0.535697;25.0414;74.4383;4.98253e+07;1.56763e+06
417;0.535696;22.7651;67.6852;4.98253e+07;1.56763e+06
418;0.535695;20.6958;61.5443;4.98253e+07;1.56763e+06
419;0.535694;18.8145;55.9602;4.98253e+07;1.56763e+06
420;0.535692;17.1043;50.8825;4.98253e+07;1.56763e+06
421;0.535691;15.5495;46.2652;4.98253e+07;1.56763e+06
422;0.535691;14.1361;42.0667;4.98253e+07;1.56763e+06
423;0.53569;12.8511;38.249;4.98253e+07;1.56763e+06
424;0.535689;11.6829;34.7775;4.98253e+07;1.56763e+06
425;0.535688;10.6209;31.621;4.98253e+07;1.56763e+06
426;0.535688;9.65551;28.7508;4.98253e+07;1.56763e+06
427;0.535687;8.77782;26.141;4.98253e+07;1.56763e+06
428;0.535687;7.97992;23.768;4.98253e+07;1.56763e+06
429;0.535686;7.25454;21.6103;4.98253e+07;1.56763e+06
430;0.535686;6.59511;19.6484;4.98253e+07;1.56763e+06
431;0.535686;5.99561;17.8646;4.98254e+07;1.56763e+06
432;0.535685;5.45061;16.2426;4.98254e+07;1.56763e+06
433;0.535685;4.95515;14.7678;4.98254e+07;1.56763e+06
434;0.535685;4.50473;13.4269;4.98254e+07;1.56763e+06
435;0.535684;4.09525;12.2077;4.98254e+07;1.56763e+06
436;0.535684;3.72299;11.0992;4.98254e+07;1.56763e+06
437;0.535684;3.38457;10.0913;4.98254e+07;1.56763e+06
438;0.535684;3.07691;9.17486;4.98254e+07;1.56763e+06
439;0.535684;2.79722;8.34164;4.98254e+07;1.56763e+06
440;0.535683;2.54295;7.58407;4.98254e+07;1.56763e+06
441;0.535683;2.3118;6.89527;4.98254e+07;1.56763e+06
442;0.535683;2.10166;6.26902;4.98254e+07;1.56763e+06
443;0.535683;1.91062;5.69963;4.98254e+07;1.56763e+06
444;0.535683;1.73694;5.18194;4.98254e+07;1.56763e+06
445;0.535683;1.57905;4.71126;4.98254e+07;1.56763e+06
446;0.535683;1.43552;4.28332;4.98254e+07;1.56763e+06
447;0.535683;1.30503;3.89424;4.98254e+07;1.56763e+06
448;0.535683;1.1864;3.5405;4.98254e+07;1.56763e+06
449;0.535682;1.07856;3.21888;4.98254e+07;1.56763e+06
450;0.535682;0.980518;2.92647;4.98254e+07;1.56763e+06
451;0.535682;0.891389;2.66062;4.98254e+07;1.56764e+06
452;0.535682;0.810362;2.41891;4.98254e+07;1.56764e+06
453;0.535682;0.7367;2.19916;4.98254e+07;1.56764e+06
454;0.535682;0.669734;1.99937;4.98254e+07;1.56764e+06
455;0.535682;0.608855;1.81772;4.98254e+07;1.56764e+06
456;0.535682;0.55351;1.65258;4.98254e+07;1.56764e+06
457;0.535682;0.503196;1.50243;4.98254e+07;1.56764e+06
458;0.535682;0.457456;1.36593;4.98254e+07;1.56764e+06
459;0.535682;0.415873;1.24183;4.98254e+07;1.56764e+06
460;0.535682;0.37807;1.12899;4.98254e+07;1.56764e+06
461;0.535682;0.343704;1.02641;4.98254e+07;1.56764e+06
462;0.535682;0.312461;0.933153;4.98254e+07;1.56764e+06
463;0.535682;0.284058;0.848364;4.98254e+07;1.56764e+06
464;0.535682;0.258237;0.771278;4.98254e+07;1.56764e+06
465;0.535682;0.234764;0.701196;4.98254e+07;1.56764e+06
466;0.535682;0.213424;0.637481;4.98254e+07;1.56764e+06
467;0.535682;0.194023;0.579555;4.98254e+07;1.56764e+06
468;0.535682;0.176387;0.526891;4.98254e+07;1.56764e+06
469;0.535682;0.160353;0.479013;4.98254e+07;1.56764e+06
