133;1.8453e+06;1.7647;0.8787;0.1176;0.0037
134;1.8453e+06;3.15493;0.932525;0.220935;0.00695119
135;1.8453e+06;4.51377;1.10619;0.3306;0.0104015
136;1.84529e+06;6.05556;1.38231;0.460688;0.0144944
137;1.84529e+06;7.94447;1.76509;0.623248;0.019609
138;1.84529e+06;10.3372;2.27314;0.830823;0.0261398
139;1.84528e+06;13.4089;2.93705;1.09814;0.0345504
140;1.84528e+06;17.373;3.79966;1.44354;0.0454175
141;1.84527e+06;22.499;4.91796;1.89038;0.0594763
142;1.84526e+06;29.1324;6.36657;2.46873;0.0776727
143;1.84525e+06;37.7191;8.24244;3.21744;0.101229
144;1.84524e+06;48.8355;10.6713;4.18675;0.131726
145;1.84522e+06;63.2273;13.816;5.4417;0.17121
146;1.84519e+06;81.86;17.8875;7.06646;0.222329
147;1.84516e+06;105.983;23.1588;9.17003;0.288513
148;1.84512e+06;137.215;29.9835;11.8935;0.3742
149;1.84507e+06;177.649;38.8193;15.4196;0.48514
150;1.845e+06;229.996;50.2588;19.9847;0.628771
151;1.84491e+06;297.767;65.0691;25.8952;0.814729
152;1.8448e+06;385.503;84.2432;33.5473;1.05548
153;1.84465e+06;499.084;109.067;43.4543;1.36718
154;1.84446e+06;646.12;141.204;56.2805;1.77073
155;1.84421e+06;836.456;182.808;72.8861;2.29318
156;1.84388e+06;1082.83;236.667;94.3843;2.96957
157;1.84347e+06;1401.73;306.389;122.216;3.84524
158;1.84293e+06;1814.46;396.641;158.248;4.97888
159;1.84223e+06;2348.58;513.463;204.893;6.44645
160;1.84132e+06;3039.69;664.665;265.276;8.34627
161;1.84015e+06;3933.79;860.349;343.441;10.8055
162;1.83864e+06;5090.24;1113.57;444.618;13.9888
163;1.83668e+06;6585.57;1441.2;575.574;18.109
164;1.83415e+06;8518.36;1865.01;745.058;23.4415
165;1.83088e+06;11015.4;2413.1;964.383;30.342
166;1.82665e+06;14239.2;3121.69;1248.16;39.2705
167;1.8212e+06;18398.2;4037.37;1615.27;50.8207
168;1.81417e+06;23757.6;5220.03;2090.07;65.759
169;1.80511e+06;30654.7;6746.41;2703.95;85.0731
170;1.79346e+06;39514.8;8714.59;3497.32;110.035
171;1.77852e+06;50870.3;11249.4;4522.16;142.279
172;1.75938e+06;65380.9;14509;5845.09;183.902
173;1.73497e+06;83851.9;18692.1;7551.34;237.585
174;1.70395e+06;107247;24046.9;9749.54;306.746
175;1.66476e+06;136690;30878.8;12577.5;395.719
176;1.61559e+06;173435;39558.3;16208.8;509.971
177;1.55445e+06;218805;50525.2;20860.9;656.337
178;1.47932e+06;274050;64285.8;26802.6;843.28
179;1.38833e+06;340125;81399.1;34362.6;1081.14
180;1.2802e+06;417343;102443;43935.2;1382.31
181;1.15469e+06;504919;127953;55982.5;1761.35
182;1.01326e+06;600447;158329;71029.7;2234.78
183;859653;699473;193705;89649.3;2820.6
184;700166;795379;233790;112429;3537.31
185;543324;879920;277732;139923;4402.33
186;398673;944586;324028;172584;5429.94
187;274771;982625;370586;210690;6628.84
188;177043;991034;414954;254270;8000.01
189;106482;971509;454705;303069;9535.34
190;59938.7;929742;487860;356542;11217.7
191;31803.5;873364;513196;413915;13022.8
192;16084.2;809694;530334;474267;14921.7
193;7860.38;744317;539606;536634;16883.9
194;3766.73;680752;541810;600092;18880.4
195;1794.87;620844;537969;663808;20885.1
196;860.901;565343;529148;727074;22875.6
197;419.792;514394;516352;789301;24833.5
198;209.674;467846;500477;850024;26744
199;107.846;425421;482296;908880;28595.7
200;57.3221;386800;462464;965599;30380.2
201;31.5466;351666;441528;1.01998e+06;32091.3
202;17.9907;319713;419937;1.07191e+06;33725
203;10.6313;290659;398060;1.12129e+06;35278.8
204;6.50545;264242;376197;1.1681e+06;36751.6
205;4.1175;240225;354584;1.21235e+06;38143.5
206;2.69182;218390;333409;1.25404e+06;39455.5
207;1.81481;198539;312818;1.29325e+06;40689.1
208;1.25967;180492;292920;1.33004e+06;41846.5
209;0.898621;164086;273796;1.36449e+06;42930.3
210;0.657729;149171;255500;1.39669e+06;43943.4
211;0.493102;135611;238067;1.42673e+06;44888.7
212;0.378041;123284;221517;1.45473e+06;45769.6
213;0.295921;112078;205853;1.48078e+06;46589.2
214;0.236158;101890;191071;1.50499e+06;47350.8
215;0.19187;92628.3;177156;1.52746e+06;48057.8
216;0.158495;84208.4;164087;1.54829e+06;48713.3
217;0.13295;76553.9;151838;1.56759e+06;49320.4
218;0.113115;69595.2;140379;1.58544e+06;49882.2
219;0.0975084;63269;129677;1.60195e+06;50401.6
220;0.0850768;57517.8;119698;1.6172e+06;50881.4
221;0.0750621;52289.5;110407;1.63128e+06;51324.3
222;0.0669102;47536.4;101768;1.64426e+06;51732.8
223;0.0602106;43215.3;93744.5;1.65623e+06;52109.3
224;0.054656;39287.1;86301.6;1.66726e+06;52456.2
225;0.0500132;35715.9;79404.4;1.67741e+06;52775.5
226;0.0461037;32469.3;73019.2;1.68674e+06;53069.3
227;0.042789;29517.8;67113.5;1.69533e+06;53339.5
228;0.0399611;26834.7;61655.8;1.70322e+06;53587.8
229;0.0375344;24395.4;56616.2;1.71047e+06;53815.9
230;0.0354412;22177.9;51966.2;1.71713e+06;54025.4
231;0.0336268;20161.9;47678.7;1.72324e+06;54217.7
232;0.0320472;18329.2;43728;1.72885e+06;54394.1
233;0.0306664;16663.1;40089.9;1.73399e+06;54555.9
234;0.0294549;15148.4;36741.6;1.73871e+06;54704.2
235;0.0283883;13771.4;33661.9;1.74303e+06;54840.2
236;0.0274465;12519.6;30830.5;1.74699e+06;54964.7
237;0.0266125;11381.6;28228.8;1.75061e+06;55078.8
238;0.0258719;10347;25839.2;1.75393e+06;55183.2
239;0.0252129;9406.43;23645.5;1.75697e+06;55278.8
240;0.0246252;8551.39;21632.3;1.75975e+06;55366.3
241;0.0241;7774.07;19785.6;1.76229e+06;55446.4
242;0.0236299;7067.41;18092.3;1.76462e+06;55519.6
243;0.0232084;6424.98;16540.1;1.76675e+06;55586.5
244;0.0228299;5840.95;15117.8;1.76869e+06;55647.7
245;0.0224896;5310.01;13815;1.77047e+06;55703.6
246;0.0221832;4827.33;12621.9;1.7721e+06;55754.8
247;0.0219071;4388.52;11529.7;1.77358e+06;55801.5
248;0.0216581;3989.61;10530;1.77494e+06;55844.1
249;0.0214332;3626.95;9615.41;1.77618e+06;55883.1
250;0.0212299;3297.26;8778.75;1.77731e+06;55918.7
251;0.0210461;2997.54;8013.61;1.77834e+06;55951.1
252;0.0208798;2725.07;7314.03;1.77928e+06;55980.8
253;0.0207292;2477.36;6674.55;1.78014e+06;56007.8
254;0.0205927;2252.17;6090.12;1.78093e+06;56032.5
255;0.0204691;2047.44;5556.11;1.78164e+06;56055.1
256;0.0203569;1861.33;5068.27;1.7823e+06;56075.6
257;0.0202551;1692.14;4622.68;1.78289e+06;56094.4
258;0.0201628;1538.32;4215.76;1.78344e+06;56111.5
259;0.0200789;1398.49;3844.23;1.78393e+06;56127.1
260;0.0200028;1271.37;3505.04;1.78438e+06;56141.3
261;0.0199337;1155.8;3195.45;1.7848e+06;56154.3
262;0.0198708;1050.74;2912.9;1.78517e+06;56166.1
263;0.0198138;955.224;2655.08;1.78551e+06;56176.9
264;0.0197619;868.395;2419.85;1.78583e+06;56186.7
265;0.0197147;789.458;2205.26;1.78611e+06;56195.7
266;0.0196718;717.696;2009.52;1.78637e+06;56203.8
267;0.0196328;652.457;1831.01;1.78661e+06;56211.3
268;0.0195974;593.149;1668.21;1.78682e+06;56218
269;0.0195651;539.232;1519.78;1.78702e+06;56224.2
270;0.0195358;490.216;1384.44;1.7872e+06;56229.8
271;0.0195091;445.655;1261.07;1.78736e+06;56234.9
272;0.0194849;405.145;1148.61;1.78751e+06;56239.6
273;0.0194628;368.317;1046.11;1.78764e+06;56243.9
274;0.0194427;334.837;952.7;1.78777e+06;56247.7
275;0.0194244;304.401;867.575;1.78788e+06;56251.3
276;0.0194078;276.731;790.008;1.78798e+06;56254.5
277;0.0193927;251.576;719.335;1.78807e+06;56257.4
278;0.0193789;228.708;654.948;1.78816e+06;56260.1
279;0.0193664;207.918;596.292;1.78823e+06;56262.5
280;0.019355;189.018;542.862;1.7883e+06;56264.7
281;0.0193446;171.837;494.194;1.78837e+06;56266.7
282;0.0193352;156.217;449.868;1.78843e+06;56268.5
283;0.0193266;142.017;409.499;1.78848e+06;56270.2
284;0.0193188;129.107;372.736;1.78853e+06;56271.7
285;0.0193117;117.371;339.259;1.78857e+06;56273.1
286;0.0193053;106.702;308.776;1.78861e+06;56274.3
287;0.0192994;97.0031;281.021;1.78865e+06;56275.5
288;0.019294;88.1856;255.751;1.78868e+06;56276.5
289;0.0192892;80.1695;232.744;1.78871e+06;56277.5
290;0.0192847;72.8821;211.8;1.78874e+06;56278.3
291;0.0192807;66.2571;192.733;1.78876e+06;56279.1
292;0.019277;60.2344;175.378;1.78879e+06;56279.8
293;0.0192737;54.7591;159.58;1.78881e+06;56280.5
294;0.0192707;49.7815;145.2;1.78882e+06;56281.1
295;0.0192679;45.2563;132.113;1.78884e+06;56281.6
296;0.0192654;41.1425;120.201;1.78886e+06;56282.1
297;0.0192631;37.4027;109.361;1.78887e+06;56282.5
298;0.019261;34.0028;99.495;1.78888e+06;56282.9
299;0.0192592;30.9119;90.5171;1.7889e+06;56283.3
300;0.0192574;28.102;82.3473;1.78891e+06;56283.6
301;0.0192559;25.5476;74.9131;1.78892e+06;56283.9
302;0.0192544;23.2253;68.1484;1.78893e+06;56284.2
303;0.0192532;21.1141;61.9932;1.78893e+06;56284.5
304;0.019252;19.1948;56.3927;1.78894e+06;56284.7
305;0.0192509;17.45;51.297;1.78895e+06;56284.9
306;0.0192499;15.8638;46.6609;1.78895e+06;56285.1
307;0.019249;14.4218;42.443;1.78896e+06;56285.3
308;0.0192482;13.1109;38.6056;1.78896e+06;56285.4
309;0.0192475;11.9191;35.1145;1.78897e+06;56285.6
310;0.0192468;10.8356;31.9386;1.78897e+06;56285.7
311;0.0192462;9.85068;29.0494;1.78898e+06;56285.8
312;0.0192457;8.95525;26.4211;1.78898e+06;56285.9
313;0.0192452;8.14122;24.0303;1.78898e+06;56286
314;0.0192447;7.40119;21.8554;1.78899e+06;56286.1
315;0.0192443;6.72842;19.8771;1.78899e+06;56286.2
316;0.0192439;6.11681;18.0776;1.78899e+06;56286.3
317;0.0192436;5.56079;16.4408;1.78899e+06;56286.3
318;0.0192433;5.05531;14.952;1.78899e+06;56286.4
319;0.019243;4.59579;13.5979;1.789e+06;56286.4
320;0.0192427;4.17803;12.3662;1.789e+06;56286.5
321;0.0192425;3.79825;11.246;1.789e+06;56286.5
322;0.0192423;3.45299;10.2271;1.789e+06;56286.6
323;0.0192421;3.13911;9.30044;1.789e+06;56286.6
324;0.0192419;2.85376;8.45764;1.789e+06;56286.7
325;0.0192418;2.59436;7.69113;1.789e+06;56286.7
326;0.0192416;2.35853;6.99403;1.789e+06;56286.7
327;0.0192415;2.14414;6.36004;1.78901e+06;56286.7
328;0.0192414;1.94924;5.78347;1.78901e+06;56286.8
329;0.0192412;1.77205;5.25912;1.78901e+06;56286.8
330;0.0192411;1.61097;4.78227;1.78901e+06;56286.8
331;0.0192411;1.46454;4.34862;1.78901e+06;56286.8
332;0.019241;1.33141;3.95426;1.78901e+06;56286.8
333;0.0192409;1.21038;3.59563;1.78901e+06;56286.9
334;0.0192408;1.10036;3.2695;1.78901e+06;56286.9
335;0.0192408;1.00034;2.97294;1.78901e+06;56286.9
336;0.0192407;0.909407;2.70325;1.78901e+06;56286.9
337;0.0192407;0.826742;2.45801;1.78901e+06;56286.9
338;0.0192406;0.751591;2.235;1.78901e+06;56286.9
339;0.0192406;0.683272;2.03222;1.78901e+06;56286.9
340;0.0192405;0.621162;1.84782;1.78901e+06;56286.9
341;0.0192405;0.564699;1.68014;1.78901e+06;56286.9
342;0.0192405;0.513368;1.52767;1.78901e+06;56286.9
343;0.0192404;0.466703;1.38903;1.78901e+06;56286.9
344;0.0192404;0.424279;1.26296;1.78901e+06;56287
345;0.0192404;0.385712;1.14833;1.78901e+06;56287
346;0.0192404;0.350651;1.0441;1.78901e+06;56287
347;0.0192403;0.318777;0.949327;1.78901e+06;56287
348;0.0192403;0.2898;0.86315;1.78901e+06;56287
349;0.0192403;0.263457;0.784793;1.78901e+06;56287
350;0.0192403;0.239509;0.713546;1.78901e+06;56287
351;0.0192403;0.217738;0.648764;1.78901e+06;56287
352;0.0192403;0.197945;0.589862;1.78901e+06;56287
353;0.0192403;0.179952;0.536305;1.78901e+06;56287
354;0.0192403;0.163594;0.487608;1.78901e+06;56287
