232;4.13731e+06;1.7647;0.8787;0.1176;0.0037
233;4.13731e+06;3.15493;0.932525;0.220935;0.00695119
234;4.1373e+06;4.51377;1.10619;0.3306;0.0104015
235;4.1373e+06;6.05557;1.38231;0.460688;0.0144944
236;4.1373e+06;7.94448;1.76509;0.623248;0.019609
237;4.1373e+06;10.3372;2.27314;0.830823;0.0261398
238;4.13729e+06;13.4089;2.93706;1.09814;0.0345504
239;4.13729e+06;17.373;3.79966;1.44354;0.0454176
240;4.13728e+06;22.4991;4.91797;1.89038;0.0594763
241;4.13727e+06;29.1326;6.36659;2.46874;0.0776728
242;4.13726e+06;37.7195;8.24247;3.21745;0.101229
243;4.13725e+06;48.8361;10.6714;4.18676;0.131726
244;4.13723e+06;63.2283;13.8161;5.44171;0.17121
245;4.1372e+06;81.8617;17.8877;7.06649;0.22233
246;4.13717e+06;105.986;23.1591;9.17008;0.288514
247;4.13713e+06;137.219;29.9841;11.8936;0.374203
248;4.13708e+06;177.657;38.8203;15.4197;0.485144
249;4.13701e+06;230.01;50.2604;19.985;0.628779
250;4.13692e+06;297.79;65.0717;25.8956;0.814743
251;4.13681e+06;385.542;84.2476;33.548;1.05551
252;4.13666e+06;499.15;109.074;43.4556;1.36722
253;4.13646e+06;646.23;141.216;56.2827;1.7708
254;4.13622e+06;836.641;182.829;72.8897;2.2933
255;4.13589e+06;1083.14;236.703;94.3904;2.96977
256;4.13548e+06;1402.25;306.448;122.227;3.84557
257;4.13493e+06;1815.34;396.741;158.265;4.97942
258;4.13423e+06;2350.05;513.63;204.922;6.44737
259;4.13333e+06;3042.16;664.947;265.325;8.3478
260;4.13216e+06;3937.93;860.821;343.522;10.8081
261;4.13064e+06;5097.17;1114.36;444.755;13.9931
262;4.12868e+06;6597.19;1442.52;575.804;18.1163
263;4.12614e+06;8537.82;1867.23;745.444;23.4536
264;4.12285e+06;11047.9;2416.82;965.031;30.3624
265;4.1186e+06;14293.8;3127.92;1249.25;39.3046
266;4.1131e+06;18489.4;4047.81;1617.09;50.8779
267;4.106e+06;23910.2;5237.49;2093.11;65.8548
268;4.09683e+06;30909.5;6775.62;2709.04;85.2335
269;4.08499e+06;39940;8763.41;3505.86;110.303
270;4.06972e+06;51579.1;11331;4536.43;142.728
271;4.05005e+06;66560.2;14645;5868.95;184.652
272;4.02475e+06;85810;18918.9;7591.21;238.839
273;3.99227e+06;110490;24424.2;9816.08;308.839
274;3.95068e+06;142039;31505;12688.4;399.209
275;3.89758e+06;182222;40594.9;16393.4;515.777
276;3.83009e+06;233153;52234.7;21167.3;665.978
277;3.74474e+06;297307;67092.3;27310.1;859.247
278;3.63756e+06;377467;85979.1;35200.2;1107.49
279;3.50412e+06;476591;109862;45311.3;1425.61
280;3.33986e+06;597526;139858;58231;1832.1
281;3.14054e+06;742535;177208;74678.3;2349.57
282;2.90303e+06;912550;223209;95517.9;3005.24
283;2.62644e+06;1.10619e+06;279085;121767;3831.11
284;2.3135e+06;1.31857e+06;345784;154588;4863.73
285;1.97189e+06;1.54033e+06;423698;195252;6143.13
286;1.615e+06;1.7572e+06;512319;245079;7710.81
287;1.26143e+06;1.95104e+06;609905;305328;9606.39
288;932513;2.10261e+06;713273;377052;11863
289;647996;2.196e+06;817880;460933;14502.2
290;421146;2.22323e+06;918288;557116;17528.3
291;255491;2.1868e+06;1.00899e+06;665107;20926
292;144977;2.09853e+06;1.08538e+06;783764;24659.2
293;77457.7;1.97529e+06;1.14448e+06;911405;28675.1
294;39382.4;1.83381e+06;1.18521e+06;1.046e+06;32909.7
295;19313.8;1.68719e+06;1.20814e+06;1.18538e+06;37295
296;9270.73;1.54387e+06;1.21495e+06;1.32745e+06;41765.1
297;4417.5;1.40838e+06;1.20792e+06;1.47033e+06;46260.4
298;2115.8;1.28266e+06;1.18942e+06;1.61238e+06;50729.7
299;1029.08;1.16715e+06;1.16174e+06;1.75226e+06;55130.6
300;512.267;1.06158e+06;1.12691e+06;1.88888e+06;59429
301;262.451;965330;1.08672e+06;2.0214e+06;63598.6
302;138.901;877705;1.04265e+06;2.1492e+06;67619.4
303;76.1026;797984;995956;2.27182e+06;71477.2
304;43.2054;725480;947683;2.38894e+06;75162.3
305;25.418;659552;898675;2.50039e+06;78668.7
306;15.4861;599609;849619;2.60607e+06;81993.8
307;9.76065;545110;801065;2.70599e+06;85137.4
308;6.35557;495563;753446;2.80019e+06;88101.3
309;4.26866;450518;707100;2.8888e+06;90889.1
310;2.95232;409567;662281;2.97195e+06;93505.3
311;2.09905;372339;619176;3.04984e+06;95955.8
312;1.53154;338494;577915;3.12265e+06;98246.7
313;1.14483;307725;538583;3.19062e+06;100385
314;0.8753;279753;501225;3.25395e+06;102378
315;0.683424;254324;465856;3.3129e+06;104232
316;0.544117;231206;432466;3.36768e+06;105956
317;0.441111;210189;401024;3.41854e+06;107556
318;0.363646;191083;371486;3.4657e+06;109040
319;0.304466;173714;343794;3.50939e+06;110414
320;0.258596;157923;317883;3.54982e+06;111686
321;0.222561;143568;293679;3.5872e+06;112863
322;0.1939;130518;271106;3.62174e+06;113949
323;0.170844;118654;250085;3.65362e+06;114952
324;0.152099;107868;230535;3.68303e+06;115878
325;0.136712;98062.9;212376;3.71014e+06;116731
326;0.123969;89149;195529;3.73512e+06;117516
327;0.113328;81045.3;179915;3.75811e+06;118240
328;0.104375;73678.3;165458;3.77927e+06;118906
329;0.0967912;66981;152086;3.79873e+06;119518
330;0.0903257;60892.4;139726;3.81661e+06;120080
331;0.0847816;55357.3;128313;3.83304e+06;120597
332;0.0800023;50325.3;117780;3.84813e+06;121072
333;0.0758621;45750.8;108068;3.86198e+06;121508
334;0.0722595;41592;99118.1;3.87469e+06;121908
335;0.0691118;37811.3;90875.8;3.88635e+06;122275
336;0.0663514;34374.3;83289.6;3.89704e+06;122611
337;0.0639222;31249.6;76311.2;3.90683e+06;122919
338;0.0617779;28409.1;69895.3;3.9158e+06;123201
339;0.0598797;25826.7;63999.4;3.92402e+06;123460
340;0.0581948;23479;58583.9;3.93155e+06;123697
341;0.0566959;21344.8;53611.9;3.93844e+06;123913
342;0.0553594;19404.5;49049;3.94474e+06;124112
343;0.0541654;17640.7;44863.2;3.95051e+06;124293
344;0.0530968;16037.1;41024.9;3.95579e+06;124459
345;0.0521389;14579.4;37506.3;3.96061e+06;124611
346;0.0512789;13254.1;34282.1;3.96502e+06;124750
347;0.0505058;12049.3;31328.5;3.96906e+06;124877
348;0.0498099;10954;28623.6;3.97274e+06;124993
349;0.0491828;9958.3;26147.3;3.97611e+06;125099
350;0.0486172;9053.09;23880.8;3.97918e+06;125195
351;0.0481065;8230.17;21807;3.98199e+06;125284
352;0.0476451;7482.05;19909.9;3.98455e+06;125364
353;0.0472279;6801.93;18175;3.9869e+06;125438
354;0.0468503;6183.63;16588.6;3.98903e+06;125505
355;0.0465084;5621.54;15138.5;3.99098e+06;125567
356;0.0461987;5110.54;13813.2;3.99276e+06;125623
357;0.045918;4646;12602.2;3.99439e+06;125674
358;0.0456635;4223.67;11495.9;3.99587e+06;125720
359;0.0454326;3839.74;10485.4;3.99722e+06;125763
360;0.045223;3490.71;9562.54;3.99845e+06;125802
361;0.0450328;3173.41;8719.91;3.99958e+06;125837
362;0.04486;2884.94;7950.65;4.0006e+06;125869
363;0.0447031;2622.7;7248.47;4.00154e+06;125899
364;0.0445606;2384.3;6607.64;4.00239e+06;125926
365;0.044431;2167.57;6022.86;4.00317e+06;125950
366;0.0443133;1970.53;5489.32;4.00388e+06;125972
367;0.0442063;1791.41;5002.59;4.00452e+06;125993
368;0.044109;1628.57;4558.61;4.00511e+06;126011
369;0.0440206;1480.54;4153.69;4.00565e+06;126028
370;0.0439401;1345.96;3784.43;4.00614e+06;126043
371;0.043867;1223.61;3447.73;4.00658e+06;126057
372;0.0438004;1112.38;3140.74;4.00699e+06;126070
373;0.0437399;1011.27;2860.89;4.00736e+06;126082
374;0.0436849;919.343;2605.78;4.00769e+06;126092
375;0.0436348;835.774;2373.27;4.008e+06;126102
376;0.0435892;759.803;2161.37;4.00828e+06;126111
377;0.0435478;690.737;1968.26;4.00853e+06;126119
378;0.0435101;627.949;1792.3;4.00876e+06;126126
379;0.0434758;570.868;1631.97;4.00897e+06;126133
380;0.0434445;518.976;1485.9;4.00917e+06;126139
381;0.0434161;471.801;1352.84;4.00934e+06;126144
382;0.0433903;428.915;1231.63;4.0095e+06;126149
383;0.0433668;389.926;1121.22;4.00965e+06;126154
384;0.0433454;354.482;1020.66;4.00978e+06;126158
385;0.0433259;322.26;929.076;4.0099e+06;126162
386;0.0433082;292.966;845.672;4.01001e+06;126165
387;0.0432921;266.336;769.723;4.01011e+06;126168
388;0.0432775;242.126;700.565;4.0102e+06;126171
389;0.0432641;220.117;637.596;4.01028e+06;126174
390;0.043252;200.108;580.264;4.01035e+06;126176
391;0.0432409;181.918;528.068;4.01042e+06;126178
392;0.0432309;165.382;480.55;4.01048e+06;126180
393;0.0432218;150.349;437.292;4.01054e+06;126182
394;0.0432134;136.682;397.915;4.01059e+06;126184
395;0.0432059;124.258;362.073;4.01064e+06;126185
396;0.043199;112.963;329.448;4.01068e+06;126186
397;0.0431927;102.694;299.754;4.01072e+06;126188
398;0.043187;93.3594;272.729;4.01076e+06;126189
399;0.0431819;84.873;248.133;4.01079e+06;126190
400;0.0431771;77.158;225.75;4.01082e+06;126191
401;0.0431729;70.1444;205.38;4.01084e+06;126191
402;0.043169;63.7683;186.844;4.01087e+06;126192
403;0.0431654;57.9717;169.976;4.01089e+06;126193
404;0.0431622;52.7021;154.628;4.01091e+06;126194
405;0.0431592;47.9115;140.662;4.01093e+06;126194
406;0.0431566;43.5563;127.955;4.01094e+06;126195
407;0.0431541;39.5971;116.393;4.01096e+06;126195
408;0.0431519;35.9977;105.874;4.01097e+06;126196
409;0.0431499;32.7255;96.3036;4.01098e+06;126196
410;0.0431481;29.7508;87.5968;4.011e+06;126196
411;0.0431464;27.0464;79.6756;4.01101e+06;126197
412;0.0431449;24.5879;72.4695;4.01102e+06;126197
413;0.0431435;22.3529;65.914;4.01102e+06;126197
414;0.0431423;20.321;59.9505;4.01103e+06;126197
415;0.0431412;18.4738;54.5257;4.01104e+06;126198
416;0.0431401;16.7945;49.591;4.01105e+06;126198
417;0.0431392;15.2679;45.1022;4.01105e+06;126198
418;0.0431383;13.8801;41.0192;4.01106e+06;126198
419;0.0431375;12.6184;37.3052;4.01106e+06;126198
420;0.0431368;11.4714;33.9271;4.01107e+06;126199
421;0.0431362;10.4286;30.8545;4.01107e+06;126199
422;0.0431356;9.48065;28.0598;4.01107e+06;126199
423;0.0431351;8.61886;25.518;4.01108e+06;126199
424;0.0431346;7.83541;23.2061;4.01108e+06;126199
425;0.0431341;7.12317;21.1034;4.01108e+06;126199
426;0.0431337;6.47567;19.1911;4.01109e+06;126199
427;0.0431334;5.88704;17.4518;4.01109e+06;126199
428;0.0431331;5.3519;15.8701;4.01109e+06;126199
429;0.0431328;4.86542;14.4315;4.01109e+06;126199
430;0.0431325;4.42315;13.1232;4.01109e+06;126199
431;0.0431322;4.02109;11.9334;4.01109e+06;126199
432;0.043132;3.65557;10.8514;4.0111e+06;126199
433;0.0431318;3.32328;9.86745;4.0111e+06;126199
434;0.0431316;3.02119;8.97261;4.0111e+06;126200
435;0.0431314;2.74657;8.15886;4.0111e+06;126200
436;0.0431313;2.4969;7.41886;4.0111e+06;126200
437;0.0431311;2.26994;6.74592;4.0111e+06;126200
438;0.043131;2.0636;6.13397;4.0111e+06;126200
439;0.0431309;1.87602;5.5775;4.0111e+06;126200
440;0.0431308;1.70549;5.07148;4.0111e+06;126200
441;0.0431307;1.55046;4.61134;4.0111e+06;126200
442;0.0431306;1.40952;4.19292;4.0111e+06;126200
443;0.0431305;1.2814;3.81245;4.01111e+06;126200
444;0.0431305;1.16492;3.46648;4.01111e+06;126200
445;0.0431304;1.05903;3.15188;4.01111e+06;126200
446;0.0431303;0.962761;2.86583;4.01111e+06;126200
447;0.0431303;0.875246;2.60572;4.01111e+06;126200
448;0.0431302;0.795687;2.3692;4.01111e+06;126200
449;0.0431302;0.723359;2.15415;4.01111e+06;126200
450;0.0431301;0.657605;1.9586;4.01111e+06;126200
451;0.0431301;0.597829;1.7808;4.01111e+06;126200
452;0.0431301;0.543487;1.61913;4.01111e+06;126200
453;0.04313;0.494084;1.47213;4.01111e+06;126200
454;0.04313;0.449171;1.33848;4.01111e+06;126200
455;0.04313;0.408342;1.21695;4.01111e+06;126200
456;0.04313;0.371224;1.10645;4.01111e+06;126200
457;0.0431299;0.337479;1.00598;4.01111e+06;126200
458;0.0431299;0.306803;0.914634;4.01111e+06;126200
459;0.0431299;0.278914;0.831577;4.01111e+06;126200
460;0.0431299;0.253561;0.75606;4.01111e+06;126200
461;0.0431299;0.230512;0.687399;4.01111e+06;126200
462;0.0431299;0.209559;0.624971;4.01111e+06;126200
463;0.0431299;0.19051;0.568211;4.01111e+06;126200
464;0.0431298;0.173192;0.516604;4.01111e+06;126200
465;0.0431298;0.157449;0.469683;4.01111e+06;126200
