214;6.3228e+06;1.7647;0.8787;0.1176;0.0037
215;6.3228e+06;3.15493;0.932525;0.220935;0.00695119
216;6.3228e+06;4.51377;1.10619;0.3306;0.0104015
217;6.32279e+06;6.05557;1.38231;0.460688;0.0144944
218;6.32279e+06;7.94448;1.76509;0.623248;0.019609
219;6.32279e+06;10.3372;2.27314;0.830823;0.0261398
220;6.32278e+06;13.4089;2.93706;1.09814;0.0345505
221;6.32278e+06;17.3731;3.79966;1.44354;0.0454176
222;6.32277e+06;22.4991;4.91798;1.89038;0.0594763
223;6.32276e+06;29.1326;6.36659;2.46874;0.0776728
224;6.32275e+06;37.7195;8.24248;3.21745;0.101229
225;6.32274e+06;48.8362;10.6714;4.18676;0.131726
226;6.32272e+06;63.2286;13.8162;5.44172;0.17121
227;6.32269e+06;81.8622;17.8877;7.0665;0.22233
228;6.32266e+06;105.987;23.1592;9.17009;0.288515
229;6.32262e+06;137.221;29.9842;11.8936;0.374204
230;6.32257e+06;177.659;38.8205;15.4198;0.485146
231;6.3225e+06;230.014;50.2608;19.9851;0.628781
232;6.32241e+06;297.797;65.0724;25.8957;0.814746
233;6.3223e+06;385.553;84.2489;33.5482;1.05551
234;6.32215e+06;499.169;109.076;43.4559;1.36724
235;6.32196e+06;646.261;141.22;56.2833;1.77082
236;6.32171e+06;836.693;182.835;72.8907;2.29333
237;6.32138e+06;1083.23;236.712;94.3921;2.96982
238;6.32097e+06;1402.4;306.465;122.229;3.84566
239;6.32043e+06;1815.58;396.769;158.27;4.97958
240;6.31973e+06;2350.46;513.677;204.93;6.44762
241;6.31882e+06;3042.85;665.025;265.338;8.34822
242;6.31765e+06;3939.08;860.952;343.545;10.8088
243;6.31613e+06;5099.11;1114.58;444.793;13.9943
244;6.31416e+06;6600.43;1442.89;575.868;18.1183
245;6.31162e+06;8543.25;1867.85;745.552;23.457
246;6.30833e+06;11057;2417.86;965.211;30.368
247;6.30407e+06;14309;3129.66;1249.55;39.3141
248;6.29857e+06;18514.9;4050.72;1617.6;50.8938
249;6.29145e+06;23952.8;5242.37;2093.96;65.8815
250;6.28224e+06;30980.9;6783.78;2710.47;85.2783
251;6.27035e+06;40059.5;8777.08;3508.24;110.378
252;6.25499e+06;51778.7;11353.8;4540.42;142.853
253;6.23516e+06;66893.6;14683.3;5875.63;184.863
254;6.20961e+06;86366.2;18982.8;7602.39;239.191
255;6.17671e+06;111416;24530.9;9834.77;309.427
256;6.13442e+06;143580;31683;12719.6;400.192
257;6.08017e+06;184777;40891.3;16445.5;517.419
258;6.01077e+06;237378;52727.4;21254.3;668.716
259;5.92231e+06;304266;67909.2;27455.1;863.808
260;5.81004e+06;388872;87329.5;35441.2;1115.07
261;5.66841e+06;495160;112085;45711.2;1438.19
262;5.49104e+06;627515;143499;58892.3;1852.91
263;5.27106e+06;790458;183134;75767.8;2383.85
264;5.00154e+06;988125;232772;97304.4;3061.45
265;4.67645e+06;1.2234e+06;294358;124678;3922.7
266;4.29201e+06;1.49662e+06;369859;159295;5011.83
267;3.84861e+06;1.80399e+06;461038;202790;6380.3
268;3.35288e+06;2.13573e+06;569096;257008;8086.14
269;2.81965e+06;2.47483e+06;694202;323934;10191.8
270;2.27245e+06;2.79706e+06;834957;405572;12760.4
271;1.74182e+06;3.07344e+06;987930;503763;15849.7
272;1.26034e+06;3.27555e+06;1.14747e+06;619944;19505
273;855453;3.38268e+06;1.30603e+06;754886;23750.7
274;542454;3.3882e+06;1.45509e+06;908475;28583
275;321154;3.30151e+06;1.58658e+06;1.07959e+06;33966.8
276;178174;3.14438e+06;1.69423e+06;1.26618e+06;39837.2
277;93388.5;2.94334e+06;1.77455e+06;1.46542e+06;46105.8
278;46795.7;2.72239e+06;1.82684e+06;1.6741e+06;52671.6
279;22735.4;2.49898e+06;1.85271e+06;1.88894e+06;59431
280;10867.6;2.28369e+06;1.85514e+06;2.10682e+06;66286
281;5181.07;2.08179e+06;1.8377e+06;2.32498e+06;73150
282;2492.59;1.89524e+06;1.80402e+06;2.5411e+06;79949.5
283;1221.49;1.72424e+06;1.75747e+06;2.75325e+06;86624.3
284;614.018;1.56811e+06;1.70102e+06;2.95993e+06;93127
285;318.152;1.42587e+06;1.63723e+06;3.15997e+06;99420.8
286;170.45;1.2964e+06;1.56824e+06;3.35251e+06;105478
287;94.5789;1.17864e+06;1.49586e+06;3.53693e+06;111281
288;54.3854;1.07154e+06;1.42155e+06;3.71284e+06;116816
289;32.4016;974157;1.34652e+06;3.88002e+06;122075
290;19.9849;885619;1.27174e+06;4.03837e+06;127058
291;12.746;805123;1.19798e+06;4.18792e+06;131763
292;8.39361;731942;1.12585e+06;4.32881e+06;136195
293;5.69807;665411;1.05582e+06;4.46121e+06;140361
294;3.98085;604927;988232;4.58537e+06;144268
295;2.85724;549940;923347;4.70159e+06;147924
296;2.10327;499951;861335;4.81017e+06;151340
297;1.58525;454506;802300;4.91147e+06;154527
298;1.22138;413192;746296;5.00582e+06;157496
299;0.960483;375633;693329;5.09358e+06;160257
300;0.769788;341488;643374;5.17512e+06;162823
301;0.627908;310447;596374;5.25078e+06;165203
302;0.52059;282228;552253;5.32091e+06;167410
303;0.438167;256573;510919;5.38586e+06;169453
304;0.373965;233251;472267;5.44594e+06;171343
305;0.3233;212048;436184;5.50148e+06;173091
306;0.282834;192773;402550;5.55277e+06;174705
307;0.250154;175250;371244;5.60011e+06;176194
308;0.223492;159320;342142;5.64377e+06;177568
309;0.201534;144838;315122;5.68401e+06;178834
310;0.183293;131672;290064;5.72107e+06;180000
311;0.168019;119703;266848;5.75518e+06;181073
312;0.155137;108822;245360;5.78656e+06;182060
313;0.144198;98930.1;225490;5.81541e+06;182968
314;0.134853;89937.4;207131;5.84193e+06;183802
315;0.126823;81762.1;190181;5.86629e+06;184569
316;0.119889;74329.9;174544;5.88865e+06;185272
317;0.113872;67573.3;160129;5.90918e+06;185918
318;0.108629;61430.9;146848;5.92801e+06;186511
319;0.104042;55846.9;134619;5.94528e+06;187054
320;0.100013;50770.4;123366;5.96111e+06;187552
321;0.0964645;46155.4;113017;5.97562e+06;188008
322;0.0933285;41959.8;103503;5.98891e+06;188427
323;0.0905496;38145.7;94762.7;6.00108e+06;188810
324;0.088081;34678.3;86735.4;6.01223e+06;189160
325;0.085883;31526;79366.6;6.02243e+06;189481
326;0.0839219;28660.3;72605.2;6.03176e+06;189775
327;0.0821686;26055.1;66403.4;6.0403e+06;190043
328;0.0805986;23686.7;60717.1;6.04811e+06;190289
329;0.0791904;21533.5;55505.2;6.05525e+06;190514
330;0.0779255;19576.2;50729.8;6.06178e+06;190719
331;0.0767879;17796.7;46355.8;6.06774e+06;190907
332;0.0757635;16179;42350.5;6.07319e+06;191078
333;0.07484;14708.3;38684.1;6.07817e+06;191235
334;0.0740068;13371.3;35328.7;6.08272e+06;191378
335;0.0732543;12155.9;32258.8;6.08688e+06;191509
336;0.0725742;11050.9;29450.7;6.09067e+06;191628
337;0.071959;10046.4;26882.9;6.09413e+06;191737
338;0.0714022;9133.15;24535.2;6.0973e+06;191837
339;0.070898;8302.95;22389.3;6.10018e+06;191927
340;0.0704411;7548.21;20428.2;6.10281e+06;192010
341;0.0700269;6862.08;18636.4;6.10522e+06;192086
342;0.0696512;6238.32;16999.6;6.10741e+06;192155
343;0.0693104;5671.26;15504.6;6.10941e+06;192218
344;0.0690011;5155.74;14139.4;6.11123e+06;192275
345;0.0687202;4687.08;12892.9;6.11289e+06;192327
346;0.0684652;4261.03;11755.1;6.11441e+06;192375
347;0.0682335;3873.7;10716.5;6.11579e+06;192419
348;0.068023;3521.58;9768.73;6.11705e+06;192458
349;0.0678318;3201.47;8903.89;6.1182e+06;192494
350;0.0676579;2910.46;8114.86;6.11925e+06;192527
351;0.0674998;2645.9;7395.09;6.1202e+06;192557
352;0.0673562;2405.38;6738.58;6.12107e+06;192585
353;0.0672255;2186.73;6139.84;6.12186e+06;192610
354;0.0671067;1987.96;5593.85;6.12259e+06;192632
355;0.0669986;1807.25;5096.02;6.12324e+06;192653
356;0.0669003;1642.98;4642.15;6.12384e+06;192672
357;0.0668109;1493.63;4228.41;6.12439e+06;192689
358;0.0667296;1357.86;3851.27;6.12489e+06;192705
359;0.0666556;1234.43;3507.54;6.12534e+06;192719
360;0.0665883;1122.22;3194.29;6.12575e+06;192732
361;0.0665271;1020.21;2908.83;6.12613e+06;192744
362;0.0664714;927.473;2648.73;6.12647e+06;192755
363;0.0664207;843.166;2411.74;6.12678e+06;192764
364;0.0663746;766.522;2195.84;6.12707e+06;192773
365;0.0663326;696.845;1999.16;6.12732e+06;192781
366;0.0662944;633.502;1820.01;6.12756e+06;192789
367;0.0662597;575.917;1656.83;6.12777e+06;192796
368;0.0662281;523.566;1508.2;6.12797e+06;192802
369;0.0661994;475.974;1372.85;6.12814e+06;192807
370;0.0661732;432.708;1249.59;6.12831e+06;192812
371;0.0661494;393.375;1137.35;6.12845e+06;192817
372;0.0661277;357.617;1035.15;6.12859e+06;192821
373;0.066108;325.11;942.09;6.12871e+06;192825
374;0.0660901;295.557;857.367;6.12882e+06;192829
375;0.0660738;268.691;780.234;6.12892e+06;192832
376;0.0660589;244.267;710.016;6.12901e+06;192835
377;0.0660454;222.063;646.095;6.1291e+06;192837
378;0.0660332;201.878;587.909;6.12917e+06;192840
379;0.066022;183.527;534.946;6.12924e+06;192842
380;0.0660118;166.844;486.74;6.1293e+06;192844
381;0.0660026;151.678;442.865;6.12936e+06;192846
382;0.0659942;137.891;402.933;6.12941e+06;192847
383;0.0659865;125.356;366.591;6.12946e+06;192849
384;0.0659795;113.962;333.519;6.1295e+06;192850
385;0.0659732;103.602;303.422;6.12954e+06;192851
386;0.0659674;94.185;276.034;6.12958e+06;192852
387;0.0659622;85.6236;251.113;6.12961e+06;192853
388;0.0659574;77.8404;228.436;6.12964e+06;192854
389;0.0659531;70.7647;207.802;6.12967e+06;192855
390;0.0659491;64.3322;189.028;6.12969e+06;192856
391;0.0659456;58.4844;171.947;6.12971e+06;192857
392;0.0659423;53.1682;156.406;6.12973e+06;192857
393;0.0659393;48.3352;142.267;6.12975e+06;192858
394;0.0659366;43.9415;129.404;6.12977e+06;192858
395;0.0659342;39.9472;117.701;6.12978e+06;192859
396;0.0659319;36.316;107.055;6.1298e+06;192859
397;0.0659299;33.0149;97.3707;6.12981e+06;192860
398;0.065928;30.0139;88.5607;6.12982e+06;192860
399;0.0659264;27.2856;80.5465;6.12983e+06;192860
400;0.0659248;24.8053;73.2565;6.12984e+06;192861
401;0.0659234;22.5505;66.6253;6.12985e+06;192861
402;0.0659222;20.5007;60.5935;6.12986e+06;192861
403;0.065921;18.6372;55.107;6.12987e+06;192861
404;0.06592;16.9431;50.1166;6.12987e+06;192862
405;0.065919;15.4029;45.5776;6.12988e+06;192862
406;0.0659182;14.0028;41.4492;6.12988e+06;192862
407;0.0659174;12.73;37.6943;6.12989e+06;192862
408;0.0659167;11.5728;34.2791;6.12989e+06;192862
409;0.065916;10.5208;31.173;6.1299e+06;192862
410;0.0659154;9.5645;28.3481;6.1299e+06;192863
411;0.0659149;8.69508;25.7789;6.1299e+06;192863
412;0.0659144;7.9047;23.4423;6.12991e+06;192863
413;0.065914;7.18616;21.3173;6.12991e+06;192863
414;0.0659136;6.53294;19.3847;6.12991e+06;192863
415;0.0659132;5.9391;17.6272;6.12991e+06;192863
416;0.0659128;5.39923;16.0289;6.12992e+06;192863
417;0.0659125;4.90844;14.5754;6.12992e+06;192863
418;0.0659123;4.46227;13.2535;6.12992e+06;192863
419;0.065912;4.05665;12.0515;6.12992e+06;192863
420;0.0659118;3.6879;10.9584;6.12992e+06;192863
421;0.0659116;3.35267;9.96438;6.12992e+06;192863
422;0.0659114;3.04791;9.06046;6.12993e+06;192863
423;0.0659112;2.77086;8.23848;6.12993e+06;192863
424;0.0659111;2.51899;7.49102;6.12993e+06;192863
425;0.0659109;2.29001;6.81134;6.12993e+06;192863
426;0.0659108;2.08185;6.19329;6.12993e+06;192863
427;0.0659107;1.89261;5.63128;6.12993e+06;192863
428;0.0659106;1.72057;5.12024;6.12993e+06;192863
429;0.0659105;1.56417;4.65556;6.12993e+06;192863
430;0.0659104;1.42199;4.23302;6.12993e+06;192863
431;0.0659103;1.29273;3.84882;6.12993e+06;192864
432;0.0659102;1.17522;3.49946;6.12993e+06;192864
433;0.0659102;1.06839;3.18181;6.12993e+06;192864
434;0.0659101;0.971276;2.89297;6.12993e+06;192864
435;0.06591;0.882987;2.63034;6.12993e+06;192864
436;0.06591;0.802723;2.39154;6.12993e+06;192864
437;0.06591;0.729756;2.17442;6.12993e+06;192864
438;0.0659099;0.663421;1.977;6.12993e+06;192864
439;0.0659099;0.603116;1.79749;6.12993e+06;192864
440;0.0659098;0.548293;1.63428;6.12994e+06;192864
441;0.0659098;0.498453;1.48588;6.12994e+06;192864
442;0.0659098;0.453144;1.35095;6.12994e+06;192864
443;0.0659098;0.411953;1.22827;6.12994e+06;192864
444;0.0659097;0.374506;1.11673;6.12994e+06;192864
445;0.0659097;0.340464;1.01531;6.12994e+06;192864
446;0.0659097;0.309516;0.923104;6.12994e+06;192864
447;0.0659097;0.281381;0.839266;6.12994e+06;192864
448;0.0659097;0.255803;0.763041;6.12994e+06;192864
449;0.0659096;0.232551;0.693736;6.12994e+06;192864
450;0.0659096;0.211412;0.630725;6.12994e+06;192864
451;0.0659096;0.192195;0.573435;6.12994e+06;192864
452;0.0659096;0.174724;0.521348;6.12994e+06;192864
453;0.0659096;0.158842;0.473991;6.12994e+06;192864
