73;7.06151e+06;1.7647;0.8787;0.1176;0.0037
74;7.0615e+06;3.15493;0.932525;0.220935;0.00695119
75;7.0615e+06;4.51377;1.10619;0.3306;0.0104015
76;7.0615e+06;6.05557;1.38231;0.460688;0.0144944
77;7.0615e+06;7.94448;1.76509;0.623248;0.019609
78;7.06149e+06;10.3372;2.27314;0.830823;0.0261398
79;7.06149e+06;13.4089;2.93706;1.09814;0.0345505
80;7.06149e+06;17.3731;3.79966;1.44354;0.0454176
81;7.06148e+06;22.4991;4.91798;1.89038;0.0594763
82;7.06147e+06;29.1327;6.36659;2.46874;0.0776728
83;7.06146e+06;37.7196;8.24248;3.21745;0.101229
84;7.06144e+06;48.8363;10.6714;4.18676;0.131726
85;7.06143e+06;63.2287;13.8162;5.44172;0.171211
86;7.0614e+06;81.8623;17.8877;7.0665;0.22233
87;7.06137e+06;105.987;23.1592;9.1701;0.288515
88;7.06133e+06;137.221;29.9842;11.8936;0.374204
89;7.06128e+06;177.66;38.8206;15.4198;0.485146
90;7.06121e+06;230.015;50.2609;19.9851;0.628782
91;7.06112e+06;297.798;65.0726;25.8957;0.814747
92;7.061e+06;385.555;84.2491;33.5483;1.05552
93;7.06085e+06;499.172;109.077;43.456;1.36724
94;7.06066e+06;646.267;141.22;56.2834;1.77082
95;7.06041e+06;836.703;182.836;72.8909;2.29334
96;7.06009e+06;1083.25;236.714;94.3924;2.96983
97;7.05967e+06;1402.43;306.468;122.23;3.84567
98;7.05913e+06;1815.63;396.774;158.271;4.97961
99;7.05843e+06;2350.54;513.686;204.931;6.44767
100;7.05753e+06;3042.98;665.04;265.341;8.34831
101;7.05635e+06;3939.31;860.978;343.55;10.809
102;7.05484e+06;5099.49;1114.63;444.801;13.9946
103;7.05287e+06;6601.07;1442.96;575.881;18.1187
104;7.05033e+06;8544.32;1867.97;745.573;23.4577
105;7.04704e+06;11058.8;2418.06;965.247;30.3692
106;7.04278e+06;14312;3130;1249.61;39.316
107;7.03727e+06;18519.9;4051.29;1617.7;50.897
108;7.03014e+06;23961.3;5243.34;2094.13;65.8868
109;7.02093e+06;30995.1;6785.4;2710.75;85.2871
110;7.00903e+06;40083.2;8779.79;3508.71;110.393
111;6.99365e+06;51818.4;11358.4;4541.21;142.878
112;6.9738e+06;66959.9;14690.9;5876.96;184.904
113;6.94819e+06;86476.9;18995.5;7604.6;239.261
114;6.91521e+06;111601;24552.1;9838.48;309.544
115;6.87278e+06;143887;31718.5;12725.8;400.387
116;6.8183e+06;185289;40950.4;16455.9;517.745
117;6.74851e+06;238227;52825.8;21271.7;669.262
118;6.65942e+06;305670;68072.9;27484;864.717
119;6.54611e+06;391187;87601.1;35489.4;1116.59
120;6.40279e+06;498957;112534;45791.2;1440.71
121;6.22269e+06;633702;144239;59025.2;1857.09
122;5.99832e+06;800459;184346;75987.7;2390.77
123;5.7219e+06;1.00413e+06;234747;97666.8;3072.85
124;5.38608e+06;1.24867e+06;297547;125273;3941.41
125;4.98536e+06;1.53588e+06;374958;160265;5042.34
126;4.51788e+06;1.86375e+06;469088;204360;6429.68
127;3.98778e+06;2.22444e+06;581602;259524;8165.31
128;3.40751e+06;2.60251e+06;713255;327921;10317.2
129;2.79925e+06;2.9742e+06;863304;411799;12956.3
130;2.19422e+06;3.30887e+06;1.02894e+06;513324;16150.5
131;1.62872e+06;3.5736e+06;1.20491e+06;634327;19957.6
132;1.1369e+06;3.74057e+06;1.38359e+06;776024;24415.7
133;742438;3.79502e+06;1.55578e+06;938735;29535
134;452570;3.73992e+06;1.71203e+06;1.12169e+06;35291.4
135;257969;3.59456e+06;1.84432e+06;1.32303e+06;41625.9
136;138365;3.38742e+06;1.94735e+06;1.53992e+06;48449.9
137;70564.8;3.1473e+06;2.01905e+06;1.76893e+06;55655.1
138;34677.3;2.8971e+06;2.06023e+06;2.00637e+06;63125.6
139;16662.3;2.65177e+06;2.07367e+06;2.24865e+06;70748.4
140;7940.24;2.41945e+06;2.06318e+06;2.49252e+06;78421
141;3800.31;2.20366e+06;2.03284e+06;2.73515e+06;86054.8
142;1845.88;2.0053e+06;1.98657e+06;2.97421e+06;93576.3
143;917.184;1.82395e+06;1.92788e+06;3.20783e+06;100927
144;468.892;1.6586e+06;1.85983e+06;3.43455e+06;108060
145;247.575;1.50805e+06;1.785e+06;3.65327e+06;114941
146;135.31;1.37108e+06;1.70556e+06;3.86318e+06;121546
147;76.6276;1.24651e+06;1.62331e+06;4.06375e+06;127856
148;44.9689;1.13323e+06;1.53971e+06;4.25466e+06;133862
149;27.3315;1.03024e+06;1.45595e+06;4.43573e+06;139559
150;17.1865;936603;1.37299e+06;4.60694e+06;144946
151;11.166;851471;1.29159e+06;4.76841e+06;150026
152;7.48369;774076;1.21232e+06;4.9203e+06;154805
153;5.1656;703715;1.13563e+06;5.06287e+06;159291
154;3.66579;639749;1.06184e+06;5.19642e+06;163493
155;2.66999;581597;991194;5.32129e+06;167422
156;1.99257;528730;923829;5.43785e+06;171089
157;1.52112;480669;859830;5.5465e+06;174507
158;1.18599;436977;799226;5.64761e+06;177689
159;0.943001;397256;742000;5.7416e+06;180646
160;0.763552;361145;688106;5.82886e+06;183391
161;0.628751;328317;637467;5.90978e+06;185937
162;0.525879;298473;589986;5.98475e+06;188296
163;0.44622;271342;545552;6.05413e+06;190479
164;0.383698;246677;504042;6.11829e+06;192497
165;0.334012;224254;465324;6.17756e+06;194362
166;0.294072;203870;429265;6.23229e+06;196084
167;0.261625;185338;395727;6.28277e+06;197672
168;0.235007;168491;364573;6.3293e+06;199136
169;0.212974;153175;335666;6.37218e+06;200485
170;0.194587;139251;308873;6.41165e+06;201727
171;0.179126;126593;284065;6.44798e+06;202870
172;0.166034;115086;261115;6.48138e+06;203921
173;0.154877;104625;239903;6.51209e+06;204887
174;0.145315;95114.4;220313;6.5403e+06;205775
175;0.137074;86468.5;202235;6.56621e+06;206590
176;0.129938;78608.6;185564;6.58999e+06;207338
177;0.12373;71463.1;170201;6.61182e+06;208025
178;0.118307;64967.1;156051;6.63183e+06;208655
179;0.113553;59061.6;143028;6.65018e+06;209232
180;0.10937;53692.9;131047;6.667e+06;209761
181;0.105679;48812.2;120032;6.68241e+06;210246
182;0.102412;44375.2;109909;6.69653e+06;210690
183;0.0995123;40341.5;100611;6.70945e+06;211097
184;0.0969332;36674.4;92073.7;6.72129e+06;211469
185;0.094634;33340.7;84238.9;6.73211e+06;211810
186;0.0925802;30310.1;77051.4;6.74202e+06;212121
187;0.0907423;27554.9;70460.2;6.75108e+06;212407
188;0.089095;25050.1;64418.1;6.75937e+06;212667
189;0.0876161;22773.1;58881.3;6.76694e+06;212906
190;0.0862868;20703;53809.1;6.77387e+06;213123
191;0.0850904;18821.1;49163.9;6.7802e+06;213323
192;0.0840124;17110.3;44911.2;6.78598e+06;213504
193;0.0830401;15554.9;41018.8;6.79126e+06;213671
194;0.0821623;14141;37457.1;6.79608e+06;213822
195;0.0813692;12855.6;34199;6.80049e+06;213961
196;0.0806521;11687;31219.2;6.80451e+06;214087
197;0.0800032;10624.7;28494.7;6.80818e+06;214203
198;0.0794157;9658.88;26004.1;6.81153e+06;214308
199;0.0788834;8780.89;23727.8;6.81459e+06;214405
200;0.078401;7982.71;21647.8;6.81738e+06;214492
201;0.0779636;7257.08;19747.5;6.81993e+06;214573
202;0.0775668;6597.41;18011.8;6.82225e+06;214646
203;0.0772067;5997.71;16426.7;6.82437e+06;214712
204;0.0768798;5452.52;14979.3;6.8263e+06;214773
205;0.076583;4956.88;13658;6.82806e+06;214828
206;0.0763134;4506.3;12451.8;6.82967e+06;214879
207;0.0760685;4096.68;11351.1;6.83113e+06;214925
208;0.075846;3724.29;10346.6;6.83247e+06;214967
209;0.0756437;3385.75;9430.06;6.83368e+06;215005
210;0.0754598;3077.99;8593.96;6.83479e+06;215040
211;0.0752927;2798.2;7831.3;6.8358e+06;215072
212;0.0751407;2543.84;7135.72;6.83672e+06;215101
213;0.0750025;2312.61;6501.39;6.83756e+06;215127
214;0.0748768;2102.39;5922.99;6.83833e+06;215151
215;0.0747625;1911.29;5395.64;6.83902e+06;215173
216;0.0746585;1737.55;4914.88;6.83966e+06;215193
217;0.0745639;1579.61;4476.65;6.84024e+06;215212
218;0.0744779;1436.02;4077.22;6.84076e+06;215228
219;0.0743996;1305.49;3713.19;6.84124e+06;215243
220;0.0743284;1186.82;3381.45;6.84168e+06;215257
221;0.0742636;1078.94;3079.16;6.84208e+06;215269
222;0.0742047;980.861;2803.73;6.84244e+06;215281
223;0.0741511;891.701;2552.8;6.84277e+06;215291
224;0.0741023;810.645;2324.2;6.84307e+06;215301
225;0.0740579;736.958;2115.96;6.84334e+06;215309
226;0.0740175;669.968;1926.29;6.84359e+06;215317
227;0.0739807;609.068;1753.53;6.84382e+06;215324
228;0.0739473;553.704;1596.19;6.84402e+06;215331
229;0.0739169;503.372;1452.9;6.84421e+06;215337
230;0.0738892;457.616;1322.42;6.84438e+06;215342
231;0.073864;416.018;1203.61;6.84454e+06;215347
232;0.0738411;378.202;1095.43;6.84468e+06;215351
233;0.0738203;343.824;996.931;6.84481e+06;215355
234;0.0738013;312.57;907.257;6.84493e+06;215359
235;0.073784;284.158;825.619;6.84503e+06;215362
236;0.0737683;258.328;751.302;6.84513e+06;215365
237;0.073754;234.846;683.651;6.84522e+06;215368
238;0.073741;213.498;622.071;6.8453e+06;215371
239;0.0737292;194.091;566.021;6.84537e+06;215373
240;0.0737185;176.448;515.006;6.84544e+06;215375
241;0.0737087;160.409;468.575;6.8455e+06;215377
242;0.0736998;145.828;426.318;6.84555e+06;215379
243;0.0736917;132.572;387.861;6.8456e+06;215380
244;0.0736843;120.521;352.864;6.84565e+06;215382
245;0.0736776;109.566;321.017;6.84569e+06;215383
246;0.0736715;99.6065;292.038;6.84573e+06;215384
247;0.073666;90.5523;265.668;6.84576e+06;215385
248;0.0736609;82.3211;241.673;6.84579e+06;215386
249;0.0736563;74.8381;219.841;6.84582e+06;215387
250;0.0736521;68.0353;199.977;6.84585e+06;215388
251;0.0736484;61.8509;181.905;6.84587e+06;215389
252;0.0736449;56.2287;165.462;6.84589e+06;215389
253;0.0736418;51.1175;150.502;6.84591e+06;215390
254;0.0736389;46.4709;136.893;6.84593e+06;215391
255;0.0736363;42.2467;124.512;6.84595e+06;215391
256;0.0736339;38.4065;113.249;6.84596e+06;215392
257;0.0736318;34.9153;103.003;6.84597e+06;215392
258;0.0736298;31.7415;93.6826;6.84599e+06;215392
259;0.0736281;28.8562;85.2042;6.846e+06;215393
260;0.0736264;26.2332;77.492;6.84601e+06;215393
261;0.073625;23.8486;70.4768;6.84602e+06;215393
262;0.0736236;21.6808;64.0958;6.84602e+06;215394
263;0.0736224;19.71;58.2918;6.84603e+06;215394
264;0.0736213;17.9184;53.0126;6.84604e+06;215394
265;0.0736203;16.2896;48.211;6.84605e+06;215394
266;0.0736194;14.8089;43.8437;6.84605e+06;215394
267;0.0736186;13.4627;39.8716;6.84606e+06;215395
268;0.0736178;12.239;36.2589;6.84606e+06;215395
269;0.0736171;11.1264;32.9732;6.84606e+06;215395
270;0.0736165;10.1151;29.985;6.84607e+06;215395
271;0.0736159;9.1956;27.2673;6.84607e+06;215395
272;0.0736154;8.35972;24.7956;6.84608e+06;215395
273;0.0736149;7.59982;22.5478;6.84608e+06;215395
274;0.0736145;6.909;20.5036;6.84608e+06;215395
275;0.0736141;6.28097;18.6445;6.84608e+06;215395
276;0.0736138;5.71003;16.9539;6.84609e+06;215396
277;0.0736134;5.19099;15.4164;6.84609e+06;215396
278;0.0736131;4.71913;14.0183;6.84609e+06;215396
279;0.0736129;4.29016;12.7468;6.84609e+06;215396
280;0.0736126;3.90018;11.5906;6.84609e+06;215396
281;0.0736124;3.54566;10.5392;6.84609e+06;215396
282;0.0736122;3.22336;9.58309;6.8461e+06;215396
283;0.073612;2.93035;8.71366;6.8461e+06;215396
284;0.0736119;2.66399;7.92307;6.8461e+06;215396
285;0.0736117;2.42183;7.20415;6.8461e+06;215396
286;0.0736116;2.20169;6.55043;6.8461e+06;215396
287;0.0736115;2.00155;5.956;6.8461e+06;215396
288;0.0736113;1.81961;5.41548;6.8461e+06;215396
289;0.0736112;1.65421;4.92398;6.8461e+06;215396
290;0.0736111;1.50384;4.47707;6.8461e+06;215396
291;0.0736111;1.36714;4.0707;6.8461e+06;215396
292;0.073611;1.24287;3.7012;6.8461e+06;215396
293;0.0736109;1.12989;3.36522;6.8461e+06;215396
294;0.0736109;1.02719;3.05973;6.8461e+06;215396
295;0.0736108;0.933814;2.78195;6.8461e+06;215396
296;0.0736107;0.84893;2.52939;6.8461e+06;215396
297;0.0736107;0.771763;2.29974;6.8461e+06;215396
298;0.0736107;0.701609;2.09093;6.8461e+06;215396
299;0.0736106;0.637833;1.90108;6.84611e+06;215396
300;0.0736106;0.579854;1.72846;6.84611e+06;215396
301;0.0736105;0.527145;1.5715;6.84611e+06;215396
302;0.0736105;0.479228;1.4288;6.84611e+06;215396
303;0.0736105;0.435666;1.29905;6.84611e+06;215396
304;0.0736105;0.396064;1.18107;6.84611e+06;215396
305;0.0736104;0.360062;1.07381;6.84611e+06;215396
306;0.0736104;0.327332;0.976289;6.84611e+06;215396
307;0.0736104;0.297578;0.88762;6.84611e+06;215396
308;0.0736104;0.270528;0.807001;6.84611e+06;215396
309;0.0736104;0.245937;0.733703;6.84611e+06;215396
310;0.0736104;0.223581;0.66706;6.84611e+06;215396
311;0.0736103;0.203258;0.60647;6.84611e+06;215396
312;0.0736103;0.184782;0.551381;6.84611e+06;215396
313;0.0736103;0.167985;0.501295;6.84611e+06;215396
314;0.0736103;0.152715;0.455758;6.84611e+06;215396
