211;1.92717e+06;1.7647;0.8787;0.1176;0.0037
212;1.92717e+06;3.15493;0.932525;0.220935;0.00695119
213;1.92717e+06;4.51377;1.10619;0.3306;0.0104015
214;1.92717e+06;6.05556;1.38231;0.460688;0.0144944
215;1.92716e+06;7.94447;1.76509;0.623248;0.019609
216;1.92716e+06;10.3372;2.27314;0.830823;0.0261398
217;1.92716e+06;13.4089;2.93705;1.09814;0.0345504
218;1.92715e+06;17.373;3.79966;1.44354;0.0454175
219;1.92715e+06;22.499;4.91796;1.89038;0.0594763
220;1.92714e+06;29.1324;6.36657;2.46873;0.0776727
221;1.92713e+06;37.7191;8.24244;3.21744;0.101229
222;1.92711e+06;48.8355;10.6713;4.18675;0.131726
223;1.92709e+06;63.2274;13.816;5.4417;0.17121
224;1.92707e+06;81.8602;17.8875;7.06646;0.222329
225;1.92704e+06;105.983;23.1588;9.17003;0.288513
226;1.927e+06;137.215;29.9836;11.8935;0.374201
227;1.92694e+06;177.649;38.8194;15.4196;0.48514
228;1.92687e+06;229.997;50.2589;19.9847;0.628772
229;1.92679e+06;297.769;65.0693;25.8952;0.81473
230;1.92667e+06;385.506;84.2436;33.5473;1.05549
231;1.92652e+06;499.089;109.067;43.4544;1.36719
232;1.92633e+06;646.128;141.205;56.2807;1.77074
233;1.92608e+06;836.47;182.81;72.8864;2.29319
234;1.92576e+06;1082.86;236.67;94.3848;2.96959
235;1.92534e+06;1401.77;306.393;122.217;3.84527
236;1.9248e+06;1814.53;396.649;158.249;4.97892
237;1.9241e+06;2348.69;513.476;204.895;6.44652
238;1.9232e+06;3039.88;664.687;265.28;8.34638
239;1.92203e+06;3934.11;860.386;343.447;10.8057
240;1.92051e+06;5090.77;1113.63;444.628;13.9892
241;1.91855e+06;6586.46;1441.3;575.591;18.1096
242;1.91602e+06;8519.85;1865.18;745.088;23.4424
243;1.91275e+06;11017.9;2413.39;964.433;30.3436
244;1.90852e+06;14243.4;3122.17;1248.25;39.2731
245;1.90307e+06;18405.1;4038.17;1615.41;50.8251
246;1.89603e+06;23769.3;5221.37;2090.3;65.7663
247;1.88696e+06;30674.1;6748.64;2704.34;85.0854
248;1.8753e+06;39547.2;8718.31;3497.98;110.055
249;1.86033e+06;50924.2;11255.6;4523.25;142.313
250;1.84115e+06;65470.3;14519.3;5846.91;183.959
251;1.81667e+06;83999.9;18709.4;7554.38;237.68
252;1.78555e+06;107491;24075.5;9754.61;306.905
253;1.74618e+06;137090;30926.1;12585.9;395.985
254;1.69672e+06;174088;39636.3;16222.8;510.411
255;1.63512e+06;219861;50653;20884;657.065
256;1.55925e+06;275742;64494.2;26840.8;844.481
257;1.46713e+06;342802;81736;34425.3;1083.11
258;1.35726e+06;421509;102982;44037.5;1385.53
259;1.22918e+06;511275;128806;56148.2;1766.57
260;1.08407e+06;609909;159656;71295.7;2243.15
261;925401;713139;195731;90071.3;2833.88
262;759299;814416;236813;113089;3558.08
263;594343;905341;282118;140938;4434.29
264;440452;976937;330192;174115;5478.12
265;306901;1.02168e+06;378944;212946;6699.84
266;200037;1.03568e+06;425849;257510;8101.93
267;121705;1.01987e+06;468337;307590;9677.57
268;69248.4;979617;504233;362666;11410.4
269;37084.7;922733;532117;421964;13276.1
270;18889.8;857052;551448;484541;15244.9
271;9275.34;788760;562463;549391;17285.3
272;4454.96;721882;565935;615537;19366.4
273;2122.89;658595;562906;682091;21460.3
274;1016.34;599836;554492;748288;23543.1
275;493.924;545833;541757;813497;25594.7
276;245.602;496465;525658;877207;27599.2
277;125.667;451456;507024;939025;29544.1
278;66.4152;410478;486560;998651;31420.1
279;36.3346;373196;464852;1.05587e+06;33220.4
280;20.5973;339288;442389;1.11054e+06;34940.4
281;12.0995;308455;419569;1.16256e+06;36577.2
282;7.36107;280421;396714;1.2119e+06;38129.6
283;4.6331;254934;374083;1.25856e+06;39597.4
284;3.01279;231762;351880;1.30255e+06;40981.5
285;2.02095;210696;330264;1.34393e+06;42283.5
286;1.39607;191544;309355;1.38277e+06;43505.5
287;0.991474;174133;289242;1.41915e+06;44650.1
288;0.722652;158305;269985;1.45316e+06;45720.3
289;0.539657;143915;251626;1.48491e+06;46719.2
290;0.412226;130833;234186;1.51451e+06;47650.3
291;0.321588;118941;217672;1.54205e+06;48516.7
292;0.255835;108129;202080;1.56764e+06;49322.1
293;0.207252;98300.1;187397;1.59141e+06;50069.8
294;0.17074;89364.7;173601;1.61345e+06;50763.2
295;0.142865;81241.5;160666;1.63386e+06;51405.5
296;0.121271;73856.6;148562;1.65276e+06;52000
297;0.104316;67143.1;137255;1.67023e+06;52549.7
298;0.090838;61039.8;126710;1.68637e+06;53057.5
299;0.0800002;55491.3;116888;1.70127e+06;53526.3
300;0.071193;50447.1;107754;1.71502e+06;53958.8
301;0.0639663;45861.5;99268.9;1.72769e+06;54357.5
302;0.0579831;41692.7;91396.4;1.73936e+06;54724.8
303;0.0529887;37902.8;84099.9;1.75011e+06;55063
304;0.0487881;34457.5;77343.9;1.76e+06;55374.1
305;0.0452307;31325.3;71094.3;1.7691e+06;55660.3
306;0.0421986;28477.8;65318;1.77746e+06;55923.4
307;0.0395993;25889.2;59983.6;1.78514e+06;56165
308;0.037359;23535.9;55060.9;1.79219e+06;56387
309;0.0354187;21396.5;50521.4;1.79867e+06;56590.7
310;0.0337306;19451.5;46338.1;1.80461e+06;56777.6
311;0.0322559;17683.4;42485.4;1.81006e+06;56949.1
312;0.0309629;16076;38939.4;1.81505e+06;57106.3
313;0.0298252;14614.7;35677.3;1.81963e+06;57250.3
314;0.028821;13286.2;32678.1;1.82383e+06;57382.4
315;0.0279321;12078.5;29922;1.82767e+06;57503.3
316;0.0271433;10980.5;27390.4;1.83119e+06;57614
317;0.0264415;9982.41;25066.1;1.83441e+06;57715.3
318;0.0258159;9075.01;22933;1.83736e+06;57808.1
319;0.025257;8250.09;20976.1;1.84006e+06;57892.9
320;0.0247569;7500.16;19181.6;1.84252e+06;57970.5
321;0.0243086;6818.39;17536.7;1.84478e+06;58041.5
322;0.0239061;6198.6;16029.3;1.84684e+06;58106.4
323;0.0235443;5635.15;14648.4;1.84873e+06;58165.7
324;0.0232187;5122.92;13383.8;1.85045e+06;58219.9
325;0.0229253;4657.24;12226;1.85202e+06;58269.4
326;0.0226606;4233.9;11166.3;1.85346e+06;58314.6
327;0.0224217;3849.04;10196.7;1.85477e+06;58356
328;0.0222058;3499.16;9309.72;1.85597e+06;58393.7
329;0.0220106;3181.09;8498.52;1.85707e+06;58428.1
330;0.021834;2891.93;7756.81;1.85807e+06;58459.6
331;0.0216741;2629.05;7078.79;1.85898e+06;58488.3
332;0.0215292;2390.07;6459.11;1.85981e+06;58514.5
333;0.0213978;2172.81;5892.88;1.86057e+06;58538.4
334;0.0212788;1975.3;5375.58;1.86126e+06;58560.2
335;0.0211708;1795.75;4903.08;1.8619e+06;58580.1
336;0.0210727;1632.52;4471.57;1.86247e+06;58598.2
337;0.0209837;1484.12;4077.56;1.863e+06;58614.8
338;0.0209029;1349.21;3717.86;1.86348e+06;58629.8
339;0.0208295;1226.57;3389.53;1.86392e+06;58643.6
340;0.0207629;1115.08;3089.87;1.86431e+06;58656.1
341;0.0207023;1013.71;2816.43;1.86468e+06;58667.6
342;0.0206472;921.568;2566.95;1.86501e+06;58678
343;0.0205972;837.798;2339.35;1.86531e+06;58687.5
344;0.0205516;761.642;2131.74;1.86559e+06;58696.1
345;0.0205103;692.409;1942.39;1.86584e+06;58704
346;0.0204726;629.469;1769.72;1.86606e+06;58711.2
347;0.0204384;572.25;1612.27;1.86627e+06;58717.8
348;0.0204073;520.233;1468.72;1.86646e+06;58723.7
349;0.020379;472.944;1337.85;1.86664e+06;58729.2
350;0.0203533;429.953;1218.56;1.86679e+06;58734.1
351;0.0203298;390.87;1109.83;1.86694e+06;58738.6
352;0.0203085;355.34;1010.74;1.86707e+06;58742.7
353;0.0202891;323.04;920.439;1.86719e+06;58746.5
354;0.0202715;293.676;838.154;1.86729e+06;58749.9
355;0.0202554;266.98;763.181;1.86739e+06;58753
356;0.0202408;242.712;694.876;1.86748e+06;58755.8
357;0.0202276;220.649;632.65;1.86756e+06;58758.4
358;0.0202155;200.592;575.966;1.86764e+06;58760.7
359;0.0202045;182.359;524.335;1.86771e+06;58762.8
360;0.0201945;165.782;477.31;1.86777e+06;58764.8
361;0.0201854;150.713;434.482;1.86782e+06;58766.5
362;0.0201771;137.013;395.479;1.86787e+06;58768.2
363;0.0201696;124.558;359.962;1.86792e+06;58769.6
364;0.0201627;113.236;327.621;1.86796e+06;58771
365;0.0201565;102.943;298.174;1.868e+06;58772.2
366;0.0201508;93.5854;271.363;1.86804e+06;58773.3
367;0.0201456;85.0785;246.953;1.86807e+06;58774.3
368;0.0201409;77.3448;224.731;1.8681e+06;58775.2
369;0.0201366;70.3142;204.502;1.86812e+06;58776
370;0.0201328;63.9226;186.088;1.86815e+06;58776.8
371;0.0201292;58.1121;169.326;1.86817e+06;58777.5
372;0.020126;52.8297;154.069;1.86819e+06;58778.1
373;0.0201231;48.0275;140.183;1.86821e+06;58778.7
374;0.0201204;43.6618;127.544;1.86822e+06;58779.2
375;0.020118;39.6929;116.042;1.86824e+06;58779.6
376;0.0201158;36.0848;105.574;1.86825e+06;58780.1
377;0.0201138;32.8047;96.0481;1.86827e+06;58780.5
378;0.0201119;29.8228;87.3794;1.86828e+06;58780.8
379;0.0201103;27.1119;79.4912;1.86829e+06;58781.1
380;0.0201088;24.6474;72.3133;1.8683e+06;58781.4
381;0.0201074;22.407;65.7822;1.86831e+06;58781.7
382;0.0201062;20.3702;59.8396;1.86831e+06;58782
383;0.020105;18.5185;54.4327;1.86832e+06;58782.2
384;0.020104;16.8352;49.5134;1.86833e+06;58782.4
385;0.020103;15.3049;45.0377;1.86833e+06;58782.6
386;0.0201022;13.9137;40.9658;1.86834e+06;58782.7
387;0.0201014;12.6489;37.2614;1.86834e+06;58782.9
388;0.0201007;11.4991;33.8914;1.86835e+06;58783
389;0.0201001;10.4539;30.8257;1.86835e+06;58783.1
390;0.0200995;9.5036;28.0368;1.86835e+06;58783.3
391;0.0200989;8.63973;25.4998;1.86836e+06;58783.4
392;0.0200985;7.85438;23.192;1.86836e+06;58783.5
393;0.020098;7.14041;21.0928;1.86836e+06;58783.5
394;0.0200976;6.49135;19.1833;1.86837e+06;58783.6
395;0.0200973;5.90129;17.4464;1.86837e+06;58783.7
396;0.0200969;5.36486;15.8666;1.86837e+06;58783.7
397;0.0200966;4.8772;14.4296;1.86837e+06;58783.8
398;0.0200963;4.43386;13.1227;1.86837e+06;58783.9
399;0.0200961;4.03082;11.9339;1.86838e+06;58783.9
400;0.0200959;3.66442;10.8527;1.86838e+06;58784
401;0.0200957;3.33132;9.8694;1.86838e+06;58784
402;0.0200955;3.02851;8.97506;1.86838e+06;58784
403;0.0200953;2.75322;8.16167;1.86838e+06;58784.1
404;0.0200952;2.50295;7.42193;1.86838e+06;58784.1
405;0.020095;2.27543;6.74917;1.86838e+06;58784.1
406;0.0200949;2.06859;6.13733;1.86838e+06;58784.1
407;0.0200948;1.88056;5.58091;1.86838e+06;58784.2
408;0.0200947;1.70962;5.07489;1.86838e+06;58784.2
409;0.0200946;1.55421;4.61471;1.86838e+06;58784.2
410;0.0200945;1.41293;4.19622;1.86839e+06;58784.2
411;0.0200944;1.2845;3.81566;1.86839e+06;58784.2
412;0.0200943;1.16774;3.46958;1.86839e+06;58784.3
413;0.0200943;1.06159;3.15486;1.86839e+06;58784.3
414;0.0200942;0.965092;2.86868;1.86839e+06;58784.3
415;0.0200941;0.877365;2.60843;1.86839e+06;58784.3
416;0.0200941;0.797613;2.37178;1.86839e+06;58784.3
417;0.020094;0.72511;2.15659;1.86839e+06;58784.3
418;0.020094;0.659197;1.96091;1.86839e+06;58784.3
419;0.020094;0.599276;1.78297;1.86839e+06;58784.3
420;0.0200939;0.544802;1.62117;1.86839e+06;58784.3
421;0.0200939;0.49528;1.47405;1.86839e+06;58784.3
422;0.0200939;0.450259;1.34026;1.86839e+06;58784.3
423;0.0200939;0.40933;1.21862;1.86839e+06;58784.3
424;0.0200938;0.372122;1.10801;1.86839e+06;58784.4
425;0.0200938;0.338296;1.00743;1.86839e+06;58784.4
426;0.0200938;0.307545;0.915982;1.86839e+06;58784.4
427;0.0200938;0.279589;0.83283;1.86839e+06;58784.4
428;0.0200938;0.254175;0.757222;1.86839e+06;58784.4
429;0.0200937;0.23107;0.688476;1.86839e+06;58784.4
430;0.0200937;0.210066;0.625968;1.86839e+06;58784.4
431;0.0200937;0.190971;0.569133;1.86839e+06;58784.4
432;0.0200937;0.173612;0.517456;1.86839e+06;58784.4
433;0.0200937;0.15783;0.47047;1.86839e+06;58784.4
