186;6.84892e+06;1.7647;0.8787;0.1176;0.0037
187;6.84892e+06;3.15493;0.932525;0.220935;0.00695119
188;6.84892e+06;4.51377;1.10619;0.3306;0.0104015
189;6.84892e+06;6.05557;1.38231;0.460688;0.0144944
190;6.84892e+06;7.94448;1.76509;0.623248;0.019609
191;6.84891e+06;10.3372;2.27314;0.830823;0.0261398
192;6.84891e+06;13.4089;2.93706;1.09814;0.0345505
193;6.8489e+06;17.3731;3.79966;1.44354;0.0454176
194;6.8489e+06;22.4991;4.91798;1.89038;0.0594763
195;6.84889e+06;29.1326;6.36659;2.46874;0.0776728
196;6.84888e+06;37.7196;8.24248;3.21745;0.101229
197;6.84886e+06;48.8363;10.6714;4.18676;0.131726
198;6.84884e+06;63.2287;13.8162;5.44172;0.171211
199;6.84882e+06;81.8622;17.8877;7.0665;0.22233
200;6.84879e+06;105.987;23.1592;9.1701;0.288515
201;6.84875e+06;137.221;29.9842;11.8936;0.374204
202;6.84869e+06;177.659;38.8205;15.4198;0.485146
203;6.84863e+06;230.015;50.2609;19.9851;0.628782
204;6.84854e+06;297.798;65.0725;25.8957;0.814747
205;6.84842e+06;385.555;84.249;33.5483;1.05552
206;6.84827e+06;499.171;109.077;43.456;1.36724
207;6.84808e+06;646.266;141.22;56.2834;1.77082
208;6.84783e+06;836.701;182.836;72.8909;2.29333
209;6.84751e+06;1083.24;236.714;94.3923;2.96983
210;6.84709e+06;1402.42;306.467;122.23;3.84567
211;6.84655e+06;1815.62;396.773;158.27;4.9796
212;6.84585e+06;2350.52;513.684;204.931;6.44766
213;6.84494e+06;3042.95;665.036;265.34;8.34829
214;6.84377e+06;3939.25;860.971;343.548;10.8089
215;6.84225e+06;5099.39;1114.61;444.799;13.9945
216;6.84029e+06;6600.9;1442.95;575.877;18.1186
217;6.83775e+06;8544.04;1867.94;745.568;23.4575
218;6.83445e+06;11058.4;2418.01;965.237;30.3689
219;6.8302e+06;14311.2;3129.91;1249.6;39.3155
220;6.82469e+06;18518.6;4051.14;1617.67;50.8962
221;6.81756e+06;23959.1;5243.08;2094.09;65.8854
222;6.80835e+06;30991.3;6784.97;2710.67;85.2848
223;6.79645e+06;40076.9;8779.07;3508.59;110.389
224;6.78108e+06;51807.8;11357.2;4541;142.872
225;6.76123e+06;66942.3;14688.9;5876.61;184.893
226;6.73564e+06;86447.5;18992.2;7604.02;239.242
227;6.70268e+06;111552;24546.5;9837.49;309.513
228;6.66029e+06;143806;31709;12724.2;400.335
229;6.60587e+06;185153;40934.7;16453.1;517.658
230;6.53619e+06;238001;52799.7;21267.1;669.117
231;6.44726e+06;305296;68029.4;27476.3;864.475
232;6.33423e+06;390570;87528.8;35476.6;1116.18
233;6.19136e+06;497944;112414;45769.9;1440.04
234;6.01199e+06;632050;144042;58989.9;1855.97
235;5.7888e+06;797785;184023;75929.2;2388.93
236;5.51423e+06;999840;234219;97570.2;3069.81
237;5.1813e+06;1.24188e+06;296694;125114;3936.42
238;4.78498e+06;1.52531e+06;373592;160006;5034.19
239;4.32404e+06;1.8476e+06;466926;203940;6416.48
240;3.80333e+06;2.20036e+06;578235;258851;8144.11
241;3.23601e+06;2.56767e+06;708108;326851;10283.6
242;2.64471e+06;2.92557e+06;855616;410125;12903.6
243;2.06056e+06;3.24379e+06;1.01776e+06;510745;16069.4
244;1.51893e+06;3.49055e+06;1.18917e+06;630434;19835.1
245;1.05218e+06;3.64002e+06;1.36221e+06;770280;24235
246;681565;3.67975e+06;1.52786e+06;930477;29275.2
247;412103;3.61472e+06;1.67702e+06;1.11015e+06;34928.3
248;233121;3.46513e+06;1.80217e+06;1.30737e+06;41133.2
249;124218;3.25905e+06;1.89855e+06;1.51931e+06;47801.3
250;63025.7;3.024e+06;1.9645e+06;1.74257e+06;54825.9
251;30866.3;2.78127e+06;2.00109e+06;1.9736e+06;62094.6
252;14806;2.54452e+06;2.01118e+06;2.20893e+06;69498.6
253;7054.9;2.32097e+06;1.99852e+06;2.44544e+06;76939.9
254;3380.79;2.11367e+06;1.96707e+06;2.68047e+06;84334.5
255;1645.92;1.92327e+06;1.9206e+06;2.9118e+06;91612.6
256;820.377;1.74927e+06;1.86246e+06;3.13766e+06;98718.8
257;420.937;1.59066e+06;1.79555e+06;3.35668e+06;105610
258;223.144;1.44627e+06;1.72234e+06;3.56784e+06;112253
259;122.468;1.3149e+06;1.64489e+06;3.77039e+06;118626
260;69.6485;1.19543e+06;1.56489e+06;3.96383e+06;124712
261;41.0448;1.0868e+06;1.48373e+06;4.14786e+06;130502
262;25.0487;988022;1.40254e+06;4.32234e+06;135992
263;15.8132;898220;1.32223e+06;4.48728e+06;141181
264;10.3125;816577;1.24349e+06;4.64278e+06;146074
265;6.93642;742354;1.16688e+06;4.78901e+06;150675
266;4.80402;674876;1.09282e+06;4.92623e+06;154992
267;3.42;613531;1.0216e+06;5.05475e+06;159036
268;2.49837;557762;953454;5.17489e+06;162815
269;1.86966;507062;888501;5.28702e+06;166343
270;1.43098;460971;826818;5.3915e+06;169631
271;1.11839;419069;768427;5.48874e+06;172690
272;0.891226;380976;713310;5.57911e+06;175533
273;0.723118;346345;661416;5.66299e+06;178172
274;0.596593;314862;612669;5.74077e+06;180620
275;0.499864;286242;566973;5.81282e+06;182886
276;0.424837;260222;524219;5.8795e+06;184984
277;0.365862;236568;484285;5.94115e+06;186924
278;0.318928;215064;447046;5.9981e+06;188716
279;0.281151;195515;412368;6.05067e+06;190370
280;0.250425;177743;380120;6.09917e+06;191896
281;0.225191;161586;350168;6.14387e+06;193302
282;0.204283;146898;322381;6.18505e+06;194598
283;0.186818;133545;296629;6.22296e+06;195790
284;0.17212;121405;272787;6.25784e+06;196888
285;0.159664;110370;250734;6.28992e+06;197897
286;0.149042;100337;230353;6.31941e+06;198825
287;0.139932;91216.5;211531;6.3465e+06;199677
288;0.132076;82924.9;194164;6.37138e+06;200460
289;0.125269;75387.1;178150;6.39421e+06;201178
290;0.119345;68534.4;163393;6.41516e+06;201838
291;0.114168;62304.6;149803;6.43437e+06;202442
292;0.109627;56641.1;137296;6.45199e+06;202996
293;0.105631;51492.4;125790;6.46814e+06;203504
294;0.102102;46811.8;115213;6.48293e+06;203970
295;0.0989781;42556.6;105493;6.49648e+06;204396
296;0.096205;38688.2;96564.7;6.50889e+06;204786
297;0.0937376;35171.5;88368.2;6.52024e+06;205144
298;0.0915374;31974.4;80846.2;6.53063e+06;205471
299;0.0895716;29067.9;73946;6.54014e+06;205770
300;0.0878122;26425.6;67618.6;6.54884e+06;206043
301;0.0862348;24023.5;61818.6;6.55679e+06;206294
302;0.0848186;21839.8;56503.7;6.56406e+06;206522
303;0.0835453;19854.6;51635.1;6.5707e+06;206731
304;0.0823992;18049.8;47176.5;6.57678e+06;206922
305;0.0813664;16409.1;43094.7;6.58232e+06;207097
306;0.0804348;14917.5;39358.9;6.58739e+06;207256
307;0.0795936;13561.5;35940.7;6.59202e+06;207402
308;0.0788335;12328.7;32813.8;6.59625e+06;207535
309;0.0781462;11208.1;29954.2;6.60011e+06;207656
310;0.0775242;10189.2;27339.6;6.60363e+06;207767
311;0.076961;9263.05;24949.5;6.60684e+06;207868
312;0.0764508;8421.04;22765.1;6.60978e+06;207961
313;0.0759883;7655.57;20769.2;6.61246e+06;208045
314;0.0755689;6959.67;18945.8;6.6149e+06;208122
315;0.0751885;6327.04;17280.3;6.61713e+06;208192
316;0.0748432;5751.91;15759.3;6.61916e+06;208256
317;0.0745298;5229.06;14370.6;6.62101e+06;208314
318;0.0742452;4753.74;13102.7;6.6227e+06;208367
319;0.0739866;4321.63;11945.5;6.62424e+06;208416
320;0.0737518;3928.79;10889.3;6.62565e+06;208460
321;0.0735384;3571.67;9925.58;6.62693e+06;208500
322;0.0733444;3247;9046.27;6.62809e+06;208537
323;0.0731681;2951.85;8244.11;6.62916e+06;208570
324;0.0730078;2683.53;7512.42;6.63013e+06;208601
325;0.072862;2439.59;6845.1;6.63101e+06;208629
326;0.0727295;2217.83;6236.55;6.63182e+06;208654
327;0.0726089;2016.23;5681.66;6.63255e+06;208677
328;0.0724993;1832.96;5175.75;6.63322e+06;208698
329;0.0723996;1666.34;4714.54;6.63383e+06;208717
330;0.0723088;1514.87;4294.14;6.63438e+06;208735
331;0.0722263;1377.17;3910.96;6.63489e+06;208751
332;0.0721513;1251.99;3561.75;6.63535e+06;208765
333;0.072083;1138.18;3243.51;6.63576e+06;208778
334;0.0720208;1034.72;2953.54;6.63615e+06;208790
335;0.0719643;940.664;2689.33;6.63649e+06;208801
336;0.0719129;855.157;2448.62;6.63681e+06;208811
337;0.0718661;777.423;2229.34;6.6371e+06;208820
338;0.0718235;706.756;2029.58;6.63736e+06;208829
339;0.0717847;642.512;1847.64;6.6376e+06;208836
340;0.0717495;584.107;1681.93;6.63782e+06;208843
341;0.0717174;531.012;1531;6.63801e+06;208849
342;0.0716882;482.743;1393.56;6.63819e+06;208855
343;0.0716617;438.862;1268.4;6.63836e+06;208860
344;0.0716375;398.969;1154.44;6.63851e+06;208865
345;0.0716156;362.703;1050.67;6.63864e+06;208869
346;0.0715956;329.733;956.195;6.63877e+06;208873
347;0.0715774;299.761;870.182;6.63888e+06;208876
348;0.0715608;272.512;791.877;6.63898e+06;208880
349;0.0715458;247.741;720.593;6.63907e+06;208882
350;0.0715321;225.221;655.705;6.63916e+06;208885
351;0.0715196;204.749;596.641;6.63924e+06;208888
352;0.0715082;186.137;542.88;6.63931e+06;208890
353;0.0714979;169.217;493.948;6.63937e+06;208892
354;0.0714885;153.835;449.414;6.63943e+06;208894
355;0.07148;139.852;408.884;6.63948e+06;208895
356;0.0714722;127.139;371.999;6.63953e+06;208897
357;0.0714652;115.582;338.432;6.63957e+06;208898
358;0.0714587;105.076;307.887;6.63961e+06;208899
359;0.0714529;95.5245;280.092;6.63965e+06;208901
360;0.0714476;86.8413;254.8;6.63968e+06;208902
361;0.0714427;78.9474;231.786;6.63971e+06;208902
362;0.0714383;71.7711;210.847;6.63974e+06;208903
363;0.0714343;65.2471;191.795;6.63976e+06;208904
364;0.0714307;59.3162;174.461;6.63979e+06;208905
365;0.0714274;53.9243;158.691;6.63981e+06;208905
366;0.0714244;49.0226;144.344;6.63983e+06;208906
367;0.0714216;44.5665;131.291;6.63984e+06;208907
368;0.0714191;40.5154;119.416;6.63986e+06;208907
369;0.0714169;36.8325;108.614;6.63987e+06;208908
370;0.0714148;33.4845;98.7872;6.63988e+06;208908
371;0.0714129;30.4407;89.8481;6.6399e+06;208908
372;0.0714112;27.6737;81.7166;6.63991e+06;208909
373;0.0714097;25.1581;74.3199;6.63992e+06;208909
374;0.0714083;22.8713;67.5918;6.63993e+06;208909
375;0.071407;20.7923;61.4719;6.63993e+06;208909
376;0.0714058;18.9022;55.9054;6.63994e+06;208910
377;0.0714048;17.184;50.8422;6.63995e+06;208910
378;0.0714038;15.622;46.2371;6.63995e+06;208910
379;0.0714029;14.202;42.0486;6.63996e+06;208910
380;0.0714021;12.911;38.2391;6.63996e+06;208910
381;0.0714014;11.7374;34.7743;6.63997e+06;208911
382;0.0714007;10.6705;31.6231;6.63997e+06;208911
383;0.0714001;9.70052;28.7571;6.63998e+06;208911
384;0.0713996;8.81875;26.1507;6.63998e+06;208911
385;0.0713991;8.01712;23.7802;6.63998e+06;208911
386;0.0713986;7.28837;21.6244;6.63998e+06;208911
387;0.0713982;6.62585;19.6639;6.63999e+06;208911
388;0.0713979;6.02356;17.881;6.63999e+06;208911
389;0.0713975;5.47602;16.2595;6.63999e+06;208911
390;0.0713972;4.97825;14.785;6.63999e+06;208911
391;0.0713969;4.52573;13.4441;6.64e+06;208911
392;0.0713967;4.11434;12.2247;6.64e+06;208911
393;0.0713964;3.74035;11.1159;6.64e+06;208912
394;0.0713962;3.40035;10.1075;6.64e+06;208912
395;0.071396;3.09126;9.19057;6.64e+06;208912
396;0.0713959;2.81026;8.35675;6.64e+06;208912
397;0.0713957;2.55481;7.59853;6.64e+06;208912
398;0.0713956;2.32258;6.90906;6.64e+06;208912
399;0.0713954;2.11146;6.28211;6.64e+06;208912
400;0.0713953;1.91953;5.71202;6.64001e+06;208912
401;0.0713952;1.74504;5.19364;6.64001e+06;208912
402;0.0713951;1.58642;4.72228;6.64001e+06;208912
403;0.071395;1.44221;4.29367;6.64001e+06;208912
404;0.0713949;1.31111;3.90394;6.64001e+06;208912
405;0.0713949;1.19193;3.54958;6.64001e+06;208912
406;0.0713948;1.08359;3.22736;6.64001e+06;208912
407;0.0713947;0.985089;2.93438;6.64001e+06;208912
408;0.0713947;0.895545;2.66798;6.64001e+06;208912
409;0.0713946;0.81414;2.42576;6.64001e+06;208912
410;0.0713946;0.740134;2.20552;6.64001e+06;208912
411;0.0713945;0.672856;2.00527;6.64001e+06;208912
412;0.0713945;0.611694;1.82319;6.64001e+06;208912
413;0.0713945;0.556091;1.65764;6.64001e+06;208912
414;0.0713944;0.505542;1.50712;6.64001e+06;208912
415;0.0713944;0.459588;1.37026;6.64001e+06;208912
416;0.0713944;0.417812;1.24582;6.64001e+06;208912
417;0.0713944;0.379833;1.13268;6.64001e+06;208912
418;0.0713943;0.345306;1.02982;6.64001e+06;208912
419;0.0713943;0.313918;0.936288;6.64001e+06;208912
420;0.0713943;0.285383;0.851252;6.64001e+06;208912
421;0.0713943;0.259441;0.773936;6.64001e+06;208912
422;0.0713943;0.235858;0.703641;6.64001e+06;208912
423;0.0713943;0.214419;0.639729;6.64001e+06;208912
424;0.0713942;0.194928;0.58162;6.64001e+06;208912
425;0.0713942;0.177209;0.528789;6.64001e+06;208912
426;0.0713942;0.161101;0.480755;6.64001e+06;208912
