152;2.10813e+06;1.7647;0.8787;0.1176;0.0037
153;2.10813e+06;3.15493;0.932525;0.220935;0.00695119
154;2.10813e+06;4.51377;1.10619;0.3306;0.0104015
155;2.10813e+06;6.05556;1.38231;0.460688;0.0144944
156;2.10812e+06;7.94447;1.76509;0.623248;0.019609
157;2.10812e+06;10.3372;2.27314;0.830823;0.0261398
158;2.10812e+06;13.4089;2.93705;1.09814;0.0345504
159;2.10811e+06;17.373;3.79966;1.44354;0.0454175
160;2.1081e+06;22.499;4.91796;1.89038;0.0594763
161;2.10809e+06;29.1324;6.36657;2.46873;0.0776727
162;2.10808e+06;37.7192;8.24245;3.21744;0.101229
163;2.10807e+06;48.8356;10.6713;4.18675;0.131726
164;2.10805e+06;63.2276;13.816;5.4417;0.17121
165;2.10803e+06;81.8604;17.8875;7.06647;0.222329
166;2.10799e+06;105.984;23.1589;9.17004;0.288513
167;2.10795e+06;137.216;29.9836;11.8935;0.374201
168;2.1079e+06;177.65;38.8195;15.4196;0.485141
169;2.10783e+06;229.999;50.2592;19.9848;0.628773
170;2.10774e+06;297.772;65.0697;25.8953;0.814732
171;2.10763e+06;385.512;84.2442;33.5475;1.05549
172;2.10748e+06;499.099;109.068;43.4546;1.36719
173;2.10729e+06;646.145;141.207;56.281;1.77075
174;2.10704e+06;836.497;182.813;72.8869;2.29321
175;2.10672e+06;1082.9;236.675;94.3857;2.96962
176;2.1063e+06;1401.85;306.402;122.219;3.84532
177;2.10576e+06;1814.66;396.664;158.252;4.979
178;2.10506e+06;2348.91;513.501;204.899;6.44666
179;2.10415e+06;3040.25;664.729;265.287;8.34661
180;2.10298e+06;3934.72;860.456;343.459;10.8061
181;2.10147e+06;5091.8;1113.75;444.649;13.9898
182;2.09951e+06;6588.18;1441.5;575.625;18.1107
183;2.09698e+06;8522.73;1865.51;745.145;23.4442
184;2.0937e+06;11022.7;2413.94;964.529;30.3466
185;2.08947e+06;14251.5;3123.09;1248.41;39.2781
186;2.08401e+06;18418.6;4039.72;1615.68;50.8336
187;2.07696e+06;23791.8;5223.95;2090.75;65.7805
188;2.06788e+06;30711.8;6752.97;2705.09;85.1092
189;2.05619e+06;39609.9;8725.53;3499.24;110.095
190;2.04117e+06;51028.6;11267.7;4525.36;142.38
191;2.02192e+06;65643.8;14539.4;5850.44;184.07
192;1.9973e+06;84287.1;18742.8;7560.28;237.866
193;1.96596e+06;107965;24131;9764.43;307.214
194;1.92625e+06;137869;31018;12602.2;396.499
195;1.87622e+06;175361;39787.8;16249.9;511.265
196;1.81372e+06;221925;50901.8;20929;658.48
197;1.73641e+06;279057;64900.4;26915;846.817
198;1.64204e+06;348063;82394.2;34547.3;1086.95
199;1.52873e+06;429736;104039;44236.9;1391.81
200;1.39551e+06;523897;130482;56471.8;1776.75
201;1.24295e+06;628826;162277;71816.5;2259.53
202;1.07393e+06;740689;199753;90900.2;2859.96
203;894115;853176;242851;114391;3599.04
204;712042;957696;290947;142950;4497.59
205;538255;1.04443e+06;342710;177166;5574.1
206;383433;1.10431e+06;396078;217469;6842.12
207;255892;1.13147e+06;448415;264047;8307.61
208;159460;1.12505e+06;496873;316781;9966.74
209;92821.8;1.08942e+06;538869;375213;11805.2
210;50716.1;1.0325e+06;572533;438584;13799
211;26249.9;963112;596939;505914;15917.4
212;13033.4;888782;612076;576114;18126
213;6297.69;814727;618622;648094;20390.7
214;3004.66;743961;617642;720844;22679.6
215;1434.31;677906;610348;793478;24964.9
216;692.721;617026;597934;865255;27223.2
217;341.465;561289;581492;935572;29435.5
218;172.901;510437;561979;1.00396e+06;31587
219;90.3272;464121;540209;1.07004e+06;33666.4
220;48.8184;421973;516870;1.13357e+06;35665.1
221;27.333;383638;492531;1.19436e+06;37577.6
222;15.8594;348776;467660;1.25228e+06;39399.9
223;9.5327;317079;442637;1.30728e+06;41130.3
224;5.93034;288260;417767;1.35933e+06;42768
225;3.81352;262059;393295;1.40846e+06;44313.8
226;2.53108;238239;369409;1.45471e+06;45769
227;1.73104;216584;346256;1.49815e+06;47135.8
228;1.21783;196897;323943;1.53887e+06;48416.9
229;0.879835;179000;302546;1.57697e+06;49615.5
230;0.651641;162729;282119;1.61255e+06;50734.9
231;0.493958;147937;262690;1.64573e+06;51778.8
232;0.382605;134490;244273;1.67662e+06;52750.7
233;0.302364;122265;226868;1.70534e+06;53654.5
234;0.243444;111151;210462;1.73202e+06;54493.9
235;0.199417;101047;195037;1.75677e+06;55272.7
236;0.165984;91862;180564;1.77971e+06;55994.3
237;0.140211;83511.8;167012;1.80094e+06;56662.4
238;0.120068;75920.6;154345;1.82059e+06;57280.3
239;0.104122;69019.4;142524;1.83874e+06;57851.4
240;0.0913496;62745.6;131510;1.8555e+06;58378.7
241;0.0810071;57042;121261;1.87096e+06;58865.3
242;0.0725483;51856.9;111737;1.88522e+06;59314
243;0.0655662;47143.1;102897;1.89836e+06;59727.4
244;0.0597541;42857.8;94701.1;1.91046e+06;60108.1
245;0.0548783;38962;87109.7;1.9216e+06;60458.5
246;0.0507585;35420.4;80084.9;1.93184e+06;60780.8
247;0.0472548;32200.7;73590.3;1.94126e+06;61077.1
248;0.044257;29273.7;67590.9;1.94992e+06;61349.4
249;0.041678;26612.7;62053.1;1.95787e+06;61599.5
250;0.0394479;24193.6;56945.1;1.96516e+06;61829.1
251;0.0375107;21994.4;52236.9;1.97186e+06;62039.8
252;0.0358208;19995.1;47899.8;1.978e+06;62233.1
253;0.0343409;18177.6;43907.1;1.98364e+06;62410.3
254;0.0330402;16525.2;40233.5;1.9888e+06;62572.8
255;0.0318934;15023.1;36855.4;1.99353e+06;62721.6
256;0.0308793;13657.5;33750.4;1.99787e+06;62858
257;0.0299801;12416;30897.9;2.00183e+06;62982.9
258;0.0291808;11287.4;28278.6;2.00547e+06;63097.2
259;0.0284688;10261.4;25874.5;2.00879e+06;63201.8
260;0.0278331;9328.62;23668.6;2.01184e+06;63297.6
261;0.0272646;8480.65;21645.6;2.01462e+06;63385.1
262;0.0267553;7709.75;19790.9;2.01717e+06;63465.2
263;0.0262983;7008.94;18091.1;2.01949e+06;63538.5
264;0.0258877;6371.83;16533.7;2.02162e+06;63605.4
265;0.0255182;5792.63;15107.4;2.02356e+06;63666.6
266;0.0251855;5266.08;13801.4;2.02534e+06;63722.5
267;0.0248855;4787.39;12606;2.02696e+06;63773.5
268;0.0246147;4352.22;11512.1;2.02845e+06;63820.2
269;0.0243701;3956.6;10511.3;2.0298e+06;63862.8
270;0.0241489;3596.95;9595.9;2.03104e+06;63901.7
271;0.0239489;3269.98;8758.88;2.03216e+06;63937.2
272;0.0237678;2972.74;7993.67;2.03319e+06;63969.6
273;0.0236038;2702.52;7294.26;2.03414e+06;63999.1
274;0.0234552;2456.86;6655.13;2.03499e+06;64026.1
275;0.0233204;2233.53;6071.19;2.03578e+06;64050.8
276;0.0231982;2030.51;5537.78;2.03649e+06;64073.2
277;0.0230873;1845.93;5050.62;2.03714e+06;64093.7
278;0.0229866;1678.14;4605.78;2.03773e+06;64112.4
279;0.0228952;1525.59;4199.64;2.03828e+06;64129.4
280;0.0228122;1386.92;3828.9;2.03877e+06;64145
281;0.0227368;1260.85;3490.52;2.03922e+06;64159.1
282;0.0226683;1146.24;3181.73;2.03963e+06;64172.1
283;0.022606;1042.04;2899.98;2.04001e+06;64183.8
284;0.0225494;947.322;2642.94;2.04035e+06;64194.6
285;0.022498;861.21;2408.46;2.04066e+06;64204.3
286;0.0224512;782.927;2194.6;2.04094e+06;64213.3
287;0.0224086;711.759;1999.56;2.0412e+06;64221.4
288;0.02237;647.06;1821.71;2.04143e+06;64228.8
289;0.0223348;588.242;1659.56;2.04165e+06;64235.5
290;0.0223028;534.771;1511.72;2.04184e+06;64241.7
291;0.0222737;486.16;1376.96;2.04202e+06;64247.2
292;0.0222472;441.968;1254.13;2.04218e+06;64252.3
293;0.0222231;401.793;1142.18;2.04233e+06;64257
294;0.0222012;365.27;1040.15;2.04246e+06;64261.2
295;0.0221812;332.067;947.187;2.04259e+06;64265.1
296;0.0221631;301.882;862.478;2.0427e+06;64268.6
297;0.0221466;274.441;785.301;2.0428e+06;64271.8
298;0.0221316;249.495;714.991;2.04289e+06;64274.7
299;0.0221179;226.816;650.941;2.04298e+06;64277.3
300;0.0221055;206.198;592.6;2.04305e+06;64279.7
301;0.0220942;187.455;539.461;2.04312e+06;64281.9
302;0.0220839;170.415;491.064;2.04319e+06;64283.9
303;0.0220745;154.924;446.988;2.04324e+06;64285.7
304;0.022066;140.842;406.851;2.0433e+06;64287.4
305;0.0220583;128.039;370.303;2.04334e+06;64288.9
306;0.0220512;116.4;337.024;2.04339e+06;64290.2
307;0.0220448;105.82;306.724;2.04343e+06;64291.5
308;0.0220389;96.2007;279.137;2.04346e+06;64292.6
309;0.0220336;87.456;254.022;2.0435e+06;64293.7
310;0.0220288;79.5063;231.159;2.04353e+06;64294.6
311;0.0220244;72.2792;210.347;2.04355e+06;64295.5
312;0.0220204;65.709;191.402;2.04358e+06;64296.2
313;0.0220168;59.736;174.158;2.0436e+06;64296.9
314;0.0220135;54.306;158.462;2.04362e+06;64297.6
315;0.0220104;49.3696;144.177;2.04364e+06;64298.2
316;0.0220077;44.8819;131.176;2.04366e+06;64298.7
317;0.0220052;40.8022;119.344;2.04367e+06;64299.2
318;0.0220029;37.0932;108.577;2.04369e+06;64299.6
319;0.0220009;33.7215;98.7783;2.0437e+06;64300
320;0.021999;30.6562;89.8617;2.04371e+06;64300.4
321;0.0219973;27.8695;81.7482;2.04372e+06;64300.7
322;0.0219957;25.3362;74.3654;2.04373e+06;64301
323;0.0219943;23.0331;67.648;2.04374e+06;64301.3
324;0.0219931;20.9394;61.536;2.04375e+06;64301.6
325;0.0219919;19.036;55.9751;2.04375e+06;64301.8
326;0.0219908;17.3057;50.9157;2.04376e+06;64302
327;0.0219899;15.7326;46.3127;2.04377e+06;64302.2
328;0.021989;14.3025;42.125;2.04377e+06;64302.4
329;0.0219882;13.0024;38.3154;2.04378e+06;64302.5
330;0.0219874;11.8205;34.8496;2.04378e+06;64302.7
331;0.0219868;10.746;31.6969;2.04379e+06;64302.8
332;0.0219862;9.76919;28.8288;2.04379e+06;64302.9
333;0.0219856;8.88117;26.2199;2.04379e+06;64303
334;0.0219851;8.07387;23.8467;2.0438e+06;64303.1
335;0.0219847;7.33996;21.688;2.0438e+06;64303.2
336;0.0219843;6.67276;19.7245;2.0438e+06;64303.3
337;0.0219839;6.0662;17.9385;2.0438e+06;64303.3
338;0.0219836;5.51478;16.3139;2.04381e+06;64303.4
339;0.0219832;5.01349;14.8364;2.04381e+06;64303.5
340;0.021983;4.55777;13.4924;2.04381e+06;64303.5
341;0.0219827;4.14346;12.2701;2.04381e+06;64303.6
342;0.0219825;3.76682;11.1584;2.04381e+06;64303.6
343;0.0219823;3.42442;10.1473;2.04381e+06;64303.7
344;0.0219821;3.11314;9.22769;2.04381e+06;64303.7
345;0.0219819;2.83016;8.39135;2.04382e+06;64303.7
346;0.0219817;2.57289;7.63074;2.04382e+06;64303.8
347;0.0219816;2.33902;6.93901;2.04382e+06;64303.8
348;0.0219815;2.1264;6.30993;2.04382e+06;64303.8
349;0.0219813;1.93311;5.73782;2.04382e+06;64303.8
350;0.0219812;1.75739;5.21754;2.04382e+06;64303.9
351;0.0219811;1.59765;4.7444;2.04382e+06;64303.9
352;0.021981;1.45242;4.31413;2.04382e+06;64303.9
353;0.021981;1.32039;3.92285;2.04382e+06;64303.9
354;0.0219809;1.20037;3.56704;2.04382e+06;64303.9
355;0.0219808;1.09126;3.24347;2.04382e+06;64303.9
356;0.0219808;0.992062;2.94923;2.04382e+06;64304
357;0.0219807;0.901884;2.68167;2.04382e+06;64304
358;0.0219807;0.819903;2.43836;2.04382e+06;64304
359;0.0219806;0.745374;2.21712;2.04382e+06;64304
360;0.0219806;0.677619;2.01594;2.04382e+06;64304
361;0.0219805;0.616024;1.833;2.04382e+06;64304
362;0.0219805;0.560027;1.66665;2.04382e+06;64304
363;0.0219805;0.509121;1.51539;2.04382e+06;64304
364;0.0219804;0.462842;1.37786;2.04383e+06;64304
365;0.0219804;0.420769;1.25279;2.04383e+06;64304
366;0.0219804;0.382521;1.13908;2.04383e+06;64304
367;0.0219804;0.34775;1.03568;2.04383e+06;64304
368;0.0219803;0.31614;0.941662;2.04383e+06;64304
369;0.0219803;0.287403;0.856175;2.04383e+06;64304
370;0.0219803;0.261278;0.778446;2.04383e+06;64304
371;0.0219803;0.237528;0.707771;2.04383e+06;64304
372;0.0219803;0.215936;0.643509;2.04383e+06;64304.1
373;0.0219803;0.196308;0.58508;2.04383e+06;64304.1
374;0.0219803;0.178463;0.531954;2.04383e+06;64304.1
375;0.0219802;0.162241;0.483651;2.04383e+06;64304.1
