239;4.81898e+06;1.7647;0.8787;0.1176;0.0037
240;4.81897e+06;3.15493;0.932525;0.220935;0.00695119
241;4.81897e+06;4.51377;1.10619;0.3306;0.0104015
242;4.81897e+06;6.05557;1.38231;0.460688;0.0144944
243;4.81897e+06;7.94448;1.76509;0.623248;0.019609
244;4.81896e+06;10.3372;2.27314;0.830823;0.0261398
245;4.81896e+06;13.4089;2.93706;1.09814;0.0345504
246;4.81896e+06;17.3731;3.79966;1.44354;0.0454176
247;4.81895e+06;22.4991;4.91797;1.89038;0.0594763
248;4.81894e+06;29.1326;6.36659;2.46874;0.0776728
249;4.81893e+06;37.7195;8.24248;3.21745;0.101229
250;4.81891e+06;48.8361;10.6714;4.18676;0.131726
251;4.8189e+06;63.2284;13.8161;5.44171;0.17121
252;4.81887e+06;81.8619;17.8877;7.06649;0.22233
253;4.81884e+06;105.986;23.1592;9.17009;0.288515
254;4.8188e+06;137.22;29.9841;11.8936;0.374204
255;4.81875e+06;177.658;38.8204;15.4197;0.485145
256;4.81868e+06;230.012;50.2605;19.985;0.62878
257;4.81859e+06;297.793;65.072;25.8957;0.814744
258;4.81847e+06;385.547;84.2481;33.5481;1.05551
259;4.81832e+06;499.158;109.075;43.4557;1.36723
260;4.81813e+06;646.243;141.218;56.2829;1.77081
261;4.81788e+06;836.663;182.831;72.8901;2.29331
262;4.81756e+06;1083.18;236.707;94.3911;2.96979
263;4.81714e+06;1402.31;306.455;122.228;3.8456
264;4.8166e+06;1815.44;396.752;158.267;4.97949
265;4.8159e+06;2350.22;513.649;204.925;6.44747
266;4.815e+06;3042.44;664.979;265.33;8.34797
267;4.81382e+06;3938.4;860.875;343.532;10.8084
268;4.81231e+06;5097.97;1114.45;444.771;13.9936
269;4.81034e+06;6598.51;1442.67;575.83;18.1171
270;4.8078e+06;8540.04;1867.48;745.488;23.455
271;4.80451e+06;11051.7;2417.25;965.104;30.3647
272;4.80026e+06;14300;3128.63;1249.37;39.3085
273;4.79476e+06;18499.8;4049;1617.3;50.8844
274;4.78765e+06;23927.6;5239.49;2093.46;65.8657
275;4.77847e+06;30938.7;6778.96;2709.63;85.2518
276;4.7666e+06;39988.8;8769;3506.83;110.334
277;4.7513e+06;51660.6;11340.3;4538.07;142.779
278;4.73156e+06;66696.4;14660.7;5871.68;184.738
279;4.70616e+06;86037;18945;7595.78;238.983
280;4.67351e+06;110867;24467.8;9823.72;309.08
281;4.63163e+06;142667;31577.7;12701.1;399.61
282;4.57807e+06;183262;40715.7;16414.7;516.448
283;4.5098e+06;234869;52435.4;21202.8;667.096
284;4.4232e+06;300128;67424.6;27369.2;861.107
285;4.31396e+06;382077;86527.6;35298.4;1110.58
286;4.17724e+06;484071;110763;45474;1430.73
287;4.00776e+06;609552;141329;58499.7;1840.55
288;3.80026e+06;761641;179594;75120;2363.47
289;3.55021e+06;942462;227043;96240.3;3027.97
290;3.25485e+06;1.15215e+06;285172;122941;3868.03
291;2.91467e+06;1.38759e+06;355311;156477;4923.16
292;2.53505e+06;1.64109e+06;438344;198261;6237.81
293;2.12759e+06;1.89937e+06;534348;249811;7859.69
294;1.71059e+06;2.14371e+06;642184;312650;9836.78
295;1.3075e+06;2.35195e+06;759151;388171;12212.9
296;943092;2.50256e+06;880858;477447;15021.7
297;637930;2.58024e+06;1.00149e+06;581036;18280.9
298;403083;2.58054e+06;1.11455e+06;698811;21986.4
299;237812;2.51124e+06;1.21393e+06;829883;26110.3
300;131520;2.38926e+06;1.29495e+06;972641;30601.8
301;68753.7;2.23484e+06;1.35506e+06;1.12493e+06;35393.1
302;34384.4;2.06607e+06;1.39384e+06;1.28428e+06;40406.8
303;16685.6;1.89596e+06;1.41257e+06;1.4482e+06;45564
304;7972.11;1.73233e+06;1.41357e+06;1.61432e+06;50790.6
305;3801.44;1.57903e+06;1.39957e+06;1.78055e+06;56020.8
306;1830.22;1.43747e+06;1.37334e+06;1.94514e+06;61199.2
307;897.943;1.30774e+06;1.33742e+06;2.10665e+06;66280.5
308;452.036;1.18931e+06;1.29406e+06;2.26393e+06;71229
309;234.611;1.08142e+06;1.2452e+06;2.41611e+06;76017
310;125.917;983226;1.19246e+06;2.56254e+06;80624.2
311;69.9966;893906;1.13719e+06;2.70278e+06;85036.3
312;40.3241;812680;1.0805e+06;2.83651e+06;89243.9
313;24.0677;738824;1.02331e+06;2.96358e+06;93241.8
314;14.8708;671674;966343;3.08392e+06;97028.1
315;9.50034;610624;910180;3.19756e+06;100604
316;6.26632;555121;855281;3.3046e+06;103971
317;4.26043;504663;801996;3.40518e+06;107136
318;2.98074;458790;750588;3.49949e+06;110103
319;2.14229;417087;701246;3.58776e+06;112880
320;1.57897;379174;654098;3.67023e+06;115475
321;1.19148;344708;609223;3.74715e+06;117895
322;0.919;313374;566658;3.8188e+06;120149
323;0.723424;284889;526408;3.88543e+06;122246
324;0.580341;258992;488451;3.94734e+06;124194
325;0.47379;235450;452744;4.00478e+06;126001
326;0.39313;214048;419229;4.05802e+06;127676
327;0.331134;194591;387833;4.10733e+06;129227
328;0.28281;176903;358478;4.15294e+06;130662
329;0.24465;160822;331075;4.19509e+06;131988
330;0.214154;146204;305534;4.23403e+06;133213
331;0.189512;132914;281763;4.26996e+06;134344
332;0.169397;120832;259667;4.30309e+06;135386
333;0.152824;109848;239153;4.33363e+06;136347
334;0.13905;99863;220129;4.36175e+06;137232
335;0.127513;90785.5;202505;4.38764e+06;138047
336;0.117778;82533.1;186193;4.41146e+06;138796
337;0.10951;75030.9;171110;4.43335e+06;139485
338;0.102443;68210.6;157175;4.45347e+06;140118
339;0.0963704;62010.2;144310;4.47196e+06;140699
340;0.0911245;56373.5;132442;4.48893e+06;141233
341;0.0865715;51249.2;121501;4.5045e+06;141723
342;0.082603;46590.6;111421;4.51879e+06;142173
343;0.0791302;42355.5;102141;4.5319e+06;142585
344;0.0760802;38505.4;93601.5;4.54391e+06;142963
345;0.0733927;35005.3;85747.8;4.55492e+06;143309
346;0.0710175;31823.3;78528.6;4.565e+06;143627
347;0.0689125;28930.6;71895.8;4.57423e+06;143917
348;0.0670424;26300.8;65804.6;4.58269e+06;144183
349;0.065377;23910;60213.3;4.59043e+06;144427
350;0.0638909;21736.6;55082.8;4.59751e+06;144650
351;0.0625623;19760.8;50377.1;4.60399e+06;144853
352;0.0613724;17964.5;46062.6;4.60991e+06;145040
353;0.060305;16331.5;42108.2;4.61533e+06;145210
354;0.0593462;14847;38485;4.62028e+06;145366
355;0.0584839;13497.4;35166.4;4.62481e+06;145508
356;0.0577073;12270.5;32127.6;4.62894e+06;145638
357;0.0570072;11155.1;29345.9;4.63272e+06;145757
358;0.0563755;10141.1;26800.3;4.63617e+06;145866
359;0.0558049;9219.28;24471.2;4.63932e+06;145965
360;0.0552892;8381.25;22340.9;4.6422e+06;146056
361;0.0548228;7619.4;20392.8;4.64483e+06;146138
362;0.0544006;6926.79;18611.8;4.64723e+06;146214
363;0.0540182;6297.15;16983.8;4.64941e+06;146283
364;0.0536717;5724.74;15496.1;4.65141e+06;146345
365;0.0533576;5204.36;14136.8;4.65323e+06;146403
366;0.0530727;4731.28;12895.1;4.6549e+06;146455
367;0.0528143;4301.21;11761;4.65641e+06;146503
368;0.0525797;3910.23;10725.3;4.6578e+06;146546
369;0.0523667;3554.79;9779.8;4.65906e+06;146586
370;0.0521733;3231.66;8916.64;4.66021e+06;146622
371;0.0519976;2937.9;8128.81;4.66126e+06;146655
372;0.0518379;2670.85;7409.84;4.66221e+06;146685
373;0.0516928;2428.07;6753.8;4.66308e+06;146713
374;0.051561;2207.36;6155.28;4.66388e+06;146738
375;0.0514411;2006.71;5609.29;4.6646e+06;146760
376;0.0513321;1824.3;5111.3;4.66526e+06;146781
377;0.051233;1658.47;4657.12;4.66586e+06;146800
378;0.0511429;1507.71;4242.97;4.66641e+06;146817
379;0.0510609;1370.66;3865.35;4.66691e+06;146833
380;0.0509864;1246.07;3521.08;4.66736e+06;146847
381;0.0509186;1132.8;3207.24;4.66778e+06;146860
382;0.0508569;1029.83;2921.17;4.66815e+06;146872
383;0.0508008;936.219;2660.44;4.6685e+06;146883
384;0.0507498;851.117;2422.83;4.66881e+06;146893
385;0.0507033;773.75;2206.31;4.6691e+06;146902
386;0.0506611;703.417;2009.02;4.66936e+06;146910
387;0.0506226;639.476;1829.27;4.66959e+06;146917
388;0.0505876;581.348;1665.5;4.66981e+06;146924
389;0.0505558;528.503;1516.32;4.67e+06;146930
390;0.0505269;480.462;1380.43;4.67018e+06;146936
391;0.0505005;436.788;1256.66;4.67034e+06;146941
392;0.0504765;397.084;1143.93;4.67049e+06;146946
393;0.0504547;360.989;1041.27;4.67063e+06;146950
394;0.0504349;328.175;947.777;4.67075e+06;146954
395;0.0504168;298.344;862.642;4.67086e+06;146957
396;0.0504004;271.225;785.123;4.67096e+06;146961
397;0.0503855;246.571;714.542;4.67105e+06;146963
398;0.0503719;224.157;650.282;4.67114e+06;146966
399;0.0503595;203.781;591.778;4.67121e+06;146968
400;0.0503482;185.258;538.519;4.67128e+06;146971
401;0.050338;168.418;490.037;4.67135e+06;146973
402;0.0503287;153.109;445.905;4.6714e+06;146974
403;0.0503202;139.191;405.734;4.67146e+06;146976
404;0.0503125;126.539;369.171;4.6715e+06;146978
405;0.0503055;115.036;335.893;4.67155e+06;146979
406;0.0502991;104.579;305.606;4.67159e+06;146980
407;0.0502933;95.0732;278.042;4.67162e+06;146981
408;0.050288;86.431;252.958;4.67166e+06;146982
409;0.0502832;78.5744;230.131;4.67169e+06;146983
410;0.0502788;71.432;209.358;4.67171e+06;146984
411;0.0502749;64.9389;190.456;4.67174e+06;146985
412;0.0502712;59.0359;173.257;4.67176e+06;146986
413;0.0502679;53.6696;157.607;4.67178e+06;146986
414;0.050265;48.791;143.368;4.6718e+06;146987
415;0.0502622;44.3559;130.412;4.67182e+06;146987
416;0.0502598;40.324;118.625;4.67183e+06;146988
417;0.0502575;36.6585;107.902;4.67185e+06;146988
418;0.0502555;33.3263;98.1454;4.67186e+06;146989
419;0.0502536;30.2969;89.2697;4.67187e+06;146989
420;0.0502519;27.5429;81.1953;4.67188e+06;146989
421;0.0502504;25.0393;73.8499;4.67189e+06;146990
422;0.050249;22.7632;67.168;4.6719e+06;146990
423;0.0502477;20.694;61.0897;4.67191e+06;146990
424;0.0502465;18.8129;55.5606;4.67191e+06;146990
425;0.0502455;17.1028;50.5312;4.67192e+06;146991
426;0.0502445;15.5482;45.9564;4.67193e+06;146991
427;0.0502436;14.1349;41.7952;4.67193e+06;146991
428;0.0502428;12.85;38.0103;4.67194e+06;146991
429;0.0502421;11.6819;34.5677;4.67194e+06;146991
430;0.0502415;10.6201;31.4366;4.67194e+06;146991
431;0.0502409;9.65469;28.5887;4.67195e+06;146992
432;0.0502403;8.77708;25.9985;4.67195e+06;146992
433;0.0502398;7.97924;23.6427;4.67195e+06;146992
434;0.0502394;7.25393;21.5002;4.67196e+06;146992
435;0.050239;6.59455;19.5516;4.67196e+06;146992
436;0.0502386;5.99511;17.7794;4.67196e+06;146992
437;0.0502383;5.45015;16.1677;4.67196e+06;146992
438;0.050238;4.95473;14.702;4.67197e+06;146992
439;0.0502377;4.50435;13.369;4.67197e+06;146992
440;0.0502374;4.0949;12.1568;4.67197e+06;146992
441;0.0502372;3.72268;11.0544;4.67197e+06;146992
442;0.050237;3.38428;10.0519;4.67197e+06;146992
443;0.0502368;3.07665;9.14024;4.67197e+06;146992
444;0.0502366;2.79699;8.3112;4.67197e+06;146992
445;0.0502365;2.54274;7.5573;4.67198e+06;146992
446;0.0502363;2.31161;6.87173;4.67198e+06;146992
447;0.0502362;2.10148;6.24831;4.67198e+06;146992
448;0.0502361;1.91046;5.68142;4.67198e+06;146993
449;0.050236;1.7368;5.16592;4.67198e+06;146993
450;0.0502359;1.57892;4.69717;4.67198e+06;146993
451;0.0502358;1.4354;4.27093;4.67198e+06;146993
452;0.0502357;1.30492;3.88334;4.67198e+06;146993
453;0.0502356;1.1863;3.53091;4.67198e+06;146993
454;0.0502356;1.07847;3.21045;4.67198e+06;146993
455;0.0502355;0.980435;2.91905;4.67198e+06;146993
456;0.0502354;0.891314;2.65409;4.67198e+06;146993
457;0.0502354;0.810293;2.41317;4.67198e+06;146993
458;0.0502353;0.736638;2.19411;4.67198e+06;146993
459;0.0502353;0.669677;1.99492;4.67198e+06;146993
460;0.0502353;0.608804;1.81381;4.67198e+06;146993
461;0.0502352;0.553463;1.64914;4.67198e+06;146993
462;0.0502352;0.503154;1.49941;4.67198e+06;146993
463;0.0502352;0.457417;1.36327;4.67198e+06;146993
464;0.0502351;0.415838;1.23948;4.67198e+06;146993
465;0.0502351;0.378038;1.12693;4.67198e+06;146993
466;0.0502351;0.343675;1.0246;4.67198e+06;146993
467;0.0502351;0.312435;0.931555;4.67198e+06;146993
468;0.0502351;0.284034;0.846957;4.67198e+06;146993
469;0.050235;0.258216;0.77004;4.67198e+06;146993
470;0.050235;0.234744;0.700106;4.67198e+06;146993
471;0.050235;0.213406;0.636521;4.67198e+06;146993
472;0.050235;0.194007;0.57871;4.67198e+06;146993
473;0.050235;0.176372;0.526148;4.67198e+06;146993
474;0.050235;0.16034;0.478358;4.67198e+06;146993
