234;6.67857e+06;1.7647;0.8787;0.1176;0.0037
235;6.67856e+06;3.15493;0.932525;0.220935;0.00695119
236;6.67856e+06;4.51377;1.10619;0.3306;0.0104015
237;6.67856e+06;6.05557;1.38231;0.460688;0.0144944
238;6.67856e+06;7.94448;1.76509;0.623248;0.019609
239;6.67855e+06;10.3372;2.27314;0.830823;0.0261398
240;6.67855e+06;13.4089;2.93706;1.09814;0.0345505
241;6.67855e+06;17.3731;3.79966;1.44354;0.0454176
242;6.67854e+06;22.4991;4.91798;1.89038;0.0594763
243;6.67853e+06;29.1326;6.36659;2.46874;0.0776728
244;6.67852e+06;37.7196;8.24248;3.21745;0.101229
245;6.6785e+06;48.8363;10.6714;4.18676;0.131726
246;6.67849e+06;63.2286;13.8162;5.44172;0.171211
247;6.67846e+06;81.8622;17.8877;7.0665;0.22233
248;6.67843e+06;105.987;23.1592;9.1701;0.288515
249;6.67839e+06;137.221;29.9842;11.8936;0.374204
250;6.67834e+06;177.659;38.8205;15.4198;0.485146
251;6.67827e+06;230.014;50.2608;19.9851;0.628782
252;6.67818e+06;297.797;65.0725;25.8957;0.814747
253;6.67806e+06;385.554;84.249;33.5483;1.05552
254;6.67791e+06;499.17;109.076;43.4559;1.36724
255;6.67772e+06;646.264;141.22;56.2833;1.77082
256;6.67747e+06;836.698;182.836;72.8908;2.29333
257;6.67715e+06;1083.24;236.713;94.3923;2.96982
258;6.67673e+06;1402.41;306.467;122.23;3.84566
259;6.67619e+06;1815.61;396.771;158.27;4.97959
260;6.67549e+06;2350.5;513.682;204.931;6.44765
261;6.67459e+06;3042.92;665.033;265.34;8.34827
262;6.67341e+06;3939.2;860.966;343.547;10.8089
263;6.6719e+06;5099.3;1114.6;444.797;13.9945
264;6.66993e+06;6600.75;1442.93;575.874;18.1185
265;6.66739e+06;8543.79;1867.91;745.563;23.4573
266;6.6641e+06;11058;2417.96;965.229;30.3686
267;6.65984e+06;14310.5;3129.83;1249.58;39.3151
268;6.65433e+06;18517.5;4051.01;1617.65;50.8954
269;6.64721e+06;23957.1;5242.86;2094.05;65.8842
270;6.638e+06;30988.2;6784.61;2710.61;85.2828
271;6.6261e+06;40071.5;8778.46;3508.48;110.386
272;6.61073e+06;51798.9;11356.1;4540.83;142.866
273;6.59089e+06;66927.4;14687.2;5876.31;184.884
274;6.56531e+06;86422.5;18989.3;7603.52;239.226
275;6.53237e+06;111510;24541.7;9836.66;309.487
276;6.49001e+06;143736;31701.1;12722.8;400.291
277;6.43564e+06;185037;40921.4;16450.8;517.585
278;6.36605e+06;237810;52777.5;21263.2;668.994
279;6.27726e+06;304980;67992.5;27469.8;864.271
280;6.16447e+06;390048;87467.7;35465.7;1115.84
281;6.02197e+06;497089;112313;45751.9;1439.47
282;5.84322e+06;630655;143875;58959.9;1855.03
283;5.62102e+06;795529;183749;75879.6;2387.37
284;5.34801e+06;996228;233774;97488.6;3067.24
285;5.01751e+06;1.23617e+06;295975;124980;3932.21
286;4.62488e+06;1.51644e+06;372441;159787;5027.31
287;4.16939e+06;1.83407e+06;465108;203586;6405.34
288;3.6565e+06;2.18025e+06;575408;258283;8126.24
289;3.09988e+06;2.53869e+06;703796;325951;10255.3
290;2.52252e+06;2.88528e+06;849192;408717;12859.3
291;1.95542e+06;3.19011e+06;1.00846e+06;508582;16001.3
292;1.43311e+06;3.42244e+06;1.17611e+06;627177;19732.6
293;986427;3.55802e+06;1.34455e+06;765487;24084.2
294;634707;3.58632e+06;1.50488e+06;923606;29059
295;381221;3.51381e+06;1.64833e+06;1.10058e+06;34627.1
296;214317;3.36131e+06;1.7678e+06;1.29442e+06;40725.9
297;113593;3.15649e+06;1.8589e+06;1.50232e+06;47266.8
298;57400.6;2.92575e+06;1.92034e+06;1.72092e+06;54144.7
299;28036.5;2.68917e+06;1.95336e+06;1.94676e+06;61250
300;13431.8;2.45933e+06;1.96086e+06;2.17647e+06;68477.4
301;6400.37;2.24281e+06;1.94656e+06;2.40707e+06;75732.6
302;3070.62;2.04226e+06;1.91431e+06;2.63598e+06;82934.9
303;1497.9;1.8582e+06;1.86775e+06;2.86111e+06;90017.8
304;748.554;1.69003e+06;1.8101e+06;3.08075e+06;96928.5
305;385.258;1.53677e+06;1.74416e+06;3.29362e+06;103626
306;204.908;1.39726e+06;1.67229e+06;3.49874e+06;110079
307;112.848;1.27034e+06;1.59645e+06;3.6954e+06;116267
308;64.4013;1.15492e+06;1.51827e+06;3.88314e+06;122174
309;38.0836;1.04996e+06;1.43909e+06;4.06169e+06;127791
310;23.3196;954534;1.35997e+06;4.23093e+06;133116
311;14.7694;867776;1.28177e+06;4.39086e+06;138148
312;9.66154;788900;1.20517e+06;4.54159e+06;142890
313;6.5176;717192;1.1307e+06;4.68332e+06;147349
314;4.52643;652001;1.05874e+06;4.81629e+06;151533
315;3.23075;592736;989579;4.9408e+06;155450
316;2.36585;538857;923422;5.05717e+06;159112
317;1.7745;489875;860393;5.16577e+06;162528
318;1.36101;445346;800557;5.26695e+06;165712
319;1.06579;404864;743932;5.3611e+06;168674
320;0.850859;368063;690495;5.44858e+06;171427
321;0.691529;334606;640195;5.52979e+06;173981
322;0.571421;304190;592955;5.60507e+06;176350
323;0.479464;276539;548680;5.6748e+06;178544
324;0.408043;251402;507263;5.73933e+06;180574
325;0.351831;228550;468584;5.79898e+06;182451
326;0.307045;207775;432520;5.85409e+06;184185
327;0.270959;188888;398942;5.90495e+06;185785
328;0.241579;171718;367720;5.95187e+06;187261
329;0.21743;156109;338725;5.99511e+06;188622
330;0.197404;141919;311828;6.03495e+06;189875
331;0.180663;129018;286904;6.07162e+06;191029
332;0.166563;117290;263830;6.10536e+06;192090
333;0.154608;106629;242489;6.13638e+06;193066
334;0.144407;96936.2;222768;6.1649e+06;193964
335;0.135653;88124.7;204558;6.1911e+06;194788
336;0.1281;80114.2;187755;6.21515e+06;195545
337;0.121553;72831.8;172263;6.23723e+06;196239
338;0.115853;66211.4;157988;6.25749e+06;196877
339;0.11087;60192.8;144843;6.27607e+06;197461
340;0.106497;54721.3;132745;6.2931e+06;197997
341;0.102648;49747.1;121617;6.30872e+06;198488
342;0.0992482;45225.1;111387;6.32302e+06;198938
343;0.0962374;41114.2;101987;6.33612e+06;199351
344;0.0935642;37376.9;93352.8;6.34811e+06;199728
345;0.0911851;33979.3;85426.7;6.35909e+06;200073
346;0.0890633;30890.6;78153.2;6.36913e+06;200389
347;0.0871672;28082.7;71481.1;6.37833e+06;200679
348;0.0854698;25529.9;65363.2;6.38673e+06;200943
349;0.0839479;23209.3;59755.3;6.39442e+06;201185
350;0.0825812;21099.5;54616.7;6.40145e+06;201406
351;0.0813524;19181.6;49909.7;6.40787e+06;201608
352;0.0802462;17438;45599.2;6.41374e+06;201793
353;0.0792492;15852.9;41653.1;6.4191e+06;201961
354;0.0783498;14411.9;38041.6;6.424e+06;202116
355;0.0775376;13101.8;34737.2;6.42847e+06;202256
356;0.0768037;11910.9;31714.6;6.43256e+06;202385
357;0.07614;10828.2;28950.3;6.43629e+06;202502
358;0.0755393;9843.89;26422.9;6.43969e+06;202609
359;0.0749954;8949.08;24112.6;6.4428e+06;202707
360;0.0745027;8135.61;22001.2;6.44563e+06;202796
361;0.074056;7396.08;20072;6.44822e+06;202878
362;0.0736509;6723.78;18309.6;6.45058e+06;202952
363;0.0732834;6112.59;16699.8;6.45274e+06;203020
364;0.0729499;5556.95;15229.8;6.4547e+06;203082
365;0.0726471;5051.83;13887.5;6.45649e+06;203138
366;0.0723722;4592.62;12662.2;6.45812e+06;203189
367;0.0721225;4175.15;11543.7;6.45961e+06;203236
368;0.0718956;3795.63;10523;6.46097e+06;203279
369;0.0716894;3450.6;9591.57;6.46221e+06;203318
370;0.071502;3136.94;8741.77;6.46334e+06;203353
371;0.0713317;2851.8;7966.54;6.46436e+06;203386
372;0.0711768;2592.57;7259.43;6.4653e+06;203415
373;0.071036;2356.9;6614.53;6.46615e+06;203442
374;0.0709079;2142.66;6026.43;6.46693e+06;203466
375;0.0707915;1947.89;5490.19;6.46764e+06;203489
376;0.0706855;1770.83;5001.29;6.46829e+06;203509
377;0.0705892;1609.86;4555.6;6.46887e+06;203528
378;0.0705015;1463.53;4149.35;6.46941e+06;203544
379;0.0704218;1330.49;3779.06;6.4699e+06;203560
380;0.0703493;1209.55;3441.61;6.47034e+06;203574
381;0.0702833;1099.6;3134.09;6.47075e+06;203586
382;0.0702233;999.648;2853.88;6.47112e+06;203598
383;0.0701686;908.78;2598.57;6.47145e+06;203609
384;0.070119;826.172;2365.97;6.47176e+06;203618
385;0.0700737;751.073;2154.08;6.47204e+06;203627
386;0.0700326;682.8;1961.06;6.47229e+06;203635
387;0.0699952;620.734;1785.25;6.47252e+06;203642
388;0.0699611;564.309;1625.12;6.47273e+06;203649
389;0.0699301;513.014;1479.29;6.47292e+06;203655
390;0.0699019;466.381;1346.49;6.47309e+06;203660
391;0.0698763;423.987;1225.55;6.47325e+06;203665
392;0.0698529;385.446;1115.43;6.4734e+06;203670
393;0.0698317;350.409;1015.17;6.47353e+06;203674
394;0.0698124;318.557;923.88;6.47365e+06;203678
395;0.0697948;289.6;840.771;6.47376e+06;203681
396;0.0697788;263.276;765.11;6.47386e+06;203684
397;0.0697643;239.344;696.234;6.47395e+06;203687
398;0.069751;217.588;633.537;6.47403e+06;203690
399;0.069739;197.809;576.468;6.4741e+06;203692
400;0.069728;179.828;524.523;6.47417e+06;203694
401;0.0697181;163.482;477.245;6.47423e+06;203696
402;0.069709;148.621;434.215;6.47429e+06;203698
403;0.0697007;135.112;395.055;6.47434e+06;203699
404;0.0696932;122.83;359.416;6.47438e+06;203701
405;0.0696864;111.665;326.984;6.47443e+06;203702
406;0.0696802;101.514;297.471;6.47447e+06;203703
407;0.0696745;92.2867;270.616;6.4745e+06;203705
408;0.0696694;83.8979;246.179;6.47453e+06;203706
409;0.0696647;76.2715;223.944;6.47456e+06;203706
410;0.0696605;69.3385;203.712;6.47459e+06;203707
411;0.0696566;63.0356;185.305;6.47461e+06;203708
412;0.0696531;57.3057;168.557;6.47463e+06;203709
413;0.0696499;52.0966;153.321;6.47465e+06;203709
414;0.069647;47.361;139.458;6.47467e+06;203710
415;0.0696443;43.0559;126.847;6.47469e+06;203710
416;0.0696419;39.1421;115.374;6.4747e+06;203711
417;0.0696397;35.5841;104.937;6.47472e+06;203711
418;0.0696377;32.3495;95.4431;6.47473e+06;203712
419;0.0696359;29.4089;86.8065;6.47474e+06;203712
420;0.0696343;26.7357;78.9501;6.47475e+06;203712
421;0.0696328;24.3054;71.8037;6.47476e+06;203713
422;0.0696314;22.096;65.3033;6.47477e+06;203713
423;0.0696302;20.0875;59.3905;6.47478e+06;203713
424;0.0696291;18.2616;54.0124;6.47478e+06;203713
425;0.069628;16.6016;49.1207;6.47479e+06;203714
426;0.0696271;15.0925;44.6714;6.47479e+06;203714
427;0.0696263;13.7206;40.6247;6.4748e+06;203714
428;0.0696255;12.4734;36.9441;6.4748e+06;203714
429;0.0696248;11.3396;33.5966;6.47481e+06;203714
430;0.0696241;10.3088;30.5521;6.47481e+06;203714
431;0.0696236;9.37173;27.7832;6.47482e+06;203714
432;0.069623;8.51984;25.265;6.47482e+06;203715
433;0.0696226;7.74538;22.9748;6.47482e+06;203715
434;0.0696221;7.04133;20.892;6.47483e+06;203715
435;0.0696217;6.40127;18.9979;6.47483e+06;203715
436;0.0696214;5.8194;17.2753;6.47483e+06;203715
437;0.069621;5.29041;15.7088;6.47483e+06;203715
438;0.0696207;4.80952;14.2842;6.47483e+06;203715
439;0.0696205;4.37233;12.9887;6.47484e+06;203715
440;0.0696202;3.97489;11.8106;6.47484e+06;203715
441;0.06962;3.61357;10.7393;6.47484e+06;203715
442;0.0696198;3.2851;9.76512;6.47484e+06;203715
443;0.0696196;2.98648;8.87923;6.47484e+06;203715
444;0.0696194;2.71501;8.07365;6.47484e+06;203715
445;0.0696193;2.46822;7.34111;6.47484e+06;203715
446;0.0696192;2.24386;6.67499;6.47484e+06;203715
447;0.069619;2.03989;6.06928;6.47484e+06;203715
448;0.0696189;1.85446;5.51851;6.47485e+06;203715
449;0.0696188;1.68589;5.01768;6.47485e+06;203715
450;0.0696187;1.53265;4.56228;6.47485e+06;203715
451;0.0696186;1.39333;4.1482;6.47485e+06;203715
452;0.0696185;1.26667;3.77167;6.47485e+06;203715
453;0.0696185;1.15153;3.42931;6.47485e+06;203715
454;0.0696184;1.04686;3.11801;6.47485e+06;203715
455;0.0696183;0.9517;2.83495;6.47485e+06;203715
456;0.0696183;0.86519;2.57758;6.47485e+06;203715
457;0.0696182;0.786545;2.34357;6.47485e+06;203715
458;0.0696182;0.715048;2.13079;6.47485e+06;203716
459;0.0696182;0.65005;1.93732;6.47485e+06;203716
460;0.0696181;0.590961;1.76142;6.47485e+06;203716
461;0.0696181;0.537242;1.60147;6.47485e+06;203716
462;0.0696181;0.488407;1.45605;6.47485e+06;203716
463;0.069618;0.444011;1.32383;6.47485e+06;203716
464;0.069618;0.40365;1.20361;6.47485e+06;203716
465;0.069618;0.366958;1.0943;6.47485e+06;203716
466;0.069618;0.333602;0.99492;6.47485e+06;203716
467;0.0696179;0.303278;0.904561;6.47485e+06;203716
468;0.0696179;0.27571;0.822405;6.47485e+06;203716
469;0.0696179;0.250648;0.74771;6.47485e+06;203716
470;0.0696179;0.227864;0.679796;6.47485e+06;203716
471;0.0696179;0.207151;0.61805;6.47485e+06;203716
472;0.0696179;0.188321;0.56191;6.47485e+06;203716
473;0.0696179;0.171203;0.510869;6.47485e+06;203716
474;0.0696179;0.15564;0.464463;6.47485e+06;203716
