237;2.80154e+06;1.7647;0.8787;0.1176;0.0037
238;2.80154e+06;3.15493;0.932525;0.220935;0.00695119
239;2.80154e+06;4.51377;1.10619;0.3306;0.0104015
240;2.80154e+06;6.05556;1.38231;0.460688;0.0144944
241;2.80153e+06;7.94448;1.76509;0.623248;0.019609
242;2.80153e+06;10.3372;2.27314;0.830823;0.0261398
243;2.80153e+06;13.4089;2.93705;1.09814;0.0345504
244;2.80152e+06;17.373;3.79966;1.44354;0.0454175
245;2.80151e+06;22.499;4.91797;1.89038;0.0594763
246;2.80151e+06;29.1325;6.36658;2.46873;0.0776728
247;2.80149e+06;37.7193;8.24246;3.21744;0.101229
248;2.80148e+06;48.8359;10.6713;4.18676;0.131726
249;2.80146e+06;63.228;13.8161;5.44171;0.17121
250;2.80144e+06;81.8611;17.8876;7.06648;0.22233
251;2.80141e+06;105.985;23.159;9.17006;0.288514
252;2.80136e+06;137.218;29.9839;11.8936;0.374202
253;2.80131e+06;177.654;38.8199;15.4197;0.485142
254;2.80124e+06;230.005;50.2598;19.9849;0.628776
255;2.80115e+06;297.781;65.0707;25.8954;0.814737
256;2.80104e+06;385.527;84.2459;33.5477;1.0555
257;2.80089e+06;499.125;109.071;43.4551;1.36721
258;2.8007e+06;646.188;141.211;56.2819;1.77077
259;2.80045e+06;836.57;182.821;72.8883;2.29326
260;2.80013e+06;1083.02;236.689;94.3881;2.96969
261;2.79971e+06;1402.05;306.426;122.223;3.84544
262;2.79917e+06;1815;396.703;158.258;4.97922
263;2.79847e+06;2349.48;513.566;204.911;6.44702
264;2.79756e+06;3041.21;664.839;265.306;8.34721
265;2.79639e+06;3936.34;860.64;343.491;10.8071
266;2.79488e+06;5094.51;1114.06;444.702;13.9915
267;2.79292e+06;6592.73;1442.01;575.715;18.1135
268;2.79038e+06;8530.34;1866.38;745.296;23.4489
269;2.7871e+06;11035.4;2415.39;964.782;30.3545
270;2.78286e+06;14272.8;3125.53;1248.83;39.2915
271;2.77738e+06;18454.3;4043.8;1616.39;50.8559
272;2.7703e+06;23851.4;5230.78;2091.94;65.818
273;2.76118e+06;30811.4;6764.38;2707.08;85.1719
274;2.74941e+06;39776;8744.62;3502.58;110.2
275;2.73427e+06;51305.4;11299.5;4530.94;142.555
276;2.7148e+06;66104.1;14592.6;5859.77;184.363
277;2.68985e+06;85050.9;18831.3;7575.85;238.356
278;2.65794e+06;109229;24278.2;9790.42;308.032
279;2.61729e+06;139952;31262.2;12645.5;397.861
280;2.56574e+06;178778;40191.8;16322;513.532
281;2.50077e+06;227495;51567.4;21048.5;662.241
282;2.41952e+06;288065;65991.5;27112.8;853.04
283;2.31892e+06;362486;84171.9;34873.5;1097.21
284;2.19592e+06;452532;106912;44772.1;1408.65
285;2.04796e+06;559353;135079;57344.9;1804.22
286;1.8736e+06;682873;169539;73230.1;2304.01
287;1.67335e+06;821050;211047;93167.9;2931.3
288;1.45066e+06;969101;260080;117987;3712.18
289;1.21269e+06;1.11898e+06;316624;148572;4674.47
290;970429;1.25953e+06;379933;185807;5845.98
291;737701;1.37777e+06;448338;230487;7251.73
292;528829;1.4614e+06;519193;283212;8910.58
293;355329;1.50206e+06;589056;344269;10831.6
294;222974;1.49788e+06;654141;413542;13011.1
295;130671;1.45402e+06;710951;490469;15431.4
296;71828.9;1.38069e+06;756883;574077;18061.9
297;37361.6;1.28966e+06;790578;663086;20862.4
298;18616.6;1.19117e+06;811911;756058;23787.6
299;9014.14;1.0925e+06;821703;851539;26791.6
300;4303.47;997899;821339;948171;29831.9
301;2053.07;909440;812419;1.04476e+06;32870.9
302;989.957;827835;796541;1.1403e+06;35876.8
303;486.814;753088;775171;1.23397e+06;38824
304;245.773;684873;749598;1.32513e+06;41692.2
305;127.974;622736;720927;1.41329e+06;44465.7
306;68.9223;566189;690085;1.49807e+06;47133.1
307;38.4503;514752;657844;1.57922e+06;49686.4
308;22.2298;467978;624839;1.65658e+06;52120.4
309;13.3147;425447;591585;1.73007e+06;54432.3
310;8.25482;386779;558499;1.79964e+06;56621.2
311;5.2909;351624;525911;1.86532e+06;58687.7
312;3.50068;319663;494081;1.92716e+06;60633.5
313;2.3871;290607;463206;1.98527e+06;62461.6
314;1.67473;264191;433436;2.03974e+06;64175.5
315;1.20678;240177;404875;2.09071e+06;65779.2
316;0.891614;218345;377596;2.13833e+06;67277.2
317;0.67433;198498;351641;2.18273e+06;68674.3
318;0.521214;180455;327030;2.22408e+06;69975.4
319;0.411097;164051;303765;2.26254e+06;71185.4
320;0.330387;149139;281830;2.29826e+06;72309.4
321;0.270181;135582;261201;2.33141e+06;73352.1
322;0.224533;123258;241842;2.36213e+06;74318.6
323;0.189397;112054;223711;2.39057e+06;75213.4
324;0.161972;101868;206760;2.41687e+06;76041.1
325;0.140289;92608.4;190940;2.44119e+06;76806.1
326;0.12294;84190.4;176197;2.46364e+06;77512.6
327;0.108907;76537.5;162477;2.48436e+06;78164.5
328;0.0974415;69580.2;149726;2.50347e+06;78765.7
329;0.0879858;63255.4;137889;2.52108e+06;79319.7
330;0.0801211;57505.5;126913;2.5373e+06;79829.9
331;0.0735282;52278.2;116746;2.55222e+06;80299.5
332;0.0679616;47526.2;107337;2.56595e+06;80731.4
333;0.0632303;43206;98636.8;2.57857e+06;81128.6
334;0.0591846;39278.6;90599.6;2.59017e+06;81493.5
335;0.0557059;35708.2;83180.3;2.60083e+06;81828.7
336;0.0526994;32462.3;76336.4;2.61061e+06;82136.5
337;0.0500888;29511.5;70027.6;2.61959e+06;82418.9
338;0.0478125;26828.9;64215.9;2.62782e+06;82678
339;0.0458197;24390.2;58865.2;2.63537e+06;82915.6
340;0.0440689;22173.1;53941.9;2.6423e+06;83133.4
341;0.0425258;20157.6;49414.3;2.64864e+06;83333
342;0.0411615;18325.2;45252.7;2.65445e+06;83515.9
343;0.0399522;16659.5;41429.3;2.65977e+06;83683.3
344;0.0388775;15145.1;37918.3;2.66464e+06;83836.6
345;0.0379203;13768.4;34695.5;2.6691e+06;83976.9
346;0.037066;12516.9;31738.5;2.67318e+06;84105.3
347;0.036302;11379.1;29026.4;2.67692e+06;84222.7
348;0.0356177;10344.7;26539.8;2.68033e+06;84330.1
349;0.0350038;9404.41;24260.9;2.68345e+06;84428.3
350;0.0344523;8549.55;22172.9;2.6863e+06;84518.1
351;0.0339561;7772.39;20260.5;2.68891e+06;84600.1
352;0.0335093;7065.88;18509.4;2.69129e+06;84675.1
353;0.0331064;6423.6;16906.5;2.69347e+06;84743.5
354;0.0327429;5839.69;15439.6;2.69546e+06;84806.1
355;0.0324145;5308.86;14097.6;2.69727e+06;84863.2
356;0.0321177;4826.29;12870.2;2.69893e+06;84915.4
357;0.0318492;4387.58;11747.7;2.70045e+06;84963
358;0.0316061;3988.75;10721.6;2.70183e+06;85006.5
359;0.031386;3626.17;9783.61;2.70309e+06;85046.1
360;0.0311865;3296.55;8926.48;2.70424e+06;85082.3
361;0.0310057;2996.9;8143.36;2.70529e+06;85115.4
362;0.0308416;2724.48;7427.98;2.70625e+06;85145.5
363;0.0306928;2476.82;6774.62;2.70712e+06;85173
364;0.0305577;2251.68;6178.01;2.70792e+06;85198
365;0.0304351;2047;5633.29;2.70864e+06;85220.9
366;0.0303237;1860.93;5136.05;2.70931e+06;85241.7
367;0.0302225;1691.77;4682.2;2.70991e+06;85260.8
368;0.0301306;1537.99;4268.03;2.71046e+06;85278.1
369;0.030047;1398.19;3890.12;2.71096e+06;85293.9
370;0.0299711;1271.09;3545.35;2.71142e+06;85308.3
371;0.0299021;1155.55;3230.84;2.71184e+06;85321.4
372;0.0298393;1050.51;2943.98;2.71222e+06;85333.3
373;0.0297822;955.019;2682.36;2.71256e+06;85344.2
374;0.0297303;868.208;2443.8;2.71288e+06;85354.1
375;0.0296831;789.288;2226.29;2.71317e+06;85363.2
376;0.0296402;717.541;2027.99;2.71343e+06;85371.4
377;0.0296011;652.317;1847.22;2.71367e+06;85378.9
378;0.0295656;593.021;1682.45;2.71388e+06;85385.8
379;0.0295333;539.116;1532.27;2.71408e+06;85392
380;0.0295039;490.11;1395.41;2.71426e+06;85397.7
381;0.0294772;445.559;1270.7;2.71442e+06;85402.8
382;0.0294528;405.058;1157.07;2.71457e+06;85407.5
383;0.0294307;368.238;1053.53;2.71471e+06;85411.8
384;0.0294105;334.765;959.212;2.71483e+06;85415.7
385;0.0293922;304.335;873.29;2.71495e+06;85419.3
386;0.0293755;276.671;795.024;2.71505e+06;85422.5
387;0.0293604;251.522;723.737;2.71514e+06;85425.4
388;0.0293466;228.658;658.811;2.71523e+06;85428.1
389;0.029334;207.873;599.682;2.71531e+06;85430.5
390;0.0293226;188.978;545.836;2.71538e+06;85432.8
391;0.0293122;171.8;496.805;2.71544e+06;85434.8
392;0.0293027;156.183;452.159;2.7155e+06;85436.6
393;0.0292941;141.986;411.509;2.71555e+06;85438.3
394;0.0292863;129.079;374.499;2.7156e+06;85439.8
395;0.0292791;117.346;340.806;2.71564e+06;85441.2
396;0.0292727;106.679;310.133;2.71568e+06;85442.5
397;0.0292668;96.9823;282.211;2.71572e+06;85443.6
398;0.0292614;88.1666;256.794;2.71575e+06;85444.7
399;0.0292565;80.1522;233.66;2.71578e+06;85445.6
400;0.0292521;72.8664;212.603;2.71581e+06;85446.5
401;0.029248;66.2429;193.437;2.71584e+06;85447.3
402;0.0292444;60.2214;175.995;2.71586e+06;85448
403;0.029241;54.7473;160.121;2.71588e+06;85448.6
404;0.029238;49.7707;145.675;2.7159e+06;85449.2
405;0.0292352;45.2466;132.529;2.71592e+06;85449.8
406;0.0292327;41.1337;120.566;2.71593e+06;85450.2
407;0.0292304;37.3946;109.68;2.71595e+06;85450.7
408;0.0292283;33.9955;99.7752;2.71596e+06;85451.1
409;0.0292264;30.9053;90.7626;2.71597e+06;85451.5
410;0.0292247;28.096;82.5624;2.71598e+06;85451.8
411;0.0292231;25.5421;75.1015;2.71599e+06;85452.1
412;0.0292217;23.2203;68.3135;2.716e+06;85452.4
413;0.0292204;21.1096;62.1378;2.71601e+06;85452.6
414;0.0292192;19.1907;56.5193;2.71602e+06;85452.9
415;0.0292181;17.4463;51.408;2.71602e+06;85453.1
416;0.0292172;15.8604;46.758;2.71603e+06;85453.3
417;0.0292163;14.4187;42.528;2.71603e+06;85453.4
418;0.0292155;13.108;38.68;2.71604e+06;85453.6
419;0.0292147;11.9165;35.1796;2.71604e+06;85453.7
420;0.0292141;10.8333;31.9956;2.71605e+06;85453.9
421;0.0292135;9.84856;29.0993;2.71605e+06;85454
422;0.0292129;8.95333;26.4647;2.71605e+06;85454.1
423;0.0292124;8.13947;24.0684;2.71606e+06;85454.2
424;0.029212;7.39959;21.8888;2.71606e+06;85454.3
425;0.0292115;6.72697;19.9063;2.71606e+06;85454.4
426;0.0292112;6.11549;18.1032;2.71607e+06;85454.4
427;0.0292108;5.55959;16.4631;2.71607e+06;85454.5
428;0.0292105;5.05422;14.9715;2.71607e+06;85454.6
429;0.0292102;4.5948;13.6149;2.71607e+06;85454.6
430;0.02921;4.17713;12.3811;2.71607e+06;85454.7
431;0.0292097;3.79743;11.259;2.71607e+06;85454.7
432;0.0292095;3.45224;10.2384;2.71608e+06;85454.8
433;0.0292093;3.13843;9.31033;2.71608e+06;85454.8
434;0.0292091;2.85315;8.46627;2.71608e+06;85454.8
435;0.029209;2.5938;7.69866;2.71608e+06;85454.9
436;0.0292088;2.35802;7.00059;2.71608e+06;85454.9
437;0.0292087;2.14368;6.36576;2.71608e+06;85454.9
438;0.0292086;1.94882;5.78846;2.71608e+06;85454.9
439;0.0292085;1.77167;5.26346;2.71608e+06;85455
440;0.0292084;1.61063;4.78605;2.71608e+06;85455
441;0.0292083;1.46422;4.35191;2.71608e+06;85455
442;0.0292082;1.33112;3.95712;2.71608e+06;85455
443;0.0292081;1.21012;3.59812;2.71608e+06;85455
444;0.0292081;1.10012;3.27167;2.71608e+06;85455
445;0.029208;1.00012;2.97482;2.71608e+06;85455.1
446;0.0292079;0.909211;2.70488;2.71609e+06;85455.1
447;0.0292079;0.826564;2.45943;2.71609e+06;85455.1
448;0.0292078;0.751429;2.23623;2.71609e+06;85455.1
449;0.0292078;0.683125;2.03328;2.71609e+06;85455.1
450;0.0292078;0.621029;1.84874;2.71609e+06;85455.1
451;0.0292077;0.564577;1.68094;2.71609e+06;85455.1
452;0.0292077;0.513257;1.52836;2.71609e+06;85455.1
453;0.0292077;0.466602;1.38963;2.71609e+06;85455.1
454;0.0292076;0.424188;1.26348;2.71609e+06;85455.1
455;0.0292076;0.385629;1.14878;2.71609e+06;85455.1
456;0.0292076;0.350576;1.04449;2.71609e+06;85455.1
457;0.0292076;0.318708;0.949657;2.71609e+06;85455.1
458;0.0292076;0.289738;0.863434;2.71609e+06;85455.1
459;0.0292075;0.263401;0.785036;2.71609e+06;85455.1
460;0.0292075;0.239457;0.713755;2.71609e+06;85455.1
461;0.0292075;0.217691;0.648943;2.71609e+06;85455.1
462;0.0292075;0.197903;0.590014;2.71609e+06;85455.2
463;0.0292075;0.179913;0.536435;2.71609e+06;85455.2
464;0.0292075;0.163559;0.487719;2.71609e+06;85455.2
