196;607948;1.7647;0.8787;0.1176;0.0037
197;607947;3.15493;0.932525;0.220935;0.00695119
198;607945;4.51376;1.10619;0.3306;0.0104015
199;607943;6.05554;1.38231;0.460688;0.0144944
200;607941;7.94443;1.76509;0.623248;0.019609
201;607938;10.3371;2.27313;0.830822;0.0261398
202;607934;13.4088;2.93704;1.09814;0.0345504
203;607928;17.3728;3.79963;1.44354;0.0454175
204;607922;22.4985;4.91792;1.89038;0.0594761
205;607913;29.1317;6.36649;2.46872;0.0776724
206;607902;37.7179;8.24231;3.21742;0.101228
207;607887;48.8334;10.6711;4.18672;0.131725
208;607868;63.2237;13.8156;5.44164;0.171208
209;607844;81.8538;17.8868;7.06635;0.222326
210;607812;105.973;23.1577;9.16984;0.288507
211;607772;137.197;29.9816;11.8932;0.37419
212;607719;177.619;38.816;15.419;0.485122
213;607650;229.946;50.2531;19.9838;0.628741
214;607562;297.681;65.0595;25.8935;0.814678
215;607447;385.359;84.227;33.5445;1.0554
216;607298;498.843;109.039;43.4496;1.36704
217;607106;645.713;141.158;56.2727;1.77048
218;606857;835.773;182.731;72.8728;2.29277
219;606535;1081.69;236.537;94.362;2.96887
220;606119;1399.81;306.171;122.179;3.84406
221;605580;1811.24;396.275;158.184;4.97689
222;604884;2343.18;512.848;204.786;6.44311
223;603983;3030.64;663.634;265.097;8.34064
224;602820;3918.64;858.621;343.141;10.7961
225;601317;5064.87;1110.67;444.114;13.973
226;599379;6543.12;1436.35;574.73;18.0825
227;596880;8447.38;1856.89;743.644;23.397
228;593662;10896.8;2399.51;962.014;30.2674
229;589527;14041.3;3098.97;1244.2;39.1456
230;584224;18068.3;3999.42;1608.64;50.6118
231;577441;23208.7;5156.7;2078.97;65.4097
232;568799;29741.5;6639.98;2685.28;84.4858
233;557834;38002.3;8538.05;3466.14;109.054
234;544007;48375.2;10956.8;4470.22;140.645
235;526702;61283.4;14025;5758.73;181.185
236;505253;77161.1;17894.5;7408.08;233.077
237;479000;96400.8;22737.8;9512.47;299.287
238;447370;119267;28742.5;12186.4;383.417
239;410023;145773;36097.5;15566.6;489.764
240;367027;175519;44969.7;19811.6;623.325
241;319069;207522;55469.5;25100.1;789.713
242;267630;240097;67604.7;31623.3;994.95
243;215026;270876;81229.1;39573.6;1245.09
244;164223;297056;95998.7;49126.1;1545.64
245;118346;315931;111356;60415.6;1900.83
246;79973.4;325586;126567;73511.1;2312.85
247;50480.8;325483;140810;88395.4;2781.15
248;29753.4;316623;153316;104955;3302.14
249;16440.2;301156;163500;122985;3869.42
250;8588.06;281633;171043;142212;4474.37
251;4292.72;260328;175896;162327;5107.22
252;2082.47;238874;178223;183012;5758.04
253;994.88;218248;178318;203971;6417.46
254;474.447;198930;176527;224941;7077.24
255;228.482;181093;173197;245701;7730.39
256;112.14;164748;168650;266069;8371.22
257;56.4783;149828;163168;285902;8995.22
258;29.3278;136236;156995;305091;9598.94
259;15.7489;123866;150335;323553;10179.8
260;8.75963;112613;143359;341233;10736.1
261;5.04911;102380;136206;358092;11266.5
262;3.01525;93076;128991;374110;11770.5
263;1.86403;84616.6;121805;389279;12247.7
264;1.19145;76925.6;114722;403603;12698.4
265;0.78625;69933.5;107798;417095;13122.9
266;0.53481;63576.8;101079;429772;13521.7
267;0.374333;57797.8;94597.6;441659;13895.7
268;0.269146;52544.1;88376.7;452783;14245.7
269;0.198448;47767.9;82432.9;463176;14572.7
270;0.1498;43425.8;76775.8;472870;14877.7
271;0.11558;39478.5;71410.3;481899;15161.8
272;0.0910106;35889.9;66336.9;490297;15426
273;0.0730306;32627.5;61552.6;498098;15671.5
274;0.0596377;29661.7;57052.1;505337;15899.2
275;0.0494966;26965.5;52827.9;512046;16110.3
276;0.0417004;24514.3;48871.1;518259;16305.8
277;0.0356222;22286;45171.4;524006;16486.6
278;0.0308215;20260.2;41717.9;529318;16653.7
279;0.0269842;18418.5;38499.1;534224;16808.1
280;0.0238831;16744.3;35503.4;538752;16950.5
281;0.0213514;15222.2;32718.9;542927;17081.9
282;0.0192651;13838.5;30133.8;546775;17202.9
283;0.017531;12580.6;27736.5;550318;17314.4
284;0.0160782;11437;25515.6;553580;17417.1
285;0.0148524;10397.4;23460.2;556581;17511.5
286;0.013811;9452.29;21559.6;559340;17598.3
287;0.012921;8593.07;19803.7;561875;17678
288;0.012156;7811.96;18182.6;564204;17751.3
289;0.0114952;7101.86;16687.1;566342;17818.6
290;0.0109216;6456.3;15308.6;568305;17880.3
291;0.0104216;5869.42;14038.5;570105;17937
292;0.00998407;5335.89;12869.2;571756;17988.9
293;0.00959977;4850.86;11793.2;573269;18036.5
294;0.00926112;4409.92;10803.6;574656;18080.2
295;0.00896182;4009.06;9893.98;575927;18120.1
296;0.00869655;3644.63;9058.27;577090;18156.8
297;0.00846087;3313.34;8290.8;578156;18190.3
298;0.00825098;3012.15;7586.3;579131;18220.9
299;0.00806369;2738.35;6939.89;580023;18249
300;0.00789624;2489.43;6347;580839;18274.7
301;0.00774626;2263.14;5803.4;581585;18298.2
302;0.00761173;2057.42;5305.16;582268;18319.6
303;0.00749089;1870.4;4848.67;582892;18339.3
304;0.00738219;1700.39;4430.54;583462;18357.2
305;0.0072843;1545.82;4047.68;583983;18373.6
306;0.00719605;1405.31;3697.22;584459;18388.6
307;0.00711642;1277.56;3376.49;584894;18402.3
308;0.0070445;1161.43;3083.05;585291;18414.8
309;0.0069795;1055.86;2814.65;585653;18426.2
310;0.0069207;959.881;2569.21;585984;18436.6
311;0.00686748;872.628;2344.82;586286;18446.1
312;0.00681928;793.306;2139.71;586562;18454.8
313;0.0067756;721.195;1952.28;586814;18462.7
314;0.006736;655.638;1781.02;587043;18469.9
315;0.00670009;596.041;1624.58;587253;18476.5
316;0.00666751;541.861;1481.7;587444;18482.5
317;0.00663794;492.605;1351.23;587618;18488
318;0.00661109;447.828;1232.1;587777;18493
319;0.0065867;407.12;1123.35;587922;18497.5
320;0.00656455;370.113;1024.1;588054;18501.7
321;0.00654443;336.47;933.518;588175;18505.5
322;0.00652614;305.885;850.867;588284;18508.9
323;0.00650952;278.08;775.462;588384;18512.1
324;0.00649441;252.802;706.676;588476;18515
325;0.00648067;229.823;643.936;588559;18517.6
326;0.00646817;208.932;586.717;588634;18520
327;0.00645681;189.94;534.54;588703;18522.1
328;0.00644648;172.674;486.966;588766;18524.1
329;0.00643708;156.978;443.593;588824;18525.9
330;0.00642853;142.709;404.055;588876;18527.6
331;0.00642076;129.737;368.015;588923;18529
332;0.00641369;117.944;335.168;588966;18530.4
333;0.00640725;107.223;305.233;589006;18531.6
334;0.00640139;97.476;277.955;589042;18532.8
335;0.00639607;88.6155;253.1;589074;18533.8
336;0.00639122;80.5603;230.454;589104;18534.7
337;0.00638681;73.2374;209.823;589131;18535.6
338;0.0063828;66.5801;191.028;589156;18536.4
339;0.00637915;60.528;173.909;589178;18537.1
340;0.00637583;55.026;158.316;589199;18537.7
341;0.00637281;50.0241;144.114;589218;18538.3
342;0.00637006;45.4769;131.18;589234;18538.8
343;0.00636756;41.3431;119.402;589250;18539.3
344;0.00636528;37.585;108.676;589264;18539.8
345;0.00636321;34.1685;98.9104;589277;18540.2
346;0.00636133;31.0626;90.0185;589288;18540.5
347;0.00635961;28.239;81.9229;589299;18540.9
348;0.00635805;25.6721;74.5525;589309;18541.2
349;0.00635663;23.3385;67.8429;589317;18541.4
350;0.00635534;21.217;61.735;589325;18541.7
351;0.00635417;19.2884;56.1752;589333;18541.9
352;0.0063531;17.5351;51.1145;589339;18542.1
353;0.00635213;15.9412;46.5082;589345;18542.3
354;0.00635124;14.4921;42.3158;589351;18542.5
355;0.00635044;13.1748;38.5003;589356;18542.7
356;0.00634971;11.9772;35.0278;589360;18542.8
357;0.00634904;10.8885;31.8676;589364;18542.9
358;0.00634843;9.8987;28.9918;589368;18543
359;0.00634788;8.99891;26.3749;589371;18543.1
360;0.00634738;8.18091;23.9936;589375;18543.2
361;0.00634693;7.43727;21.8269;589377;18543.3
362;0.00634651;6.76122;19.8553;589380;18543.4
363;0.00634613;6.14662;18.0615;589382;18543.5
364;0.00634579;5.5879;16.4293;589384;18543.6
365;0.00634548;5.07996;14.9444;589386;18543.6
366;0.00634519;4.61819;13.5934;589388;18543.7
367;0.00634494;4.1984;12.3643;589390;18543.7
368;0.0063447;3.81676;11.2462;589391;18543.8
369;0.00634449;3.46982;10.2289;589392;18543.8
370;0.00634429;3.15441;9.30358;589394;18543.8
371;0.00634412;2.86768;8.46179;589395;18543.9
372;0.00634396;2.607;7.69605;589396;18543.9
373;0.00634381;2.37003;6.99949;589397;18543.9
374;0.00634368;2.15459;6.36589;589398;18544
375;0.00634356;1.95874;5.78956;589398;18544
376;0.00634345;1.78069;5.26534;589399;18544
377;0.00634335;1.61883;4.78852;589400;18544
378;0.00634326;1.47168;4.35482;589400;18544.1
379;0.00634317;1.3379;3.96036;589401;18544.1
380;0.0063431;1.21628;3.60158;589401;18544.1
381;0.00634303;1.10572;3.27527;589402;18544.1
382;0.00634297;1.00521;2.97849;589402;18544.1
383;0.00634291;0.91384;2.70857;589402;18544.1
384;0.00634286;0.830772;2.46309;589403;18544.1
385;0.00634281;0.755255;2.23983;589403;18544.1
386;0.00634277;0.686603;2.0368;589403;18544.1
387;0.00634273;0.62419;1.85214;589403;18544.2
388;0.0063427;0.567452;1.68422;589404;18544.2
389;0.00634266;0.51587;1.5315;589404;18544.2
390;0.00634263;0.468978;1.39263;589404;18544.2
391;0.00634261;0.426348;1.26633;589404;18544.2
392;0.00634258;0.387593;1.15148;589404;18544.2
393;0.00634256;0.35236;1.04704;589404;18544.2
394;0.00634254;0.320331;0.952061;589405;18544.2
395;0.00634252;0.291213;0.865694;589405;18544.2
396;0.00634251;0.264742;0.787156;589405;18544.2
397;0.00634249;0.240677;0.715739;589405;18544.2
398;0.00634248;0.218799;0.650798;589405;18544.2
399;0.00634247;0.19891;0.591745;589405;18544.2
400;0.00634246;0.180829;0.538047;589405;18544.2
401;0.00634245;0.164392;0.489219;589405;18544.2
