158;2.076e+06;1.7647;0.8787;0.1176;0.0037
159;2.076e+06;3.15493;0.932525;0.220935;0.00695119
160;2.076e+06;4.51377;1.10619;0.3306;0.0104015
161;2.07599e+06;6.05556;1.38231;0.460688;0.0144944
162;2.07599e+06;7.94447;1.76509;0.623248;0.019609
163;2.07599e+06;10.3372;2.27314;0.830823;0.0261398
164;2.07598e+06;13.4089;2.93705;1.09814;0.0345504
165;2.07598e+06;17.373;3.79966;1.44354;0.0454175
166;2.07597e+06;22.499;4.91796;1.89038;0.0594763
167;2.07596e+06;29.1324;6.36657;2.46873;0.0776727
168;2.07595e+06;37.7192;8.24244;3.21744;0.101229
169;2.07594e+06;48.8356;10.6713;4.18675;0.131726
170;2.07592e+06;63.2275;13.816;5.4417;0.17121
171;2.07589e+06;81.8604;17.8875;7.06647;0.222329
172;2.07586e+06;105.984;23.1589;9.17004;0.288513
173;2.07582e+06;137.216;29.9836;11.8935;0.374201
174;2.07577e+06;177.65;38.8195;15.4196;0.48514
175;2.0757e+06;229.999;50.2591;19.9848;0.628773
176;2.07561e+06;297.772;65.0696;25.8952;0.814731
177;2.0755e+06;385.511;84.2441;33.5474;1.05549
178;2.07535e+06;499.098;109.068;43.4545;1.36719
179;2.07516e+06;646.142;141.206;56.281;1.77074
180;2.07491e+06;836.493;182.812;72.8868;2.29321
181;2.07458e+06;1082.89;236.674;94.3855;2.96961
182;2.07417e+06;1401.83;306.401;122.218;3.84531
183;2.07363e+06;1814.64;396.661;158.251;4.97899
184;2.07293e+06;2348.87;513.496;204.899;6.44664
185;2.07202e+06;3040.19;664.722;265.286;8.34657
186;2.07085e+06;3934.62;860.444;343.457;10.806
187;2.06934e+06;5091.63;1113.73;444.645;13.9897
188;2.06738e+06;6587.9;1441.46;575.62;18.1105
189;2.06484e+06;8522.26;1865.45;745.136;23.4439
190;2.06157e+06;11021.9;2413.85;964.513;30.3461
191;2.05734e+06;14250.2;3122.94;1248.38;39.2773
192;2.05188e+06;18416.4;4039.46;1615.64;50.8322
193;2.04483e+06;23788.1;5223.53;2090.68;65.7782
194;2.03575e+06;30705.6;6752.25;2704.97;85.1053
195;2.02407e+06;39599.6;8724.34;3499.03;110.089
196;2.00906e+06;51011.4;11265.7;4525.01;142.369
197;1.98982e+06;65615.2;14536.1;5849.86;184.052
198;1.96523e+06;84239.7;18737.3;7559.3;237.835
199;1.93392e+06;107887;24121.8;9762.81;307.163
200;1.89426e+06;137740;31002.8;12599.5;396.414
201;1.84433e+06;175150;39762.7;16245.5;511.124
202;1.78198e+06;221583;50860.7;20921.6;658.246
203;1.70491e+06;278507;64833.1;26902.8;846.431
204;1.61091e+06;347188;82285.1;34527.1;1086.31
205;1.49818e+06;428364;103863;44203.9;1390.77
206;1.36582e+06;521786;130203;56418.2;1775.06
207;1.21452e+06;625651;161840;71730.1;2256.81
208;1.04726e+06;736044;199080;90762.4;2855.62
209;869791;846605;241838;114174;3592.22
210;690676;948764;289460;142614;4487.02
211;520365;1.03283e+06;340591;176655;5558.02
212;369307;1.09001e+06;393162;216708;6818.21
213;245477;1.11475e+06;444553;262944;8272.9
214;152343;1.10656e+06;491960;315224;9917.75
215;88329.6;1.06998e+06;532871;373078;11738
216;48092.2;1.01296e+06;565495;435744;13709.6
217;24820.9;944153;588979;502246;15802
218;12298.9;870852;603359;571510;17981.2
219;5935.94;798054;609332;642465;20213.6
220;2831.15;728616;607963;714122;22468.1
221;1352.03;663864;600449;785619;24717.6
222;653.631;604217;587959;856232;26939.3
223;322.659;549625;571563;925376;29114.7
224;163.665;499823;552194;992591;31229.5
225;85.6699;454467;530646;1.05753e+06;33272.6
226;46.3974;413195;507590;1.11993e+06;35236
227;26.0326;375656;483579;1.17963e+06;37114.1
228;15.1369;341520;459068;1.23649e+06;38903.3
229;9.11729;310482;434427;1.29048e+06;40601.9
230;5.6833;282262;409954;1.34157e+06;42209.3
231;3.66171;256607;385884;1.38978e+06;43726.1
232;2.43477;233282;362402;1.43516e+06;45153.9
233;1.66805;212078;339648;1.47778e+06;46494.7
234;1.17543;192800;317726;1.51772e+06;47751.4
235;0.850499;175275;296711;1.55509e+06;48927
236;0.630813;159343;276653;1.58998e+06;50024.9
237;0.478805;144859;257579;1.62251e+06;51048.5
238;0.371327;131691;239502;1.6528e+06;52001.5
239;0.293788;119721;222421;1.68097e+06;52887.7
240;0.236791;108838;206324;1.70713e+06;53710.6
241;0.194159;98944.7;191190;1.73139e+06;54474
242;0.161754;89950.7;176993;1.75387e+06;55181.4
243;0.136754;81774.2;163700;1.77469e+06;55836.3
244;0.117198;74340.9;151277;1.79394e+06;56442
245;0.101707;67583.3;139685;1.81173e+06;57001.7
246;0.0892895;61440;128884;1.82816e+06;57518.6
247;0.0792286;55855.1;118835;1.84331e+06;57995.4
248;0.0709954;50777.9;109498;1.85729e+06;58435.1
249;0.064196;46162.2;100831;1.87017e+06;58840.3
250;0.0585332;41966.1;92796.8;1.88202e+06;59213.3
251;0.0537806;38151.4;85355.2;1.89294e+06;59556.7
252;0.0497633;34683.4;78469.6;1.90297e+06;59872.5
253;0.0463454;31530.7;72104;1.9122e+06;60162.8
254;0.0434201;28664.6;66223.9;1.92068e+06;60429.6
255;0.0409026;26058.9;60796.5;1.92847e+06;60674.6
256;0.0387252;23690.2;55790.7;1.93562e+06;60899.6
257;0.0368332;21536.8;51176.7;1.94218e+06;61106
258;0.0351823;19579.1;46926.7;1.9482e+06;61295.4
259;0.0337362;17799.3;43014.2;1.95372e+06;61469
260;0.032465;16181.4;39414.5;1.95878e+06;61628.2
261;0.0313441;14710.5;36104.4;1.96341e+06;61774
262;0.0303526;13373.3;33062.2;1.96766e+06;61907.6
263;0.0294734;12157.7;30267.3;1.97155e+06;62029.9
264;0.0286917;11052.5;27701.1;1.9751e+06;62141.9
265;0.0279953;10047.9;25345.6;1.97836e+06;62244.4
266;0.0273735;9134.51;23184.5;1.98134e+06;62338.2
267;0.0268173;8304.19;21202.6;1.98407e+06;62423.9
268;0.026319;7549.34;19385.5;1.98656e+06;62502.4
269;0.0258719;6863.1;17720.3;1.98884e+06;62574.1
270;0.0254701;6239.25;16194.7;1.99093e+06;62639.7
271;0.0251085;5672.1;14797.4;1.99283e+06;62699.6
272;0.0247829;5156.51;13518.1;1.99457e+06;62754.4
273;0.0244892;4687.78;12347.1;1.99616e+06;62804.4
274;0.0242242;4261.66;11275.5;1.99761e+06;62850.1
275;0.0239848;3874.28;10295.2;1.99894e+06;62891.8
276;0.0237683;3522.11;9398.53;2.00015e+06;62929.9
277;0.0235725;3201.95;8578.65;2.00125e+06;62964.6
278;0.0233952;2910.89;7829.11;2.00226e+06;62996.4
279;0.0232347;2646.29;7144.04;2.00318e+06;63025.4
280;0.0230891;2405.74;6518.02;2.00402e+06;63051.8
281;0.0229572;2187.06;5946.06;2.00479e+06;63075.9
282;0.0228375;1988.26;5423.61;2.00549e+06;63097.9
283;0.022729;1807.52;4946.46;2.00613e+06;63118
284;0.0226304;1643.22;4510.76;2.00671e+06;63136.3
285;0.0225409;1493.85;4112.97;2.00724e+06;63153
286;0.0224596;1358.06;3749.86;2.00772e+06;63168.2
287;0.0223858;1234.61;3418.45;2.00816e+06;63182.1
288;0.0223187;1122.39;3116.02;2.00857e+06;63194.7
289;0.0222577;1020.36;2840.07;2.00893e+06;63206.2
290;0.0222023;927.611;2588.32;2.00927e+06;63216.7
291;0.0221519;843.291;2358.68;2.00957e+06;63226.3
292;0.0221061;766.636;2149.22;2.00985e+06;63235
293;0.0220645;696.949;1958.21;2.0101e+06;63243
294;0.0220266;633.596;1784.03;2.01033e+06;63250.2
295;0.0219921;576.002;1625.22;2.01054e+06;63256.8
296;0.0219608;523.644;1480.44;2.01073e+06;63262.9
297;0.0219323;476.045;1348.46;2.01091e+06;63268.3
298;0.0219064;432.772;1228.17;2.01107e+06;63273.3
299;0.0218828;393.433;1118.53;2.01121e+06;63277.9
300;0.0218613;357.67;1018.62;2.01134e+06;63282
301;0.0218418;325.158;927.569;2.01146e+06;63285.8
302;0.021824;295.601;844.612;2.01157e+06;63289.2
303;0.0218079;268.731;769.031;2.01167e+06;63292.3
304;0.0217932;244.303;700.175;2.01176e+06;63295.2
305;0.0217798;222.096;637.451;2.01184e+06;63297.8
306;0.0217676;201.908;580.317;2.01192e+06;63300.1
307;0.0217565;183.554;528.278;2.01199e+06;63302.3
308;0.0217465;166.869;480.883;2.01205e+06;63304.2
309;0.0217373;151.701;437.72;2.0121e+06;63306
310;0.021729;137.911;398.414;2.01216e+06;63307.6
311;0.0217214;125.375;362.623;2.0122e+06;63309.1
312;0.0217145;113.978;330.033;2.01225e+06;63310.4
313;0.0217082;103.618;300.361;2.01228e+06;63311.7
314;0.0217025;94.199;273.346;2.01232e+06;63312.8
315;0.0216973;85.6363;248.752;2.01235e+06;63313.8
316;0.0216925;77.852;226.362;2.01238e+06;63314.7
317;0.0216882;70.7752;205.981;2.01241e+06;63315.5
318;0.0216843;64.3418;187.429;2.01243e+06;63316.3
319;0.0216807;58.4931;170.543;2.01245e+06;63317
320;0.0216775;53.1761;155.173;2.01247e+06;63317.6
321;0.0216745;48.3424;141.184;2.01249e+06;63318.2
322;0.0216719;43.9481;128.453;2.01251e+06;63318.7
323;0.0216694;39.9532;116.866;2.01252e+06;63319.2
324;0.0216672;36.3214;106.322;2.01254e+06;63319.6
325;0.0216652;33.0198;96.727;2.01255e+06;63320
326;0.0216633;30.0183;87.9955;2.01256e+06;63320.4
327;0.0216617;27.2897;80.0503;2.01257e+06;63320.7
328;0.0216602;24.809;72.8209;2.01258e+06;63321
329;0.0216588;22.5539;66.2428;2.01259e+06;63321.3
330;0.0216575;20.5037;60.2577;2.0126e+06;63321.5
331;0.0216564;18.64;54.8123;2.0126e+06;63321.7
332;0.0216553;16.9456;49.8579;2.01261e+06;63322
333;0.0216544;15.4052;45.3505;2.01262e+06;63322.1
334;0.0216535;14.0049;41.2498;2.01262e+06;63322.3
335;0.0216527;12.7319;37.5193;2.01263e+06;63322.5
336;0.021652;11.5745;34.1255;2.01263e+06;63322.6
337;0.0216514;10.5224;31.0382;2.01264e+06;63322.7
338;0.0216508;9.56592;28.2298;2.01264e+06;63322.8
339;0.0216503;8.69638;25.675;2.01264e+06;63322.9
340;0.0216498;7.90588;23.3511;2.01265e+06;63323
341;0.0216493;7.18723;21.2373;2.01265e+06;63323.1
342;0.0216489;6.53391;19.3145;2.01265e+06;63323.2
343;0.0216486;5.93998;17.5656;2.01265e+06;63323.3
344;0.0216482;5.40004;15.9748;2.01266e+06;63323.3
345;0.0216479;4.90918;14.528;2.01266e+06;63323.4
346;0.0216476;4.46293;13.212;2.01266e+06;63323.5
347;0.0216474;4.05725;12.015;2.01266e+06;63323.5
348;0.0216472;3.68845;10.9264;2.01266e+06;63323.5
349;0.021647;3.35317;9.93632;2.01266e+06;63323.6
350;0.0216468;3.04836;9.03585;2.01266e+06;63323.6
351;0.0216466;2.77127;8.2169;2.01267e+06;63323.7
352;0.0216464;2.51936;7.47209;2.01267e+06;63323.7
353;0.0216463;2.29035;6.79474;2.01267e+06;63323.7
354;0.0216462;2.08216;6.17873;2.01267e+06;63323.7
355;0.021646;1.89289;5.61852;2.01267e+06;63323.8
356;0.0216459;1.72083;5.10906;2.01267e+06;63323.8
357;0.0216458;1.5644;4.64575;2.01267e+06;63323.8
358;0.0216458;1.4222;4.22443;2.01267e+06;63323.8
359;0.0216457;1.29292;3.84128;2.01267e+06;63323.8
360;0.0216456;1.17539;3.49286;2.01267e+06;63323.8
361;0.0216455;1.06855;3.17602;2.01267e+06;63323.9
362;0.0216455;0.97142;2.8879;2.01267e+06;63323.9
363;0.0216454;0.883118;2.6259;2.01267e+06;63323.9
364;0.0216454;0.802843;2.38765;2.01267e+06;63323.9
365;0.0216453;0.729864;2.17101;2.01267e+06;63323.9
366;0.0216453;0.66352;1.97401;2.01267e+06;63323.9
367;0.0216452;0.603206;1.79488;2.01267e+06;63323.9
368;0.0216452;0.548375;1.63199;2.01267e+06;63323.9
369;0.0216452;0.498527;1.48388;2.01267e+06;63323.9
370;0.0216452;0.453211;1.3492;2.01267e+06;63323.9
371;0.0216451;0.412014;1.22674;2.01267e+06;63323.9
372;0.0216451;0.374562;1.11539;2.01267e+06;63323.9
373;0.0216451;0.340515;1.01414;2.01267e+06;63323.9
374;0.0216451;0.309562;0.922076;2.01267e+06;63324
375;0.021645;0.281423;0.838367;2.01267e+06;63324
376;0.021645;0.255841;0.762254;2.01268e+06;63324
377;0.021645;0.232585;0.693049;2.01268e+06;63324
378;0.021645;0.211443;0.630124;2.01268e+06;63324
379;0.021645;0.192223;0.57291;2.01268e+06;63324
380;0.021645;0.17475;0.520889;2.01268e+06;63324
381;0.021645;0.158865;0.47359;2.01268e+06;63324
