134;2.62624e+07;1.7647;0.8787;0.1176;0.0037
135;2.62624e+07;3.15493;0.932525;0.220935;0.00695119
136;2.62624e+07;4.51377;1.10619;0.3306;0.0104015
137;2.62624e+07;6.05557;1.38231;0.460688;0.0144944
138;2.62624e+07;7.94449;1.76509;0.623248;0.019609
139;2.62624e+07;10.3372;2.27314;0.830823;0.0261398
140;2.62624e+07;13.4089;2.93706;1.09814;0.0345505
141;2.62623e+07;17.3731;3.79967;1.44354;0.0454176
142;2.62623e+07;22.4991;4.91798;1.89038;0.0594763
143;2.62623e+07;29.1327;6.3666;2.46874;0.0776729
144;2.62623e+07;37.7197;8.2425;3.21745;0.101229
145;2.62623e+07;48.8365;10.6714;4.18677;0.131727
146;2.62623e+07;63.229;13.8162;5.44172;0.171211
147;2.62623e+07;81.8629;17.8878;7.06651;0.222331
148;2.62622e+07;105.988;23.1593;9.17011;0.288515
149;2.62622e+07;137.223;29.9844;11.8937;0.374205
150;2.62621e+07;177.662;38.8209;15.4198;0.485147
151;2.62621e+07;230.019;50.2614;19.9852;0.628785
152;2.6262e+07;297.806;65.0735;25.8959;0.814752
153;2.62619e+07;385.569;84.2506;33.5485;1.05552
154;2.62617e+07;499.195;109.079;43.4564;1.36725
155;2.62615e+07;646.305;141.225;56.2841;1.77084
156;2.62613e+07;836.768;182.843;72.8922;2.29338
157;2.6261e+07;1083.36;236.727;94.3945;2.9699
158;2.62605e+07;1402.61;306.489;122.234;3.84578
159;2.626e+07;1815.93;396.809;158.277;4.97979
160;2.62593e+07;2351.05;513.744;204.941;6.44798
161;2.62584e+07;3043.84;665.137;265.358;8.34884
162;2.62572e+07;3940.74;861.141;343.578;10.8098
163;2.62557e+07;5101.89;1114.9;444.848;13.9961
164;2.62537e+07;6605.09;1443.42;575.96;18.1212
165;2.62512e+07;8551.05;1868.74;745.707;23.4619
166;2.62479e+07;11070.1;2419.35;965.47;30.3762
167;2.62436e+07;14330.9;3132.16;1249.99;39.3278
168;2.62381e+07;18551.6;4054.91;1618.33;50.9168
169;2.62309e+07;24014.4;5249.39;2095.18;65.9199
170;2.62217e+07;31084;6795.55;2712.51;85.3427
171;2.62097e+07;40232;8796.78;3511.67;110.486
172;2.61942e+07;52067.6;11386.8;4546.17;143.034
173;2.61742e+07;67376.9;14738.5;5885.26;185.166
174;2.61483e+07;87174.3;19075.3;7618.51;239.698
175;2.61147e+07;112766;24685.6;9861.77;310.277
176;2.60714e+07;145834;31941.7;12764.8;401.614
177;2.60155e+07;188537;41323.5;16521.1;519.798
178;2.59432e+07;243638;53449;21380.8;672.695
179;2.58501e+07;314669;69112.3;27666.4;870.456
180;2.573e+07;406117;89332.4;35794;1126.17
181;2.55755e+07;523657;115412;46299.5;1456.7
182;2.53772e+07;674409;149013;59872;1883.73
183;2.51231e+07;867224;192242;77395.9;2435.08
184;2.47985e+07;1.11295e+06;247753;100004;3146.37
185;2.43856e+07;1.42468e+06;318869;129139;4063.06
186;2.3863e+07;1.81775e+06;409693;166638;5242.87
187;2.3206e+07;2.30958e+06;525231;214818;6758.74
188;2.23868e+07;2.91886e+06;671461;276585;8702.09
189;2.13764e+07;3.66393e+06;855337;355549;11186.5
190;2.01473e+07;4.55999e+06;1.08464e+06;456137;14351.2
191;1.86781e+07;5.61467e+06;1.36757e+06;583690;18364.4
192;1.69605e+07;6.8219e+06;1.71206e+06;744516;23424.4
193;1.50076e+07;8.15469e+06;2.1245e+06;945854;29759
194;1.28627e+07;9.55827e+06;2.60806e+06;1.1957e+06;37619.7
195;1.06053e+07;1.09468e+07;3.16054e+06;1.5024e+06;47269.5
196;8.34898e+06;1.22081e+07;3.77224e+06;1.87408e+06;58963.5
197;6.22796e+06;1.32194e+07;4.42438e+06;2.3177e+06;72920.8
198;4.37126e+06;1.38745e+07;5.08935e+06;2.838e+06;89291
199;2.87128e+06;1.41133e+07;5.7332e+06;3.43651e+06;108122
200;1.76057e+06;1.39411e+07;6.32066e+06;4.11074e+06;129334
201;1.00913e+06;1.34253e+07;6.8212e+06;4.85405e+06;152721
202;543888;1.26702e+07;7.21415e+06;5.65622e+06;177959
203;278437;1.17839e+07;7.49079e+06;6.5046e+06;204652
204;137187;1.0854e+07;7.65331e+06;7.38552e+06;232368
205;66006.8;9.93853e+06;7.71159e+06;8.28555e+06;260685
206;31460.5;9.06967e+06;7.67959e+06;9.19243e+06;289218
207;15045.2;8.26165e+06;7.57249e+06;1.00956e+07;317632
208;7295.98;7.51842e+06;7.40493e+06;1.09861e+07;345650
209;3617.27;6.83867e+06;7.19013e+06;1.18569e+07;373049
210;1844.44;6.21881e+06;6.93961e+06;1.27025e+07;399652
211;971.075;5.65439e+06;6.66312e+06;1.35186e+07;425329
212;529.14;5.14085e+06;6.36887e+06;1.43021e+07;449982
213;298.744;4.67378e+06;6.06363e+06;1.50511e+07;473547
214;174.787;4.24905e+06;5.75296e+06;1.57642e+07;495982
215;105.919;3.86288e+06;5.44136e+06;1.64407e+07;517268
216;66.4136;3.51179e+06;5.13246e+06;1.70807e+07;537401
217;43.0307;3.19259e+06;4.82911e+06;1.76842e+07;556392
218;28.7654;2.9024e+06;4.53355e+06;1.82521e+07;574259
219;19.8066;2.63858e+06;4.24746e+06;1.87853e+07;591033
220;14.0235;2.39874e+06;3.97209e+06;1.92848e+07;606749
221;10.1921;2.1807e+06;3.70832e+06;1.97519e+07;621446
222;7.59085;1.98247e+06;3.45673e+06;2.0188e+07;635166
223;5.78399;1.80227e+06;3.21763e+06;2.05945e+07;647956
224;4.50181;1.63844e+06;2.99116e+06;2.09729e+07;659862
225;3.57367;1.48951e+06;2.77727e+06;2.13247e+07;670929
226;2.88927;1.35411e+06;2.57578e+06;2.16513e+07;681205
227;2.37588;1.23103e+06;2.38643e+06;2.19542e+07;690735
228;1.9846;1.11913e+06;2.20885e+06;2.22348e+07;699565
229;1.68198;1.0174e+06;2.04265e+06;2.24946e+07;707738
230;1.44473;924916;1.88736e+06;2.27348e+07;715296
231;1.25637;840842;1.74249e+06;2.29568e+07;722279
232;1.10511;764409;1.60756e+06;2.31617e+07;728726
233;0.982329;694925;1.48205e+06;2.33507e+07;734674
234;0.881687;631756;1.36545e+06;2.3525e+07;740158
235;0.798445;574329;1.25724e+06;2.36856e+07;745210
236;0.729023;522123;1.15695e+06;2.38334e+07;749861
237;0.670682;474662;1.06407e+06;2.39695e+07;754142
238;0.62131;431515;978145;2.40946e+07;758079
239;0.57926;392291;898721;2.42097e+07;761698
240;0.543234;356631;825365;2.43153e+07;765024
241;0.512202;324214;757666;2.44124e+07;768077
242;0.48534;294743;695232;2.45015e+07;770881
243;0.461981;267951;637693;2.45833e+07;773453
244;0.441584;243594;584697;2.46583e+07;775813
245;0.423707;221451;535916;2.4727e+07;777976
246;0.407983;201321;491040;2.479e+07;779959
247;0.39411;183021;449777;2.48478e+07;781776
248;0.381833;166385;411855;2.49007e+07;783440
249;0.370941;151260;377022;2.49491e+07;784964
250;0.361254;137511;345038;2.49935e+07;786359
251;0.35262;125011;315685;2.5034e+07;787635
252;0.344909;113648;288756;2.50712e+07;788803
253;0.338009;103317;264060;2.51051e+07;789872
254;0.331826;93925.5;241421;2.51362e+07;790849
255;0.326276;85387.6;220675;2.51646e+07;791742
256;0.321287;77625.9;201669;2.51905e+07;792559
257;0.316798;70569.7;184262;2.52142e+07;793305
258;0.312753;64154.9;168326;2.52359e+07;793987
259;0.309106;58323.3;153740;2.52557e+07;794609
260;0.305813;53021.7;140393;2.52738e+07;795178
261;0.302838;48202;128183;2.52903e+07;795698
262;0.300148;43820.4;117016;2.53054e+07;796172
263;0.297714;39837.2;106805;2.53191e+07;796605
264;0.295511;36216;97470.8;2.53317e+07;797000
265;0.293515;32923.9;88939.7;2.53431e+07;797361
266;0.291706;29931.2;81144.1;2.53536e+07;797690
267;0.290065;27210.4;74022;2.53631e+07;797990
268;0.288577;24737;67516.6;2.53718e+07;798264
269;0.287227;22488.4;61575.4;2.53798e+07;798514
270;0.286001;20444.2;56150.5;2.5387e+07;798742
271;0.284888;18585.8;51197.8;2.53936e+07;798949
272;0.283878;16896.4;46677;2.53997e+07;799139
273;0.282959;15360.5;42551;2.54051e+07;799311
274;0.282125;13964.2;38785.8;2.54101e+07;799469
275;0.281366;12694.9;35350.4;2.54147e+07;799612
276;0.280677;11540.9;32216.4;2.54189e+07;799743
277;0.28005;10491.8;29357.6;2.54227e+07;799862
278;0.279481;9538.14;26750.2;2.54261e+07;799971
279;0.278962;8671.12;24372.4;2.54293e+07;800070
280;0.278491;7882.92;22204.3;2.54321e+07;800160
281;0.278063;7166.36;20227.5;2.54347e+07;800242
282;0.277673;6514.94;18425.3;2.54371e+07;800317
283;0.277318;5922.73;16782.5;2.54393e+07;800385
284;0.276996;5384.36;15285.2;2.54412e+07;800447
285;0.276702;4894.92;13920.5;2.5443e+07;800504
286;0.276435;4449.97;12676.9;2.54447e+07;800556
287;0.276192;4045.47;11543.7;2.54462e+07;800602
288;0.275971;3677.74;10511.2;2.54475e+07;800645
289;0.27577;3343.43;9570.48;2.54488e+07;800684
290;0.275587;3039.51;8713.5;2.54499e+07;800719
291;0.275421;2763.22;7932.84;2.54509e+07;800752
292;0.27527;2512.04;7221.77;2.54519e+07;800781
293;0.275132;2283.7;6574.11;2.54527e+07;800808
294;0.275006;2076.11;5984.26;2.54535e+07;800832
295;0.274892;1887.39;5447.09;2.54542e+07;800854
296;0.274789;1715.83;4957.92;2.54548e+07;800874
297;0.274694;1559.86;4512.49;2.54554e+07;800893
298;0.274608;1418.07;4106.92;2.54559e+07;800909
299;0.27453;1289.17;3737.65;2.54564e+07;800925
300;0.274459;1171.98;3401.46;2.54569e+07;800938
301;0.274394;1065.45;3095.4;2.54573e+07;800951
302;0.274335;968.599;2816.77;2.54576e+07;800962
303;0.274282;880.554;2563.14;2.5458e+07;800973
304;0.274233;800.511;2332.28;2.54583e+07;800982
305;0.274189;727.745;2122.14;2.54585e+07;800991
306;0.274149;661.593;1930.88;2.54588e+07;800999
307;0.274112;601.454;1756.8;2.5459e+07;801006
308;0.274078;546.782;1598.37;2.54592e+07;801013
309;0.274048;497.08;1454.19;2.54594e+07;801018
310;0.27402;451.895;1322.98;2.54596e+07;801024
311;0.273995;410.818;1203.58;2.54597e+07;801029
312;0.273972;373.475;1094.93;2.54599e+07;801033
313;0.273952;339.526;996.065;2.546e+07;801037
314;0.273933;308.663;906.105;2.54601e+07;801041
315;0.273916;280.605;824.252;2.54602e+07;801044
316;0.2739;255.098;749.777;2.54603e+07;801047
317;0.273886;231.91;682.018;2.54604e+07;801050
318;0.273873;210.829;620.369;2.54605e+07;801053
319;0.273861;191.665;564.283;2.54606e+07;801055
320;0.27385;174.243;513.258;2.54606e+07;801057
321;0.273841;158.404;466.838;2.54607e+07;801059
322;0.273832;144.005;424.61;2.54607e+07;801061
323;0.273824;130.915;386.195;2.54608e+07;801062
324;0.273816;119.015;351.249;2.54608e+07;801064
325;0.27381;108.196;319.461;2.54609e+07;801065
326;0.273804;98.3614;290.546;2.54609e+07;801066
327;0.273798;89.4203;264.244;2.54609e+07;801067
328;0.273793;81.292;240.319;2.5461e+07;801068
329;0.273788;73.9026;218.558;2.5461e+07;801069
330;0.273784;67.1848;198.765;2.5461e+07;801070
331;0.273781;61.0777;180.762;2.54611e+07;801071
332;0.273777;55.5258;164.387;2.54611e+07;801071
333;0.273774;50.4785;149.494;2.54611e+07;801072
334;0.273771;45.89;135.949;2.54611e+07;801072
335;0.273769;41.7186;123.63;2.54611e+07;801073
336;0.273766;37.9264;112.426;2.54611e+07;801073
337;0.273764;34.4789;102.236;2.54612e+07;801074
338;0.273762;31.3447;92.9689;2.54612e+07;801074
339;0.27376;28.4955;84.541;2.54612e+07;801075
340;0.273759;25.9053;76.8765;2.54612e+07;801075
341;0.273757;23.5505;69.9061;2.54612e+07;801075
342;0.273756;21.4097;63.5673;2.54612e+07;801075
343;0.273755;19.4636;57.8027;2.54612e+07;801076
344;0.273754;17.6944;52.5605;2.54612e+07;801076
345;0.273753;16.0859;47.7933;2.54612e+07;801076
346;0.273752;14.6237;43.4582;2.54612e+07;801076
347;0.273751;13.2944;39.516;2.54612e+07;801076
348;0.27375;12.086;35.9312;2.54612e+07;801076
349;0.27375;10.9874;32.6713;2.54612e+07;801077
350;0.273749;9.98861;29.7071;2.54613e+07;801077
351;0.273748;9.08064;27.0116;2.54613e+07;801077
352;0.273748;8.25521;24.5605;2.54613e+07;801077
353;0.273747;7.50482;22.3317;2.54613e+07;801077
354;0.273747;6.82263;20.3051;2.54613e+07;801077
355;0.273747;6.20245;18.4622;2.54613e+07;801077
356;0.273746;5.63865;16.7866;2.54613e+07;801077
357;0.273746;5.1261;15.2629;2.54613e+07;801077
358;0.273746;4.66013;13.8775;2.54613e+07;801077
359;0.273745;4.23653;12.6177;2.54613e+07;801077
360;0.273745;3.85143;11.4723;2.54613e+07;801077
361;0.273745;3.50133;10.4308;2.54613e+07;801078
362;0.273745;3.18306;9.48383;2.54613e+07;801078
363;0.273745;2.89372;8.62278;2.54613e+07;801078
364;0.273744;2.63068;7.83988;2.54613e+07;801078
365;0.273744;2.39155;7.12803;2.54613e+07;801078
366;0.273744;2.17416;6.48079;2.54613e+07;801078
367;0.273744;1.97653;5.8923;2.54613e+07;801078
368;0.273744;1.79686;5.35723;2.54613e+07;801078
369;0.273744;1.63353;4.87074;2.54613e+07;801078
370;0.273744;1.48504;4.4284;2.54613e+07;801078
371;0.273744;1.35005;4.02623;2.54613e+07;801078
372;0.273743;1.22733;3.66057;2.54613e+07;801078
373;0.273743;1.11577;3.3281;2.54613e+07;801078
374;0.273743;1.01434;3.02583;2.54613e+07;801078
375;0.273743;0.922141;2.751;2.54613e+07;801078
376;0.273743;0.838318;2.50113;2.54613e+07;801078
377;0.273743;0.762115;2.27394;2.54613e+07;801078
378;0.273743;0.692839;2.06739;2.54613e+07;801078
379;0.273743;0.62986;1.87959;2.54613e+07;801078
380;0.273743;0.572606;1.70885;2.54613e+07;801078
381;0.273743;0.520556;1.55362;2.54613e+07;801078
382;0.273743;0.473237;1.41248;2.54613e+07;801078
383;0.273743;0.43022;1.28417;2.54613e+07;801078
384;0.273743;0.391113;1.1675;2.54613e+07;801078
385;0.273743;0.355561;1.06144;2.54613e+07;801078
386;0.273743;0.32324;0.965006;2.54613e+07;801078
387;0.273743;0.293858;0.877334;2.54613e+07;801078
388;0.273743;0.267146;0.797625;2.54613e+07;801078
389;0.273743;0.242863;0.725156;2.54613e+07;801078
390;0.273743;0.220786;0.659271;2.54613e+07;801078
391;0.273743;0.200717;0.599371;2.54613e+07;801078
392;0.273743;0.182472;0.544913;2.54613e+07;801078
393;0.273743;0.165885;0.495401;2.54613e+07;801078
