186;3.15286e+07;1.7647;0.8787;0.1176;0.0037
187;3.15286e+07;3.15493;0.932525;0.220935;0.00695119
188;3.15286e+07;4.51377;1.10619;0.3306;0.0104015
189;3.15286e+07;6.05557;1.38231;0.460688;0.0144944
190;3.15286e+07;7.94449;1.76509;0.623248;0.019609
191;3.15286e+07;10.3372;2.27314;0.830823;0.0261398
192;3.15286e+07;13.4089;2.93706;1.09814;0.0345505
193;3.15286e+07;17.3731;3.79967;1.44354;0.0454176
194;3.15286e+07;22.4991;4.91798;1.89038;0.0594763
195;3.15285e+07;29.1327;6.3666;2.46874;0.0776729
196;3.15285e+07;37.7197;8.2425;3.21745;0.101229
197;3.15285e+07;48.8365;10.6714;4.18677;0.131727
198;3.15285e+07;63.229;13.8162;5.44172;0.171211
199;3.15285e+07;81.8629;17.8878;7.06651;0.222331
200;3.15284e+07;105.988;23.1594;9.17012;0.288516
201;3.15284e+07;137.223;29.9844;11.8937;0.374205
202;3.15284e+07;177.663;38.8209;15.4198;0.485148
203;3.15283e+07;230.02;50.2614;19.9852;0.628785
204;3.15282e+07;297.806;65.0735;25.8959;0.814752
205;3.15281e+07;385.57;84.2507;33.5486;1.05552
206;3.15279e+07;499.196;109.079;43.4564;1.36725
207;3.15277e+07;646.308;141.225;56.2842;1.77085
208;3.15275e+07;836.771;182.844;72.8922;2.29338
209;3.15272e+07;1083.36;236.727;94.3947;2.9699
210;3.15268e+07;1402.62;306.49;122.234;3.84579
211;3.15262e+07;1815.95;396.811;158.277;4.9798
212;3.15255e+07;2351.08;513.748;204.942;6.448
213;3.15246e+07;3043.89;665.143;265.359;8.34887
214;3.15234e+07;3940.83;861.151;343.58;10.8099
215;3.15219e+07;5102.03;1114.91;444.851;13.9962
216;3.15199e+07;6605.33;1443.45;575.965;18.1213
217;3.15174e+07;8551.47;1868.78;745.715;23.4621
218;3.15141e+07;11070.8;2419.43;965.484;30.3766
219;3.15098e+07;14332.1;3132.29;1250.01;39.3285
220;3.15043e+07;18553.6;4055.13;1618.37;50.918
221;3.14972e+07;24017.6;5249.76;2095.25;65.922
222;3.14879e+07;31089.5;6796.17;2712.62;85.3461
223;3.14759e+07;40241.2;8797.83;3511.85;110.492
224;3.14604e+07;52082.9;11388.6;4546.48;143.044
225;3.14404e+07;67402.6;14741.5;5885.77;185.182
226;3.14144e+07;87217.4;19080.2;7619.37;239.725
227;3.13809e+07;112839;24693.9;9863.21;310.322
228;3.13375e+07;145955;31955.5;12767.2;401.689
229;3.12815e+07;188739;41346.6;16525.2;519.925
230;3.12091e+07;243976;53487.6;21387.5;672.907
231;3.11156e+07;315233;69177;27677.7;870.811
232;3.09951e+07;407060;89440.5;35812.9;1126.77
233;3.084e+07;525229;115593;46331.1;1457.7
234;3.06404e+07;677026;149315;59924.9;1885.39
235;3.03843e+07;871573;192745;77484.3;2437.86
236;3.00565e+07;1.12017e+06;248591;100151;3151.01
237;2.96383e+07;1.43659e+06;320260;129385;4070.8
238;2.91069e+07;1.83735e+06;411998;167048;5255.76
239;2.84356e+07;2.34166e+06;529038;215499;6780.15
240;2.75934e+07;2.97099e+06;677722;277714;8737.59
241;2.65464e+07;3.74792e+06;865577;357414;11245.2
242;2.52599e+07;4.6938e+06;1.10127e+06;459206;14447.8
243;2.37021e+07;5.82485e+06;1.39435e+06;588715;18522.5
244;2.18513e+07;7.14627e+06;1.7547e+06;752691;23681.6
245;1.97036e+07;8.64436e+06;2.19145e+06;959043;30174
246;1.72844e+07;1.02777e+07;2.7114e+06;1.21676e+06;38282.3
247;1.46582e+07;1.19697e+07;3.31675e+06;1.53562e+06;48314.5
248;1.19328e+07;1.36071e+07;4.00248e+06;1.92567e+06;60586.5
249;9.25442e+06;1.50486e+07;4.75386e+06;2.39636e+06;75395.6
250;6.7861e+06;1.6149e+07;5.54513e+06;2.95541e+06;92984.9
251;4.67368e+06;1.67934e+07;6.34045e+06;3.60752e+06;113502
252;3.00907e+06;1.69315e+07;7.09787e+06;4.35316e+06;136962
253;1.80842e+06;1.65931e+07;7.77598e+06;5.18786e+06;163224
254;1.01724e+06;1.5876e+07;8.34106e+06;6.10232e+06;191995
255;539421;1.49107e+07;8.77242e+06;7.08323e+06;222857
256;272678;1.3822e+07;9.0637e+06;8.11487e+06;255315
257;133217;1.27051e+07;9.2207e+06;9.18076e+06;288850
258;63828.6;1.16196e+07;9.25712e+06;1.02651e+07;322967
259;30414.6;1.05968e+07;9.19045e+06;1.13537e+07;357218
260;14590;9.64934e+06;9.03889e+06;1.24345e+07;391223
261;7115.87;8.77969e+06;8.8196e+06;1.34975e+07;424667
262;3555.2;7.98517e+06;8.54785e+06;1.45347e+07;457299
263;1829.23;7.26105e+06;8.23685e+06;1.55399e+07;488926
264;972.621;6.60187e+06;7.89775e+06;1.65086e+07;519403
265;535.474;6.0022e+06;7.53986e+06;1.74374e+07;548624
266;305.493;5.45683e+06;7.17088e+06;1.8324e+07;576522
267;180.596;4.96093e+06;6.79708e+06;1.91673e+07;603054
268;110.55;4.51005e+06;6.42354e+06;1.99667e+07;628203
269;69.9952;4.10013e+06;6.05433e+06;2.07221e+07;651970
270;45.7752;3.72745e+06;5.69264e+06;2.14341e+07;674371
271;30.8713;3.38864e+06;5.34095e+06;2.21035e+07;695434
272;21.4345;3.08062e+06;5.00112e+06;2.27316e+07;715196
273;15.2953;2.8006e+06;4.67451e+06;2.33198e+07;733700
274;11.1981;2.54603e+06;4.36207e+06;2.38695e+07;750996
275;8.39736;2.3146e+06;4.06438e+06;2.43825e+07;767135
276;6.43941;2.1042e+06;3.78177e+06;2.48604e+07;782173
277;5.0417;1.91293e+06;3.51431e+06;2.53052e+07;796166
278;4.0243;1.73905e+06;3.26191e+06;2.57185e+07;809169
279;3.27022;1.58097e+06;3.02432e+06;2.61021e+07;821238
280;2.70184;1.43726e+06;2.80118e+06;2.64577e+07;832428
281;2.26675;1.30661e+06;2.59205e+06;2.67871e+07;842792
282;1.92885;1.18784e+06;2.3964e+06;2.7092e+07;852383
283;1.66295;1.07987e+06;2.21369e+06;2.73738e+07;861250
284;1.45112;981708;2.04333e+06;2.76341e+07;869440
285;1.28045;892471;1.88471e+06;2.78744e+07;877001
286;1.14151;811346;1.73722e+06;2.8096e+07;883974
287;1.02731;737594;1.60025e+06;2.83003e+07;890402
288;0.932625;670547;1.47319e+06;2.84885e+07;896323
289;0.853474;609595;1.35544e+06;2.86618e+07;901774
290;0.786818;554182;1.24644e+06;2.88212e+07;906789
291;0.7303;503807;1.14562e+06;2.89678e+07;911401
292;0.682078;458011;1.05245e+06;2.91025e+07;915639
293;0.640697;416378;966424;2.92263e+07;919533
294;0.604999;378529;887045;2.93399e+07;923109
295;0.574055;344121;813855;2.94442e+07;926391
296;0.547114;312840;746415;2.95399e+07;929402
297;0.523563;284403;684312;2.96277e+07;932164
298;0.502898;258551;627157;2.97082e+07;934696
299;0.484706;235049;574585;2.97819e+07;937017
300;0.46864;213683;526254;2.98495e+07;939143
301;0.454412;194259;481843;2.99114e+07;941090
302;0.44178;176601;441054;2.99681e+07;942873
303;0.430538;160548;403607;3.00199e+07;944504
304;0.420511;145954;369243;3.00674e+07;945998
305;0.411552;132687;337721;3.01108e+07;947364
306;0.403531;120626;308817;3.01505e+07;948614
307;0.39634;109661;282322;3.01868e+07;949756
308;0.389883;99692.7;258045;3.022e+07;950801
309;0.384076;90630.6;235806;3.02504e+07;951756
310;0.378849;82392.3;215441;3.02781e+07;952628
311;0.374139;74902.8;196798;3.03035e+07;953425
312;0.369889;68094.2;179735;3.03266e+07;954153
313;0.366052;61904.4;164123;3.03477e+07;954818
314;0.362584;56277.3;149842;3.0367e+07;955426
315;0.359448;51161.7;136781;3.03847e+07;955980
316;0.35661;46511.1;124840;3.04007e+07;956486
317;0.354041;42283.3;113925;3.04154e+07;956948
318;0.351712;38439.7;103950;3.04288e+07;957370
319;0.349602;34945.5;94834.7;3.04411e+07;957754
320;0.347688;31769;86507.8;3.04522e+07;958105
321;0.345952;28881.2;78902.2;3.04624e+07;958425
322;0.344376;26255.9;71956.7;3.04717e+07;958717
323;0.342946;23869.2;65615;3.04801e+07;958983
324;0.341647;21699.5;59825.6;3.04878e+07;959226
325;0.340467;19727;54541.2;3.04949e+07;959447
326;0.339395;17933.9;49718.6;3.05013e+07;959649
327;0.338421;16303.7;45317.9;3.05071e+07;959833
328;0.337535;14821.7;41302.8;3.05125e+07;960001
329;0.33673;13474.4;37640.1;3.05173e+07;960154
330;0.335999;12249.6;34299.2;3.05217e+07;960293
331;0.335333;11136.1;31252.2;3.05258e+07;960420
332;0.334728;10123.8;28473.5;3.05295e+07;960536
333;0.334178;9203.55;25940;3.05328e+07;960641
334;0.333678;8366.95;23630;3.05359e+07;960737
335;0.333223;7606.39;21524.3;3.05386e+07;960824
336;0.332809;6914.97;19604.8;3.05412e+07;960904
337;0.332432;6286.4;17855.3;3.05435e+07;960976
338;0.332089;5714.97;16260.9;3.05456e+07;961043
339;0.331777;5195.48;14807.9;3.05475e+07;961103
340;0.331494;4723.21;13484;3.05492e+07;961157
341;0.331236;4293.87;12277.7;3.05508e+07;961207
342;0.331001;3903.56;11178.8;3.05523e+07;961253
343;0.330787;3548.72;10177.6;3.05536e+07;961294
344;0.330593;3226.14;9265.64;3.05548e+07;961332
345;0.330416;2932.89;8434.98;3.05559e+07;961366
346;0.330255;2666.29;7678.41;3.05568e+07;961397
347;0.330109;2423.92;6989.39;3.05577e+07;961426
348;0.329976;2203.59;6361.91;3.05586e+07;961452
349;0.329854;2003.28;5790.52;3.05593e+07;961475
350;0.329744;1821.18;5270.23;3.056e+07;961497
351;0.329644;1655.64;4796.49;3.05606e+07;961516
352;0.329553;1505.14;4365.18;3.05612e+07;961534
353;0.32947;1368.32;3972.5;3.05617e+07;961550
354;0.329394;1243.94;3615.01;3.05622e+07;961565
355;0.329325;1130.87;3289.59;3.05626e+07;961578
356;0.329263;1028.07;2993.36;3.0563e+07;961590
357;0.329206;934.621;2723.71;3.05633e+07;961601
358;0.329154;849.664;2478.28;3.05636e+07;961611
359;0.329107;772.43;2254.9;3.05639e+07;961620
360;0.329064;702.216;2051.6;3.05642e+07;961629
361;0.329025;638.385;1866.57;3.05644e+07;961636
362;0.32899;580.356;1698.18;3.05647e+07;961643
363;0.328957;527.601;1544.95;3.05649e+07;961650
364;0.328928;479.642;1405.51;3.0565e+07;961655
365;0.328901;436.043;1278.62;3.05652e+07;961661
366;0.328877;396.407;1163.16;3.05654e+07;961665
367;0.328855;360.373;1058.1;3.05655e+07;961670
368;0.328835;327.615;962.51;3.05656e+07;961673
369;0.328817;297.835;875.538;3.05657e+07;961677
370;0.3288;270.762;796.408;3.05658e+07;961680
371;0.328785;246.15;724.416;3.05659e+07;961683
372;0.328771;223.775;658.92;3.0566e+07;961686
373;0.328759;203.434;599.334;3.05661e+07;961688
374;0.328747;184.942;545.127;3.05662e+07;961691
375;0.328737;168.13;495.814;3.05662e+07;961693
376;0.328727;152.847;450.955;3.05663e+07;961694
377;0.328719;138.953;410.148;3.05663e+07;961696
378;0.328711;126.323;373.028;3.05664e+07;961698
379;0.328704;114.84;339.262;3.05664e+07;961699
380;0.328698;104.401;308.549;3.05665e+07;961700
381;0.328692;94.9109;280.612;3.05665e+07;961701
382;0.328686;86.2835;255.201;3.05665e+07;961702
383;0.328682;78.4404;232.088;3.05666e+07;961703
384;0.328677;71.3101;211.066;3.05666e+07;961704
385;0.328673;64.828;191.946;3.05666e+07;961705
386;0.32867;58.9352;174.556;3.05666e+07;961706
387;0.328666;53.578;158.739;3.05667e+07;961706
388;0.328663;48.7077;144.355;3.05667e+07;961707
389;0.328661;44.2802;131.272;3.05667e+07;961707
390;0.328658;40.2551;119.374;3.05667e+07;961708
391;0.328656;36.5959;108.553;3.05667e+07;961708
392;0.328654;33.2694;98.7119;3.05667e+07;961709
393;0.328652;30.2452;89.7624;3.05668e+07;961709
394;0.32865;27.4959;81.6235;3.05668e+07;961710
395;0.328649;24.9965;74.2219;3.05668e+07;961710
396;0.328647;22.7243;67.491;3.05668e+07;961710
397;0.328646;20.6587;61.37;3.05668e+07;961710
398;0.328645;18.7808;55.8037;3.05668e+07;961711
399;0.328644;17.0737;50.7419;3.05668e+07;961711
400;0.328643;15.5217;46.1389;3.05668e+07;961711
401;0.328642;14.1107;41.9531;3.05668e+07;961711
402;0.328641;12.8281;38.1469;3.05668e+07;961711
403;0.32864;11.662;34.6857;3.05668e+07;961711
404;0.32864;10.6019;31.5384;3.05668e+07;961712
405;0.328639;9.63821;28.6765;3.05668e+07;961712
406;0.328638;8.7621;26.0742;3.05668e+07;961712
407;0.328638;7.96563;23.7079;3.05668e+07;961712
408;0.328638;7.24155;21.5562;3.05668e+07;961712
409;0.328637;6.5833;19.5997;3.05668e+07;961712
410;0.328637;5.98487;17.8207;3.05668e+07;961712
411;0.328636;5.44085;16.203;3.05669e+07;961712
412;0.328636;4.94628;14.7322;3.05669e+07;961712
413;0.328636;4.49666;13.3948;3.05669e+07;961712
414;0.328636;4.08791;12.1787;3.05669e+07;961712
415;0.328635;3.71632;11.0731;3.05669e+07;961712
416;0.328635;3.37851;10.0677;3.05669e+07;961712
417;0.328635;3.0714;9.1536;3.05669e+07;961712
418;0.328635;2.79221;8.32246;3.05669e+07;961712
419;0.328635;2.5384;7.56676;3.05669e+07;961713
420;0.328634;2.30766;6.87965;3.05669e+07;961713
421;0.328634;2.09789;6.25491;3.05669e+07;961713
422;0.328634;1.9072;5.68689;3.05669e+07;961713
423;0.328634;1.73383;5.17044;3.05669e+07;961713
424;0.328634;1.57623;4.70087;3.05669e+07;961713
425;0.328634;1.43295;4.27393;3.05669e+07;961713
426;0.328634;1.30269;3.88576;3.05669e+07;961713
427;0.328634;1.18428;3.53283;3.05669e+07;961713
428;0.328634;1.07663;3.21195;3.05669e+07;961713
429;0.328634;0.978762;2.9202;3.05669e+07;961713
430;0.328634;0.889792;2.65495;3.05669e+07;961713
431;0.328634;0.80891;2.41379;3.05669e+07;961713
432;0.328634;0.73538;2.19453;3.05669e+07;961713
433;0.328633;0.668534;1.99518;3.05669e+07;961713
434;0.328633;0.607765;1.81393;3.05669e+07;961713
435;0.328633;0.552519;1.64915;3.05669e+07;961713
436;0.328633;0.502295;1.49933;3.05669e+07;961713
437;0.328633;0.456636;1.36312;3.05669e+07;961713
438;0.328633;0.415128;1.23928;3.05669e+07;961713
439;0.328633;0.377393;1.12669;3.05669e+07;961713
440;0.328633;0.343088;1.02433;3.05669e+07;961713
441;0.328633;0.311901;0.931265;3.05669e+07;961713
442;0.328633;0.28355;0.846654;3.05669e+07;961713
443;0.328633;0.257775;0.76973;3.05669e+07;961713
444;0.328633;0.234343;0.699793;3.05669e+07;961713
445;0.328633;0.213041;0.63621;3.05669e+07;961713
446;0.328633;0.193676;0.578403;3.05669e+07;961713
447;0.328633;0.176071;0.525848;3.05669e+07;961713
448;0.328633;0.160066;0.478068;3.05669e+07;961713
