195;1.81433e+07;1.7647;0.8787;0.1176;0.0037
196;1.81433e+07;3.15493;0.932525;0.220935;0.00695119
197;1.81433e+07;4.51377;1.10619;0.3306;0.0104015
198;1.81433e+07;6.05557;1.38231;0.460688;0.0144944
199;1.81433e+07;7.94449;1.76509;0.623248;0.019609
200;1.81433e+07;10.3372;2.27314;0.830823;0.0261398
201;1.81433e+07;13.4089;2.93706;1.09814;0.0345505
202;1.81433e+07;17.3731;3.79966;1.44354;0.0454176
203;1.81433e+07;22.4991;4.91798;1.89038;0.0594763
204;1.81433e+07;29.1327;6.3666;2.46874;0.0776728
205;1.81433e+07;37.7197;8.24249;3.21745;0.101229
206;1.81433e+07;48.8364;10.6714;4.18677;0.131726
207;1.81432e+07;63.229;13.8162;5.44172;0.171211
208;1.81432e+07;81.8628;17.8878;7.06651;0.222331
209;1.81432e+07;105.988;23.1593;9.17011;0.288515
210;1.81431e+07;137.223;29.9844;11.8936;0.374205
211;1.81431e+07;177.662;38.8208;15.4198;0.485147
212;1.8143e+07;230.019;50.2613;19.9851;0.628784
213;1.81429e+07;297.805;65.0733;25.8959;0.814751
214;1.81428e+07;385.567;84.2504;33.5485;1.05552
215;1.81427e+07;499.191;109.079;43.4563;1.36725
216;1.81425e+07;646.299;141.224;56.284;1.77084
217;1.81422e+07;836.757;182.842;72.892;2.29337
218;1.81419e+07;1083.34;236.725;94.3942;2.96989
219;1.81415e+07;1402.58;306.485;122.233;3.84577
220;1.81409e+07;1815.88;396.803;158.276;4.97976
221;1.81402e+07;2350.97;513.735;204.94;6.44793
222;1.81393e+07;3043.7;665.121;265.355;8.34875
223;1.81382e+07;3940.51;861.114;343.573;10.8097
224;1.81366e+07;5101.49;1114.85;444.84;13.9958
225;1.81347e+07;6604.43;1443.35;575.947;18.1208
226;1.81321e+07;8549.95;1868.61;745.685;23.4612
227;1.81288e+07;11068.3;2419.14;965.433;30.375
228;1.81246e+07;14327.8;3131.8;1249.92;39.3258
229;1.8119e+07;18546.4;4054.31;1618.22;50.9135
230;1.81119e+07;24005.6;5248.39;2095.01;65.9145
231;1.81027e+07;31069.3;6793.87;2712.22;85.3335
232;1.80907e+07;40207.5;8793.98;3511.18;110.471
233;1.80752e+07;52026.4;11382.1;4545.35;143.009
234;1.80552e+07;67308;14730.7;5883.89;185.122
235;1.80293e+07;87059;19062.2;7616.22;239.626
236;1.79959e+07;112573;24663.6;9857.93;310.156
237;1.79527e+07;145511;31904.8;12758.4;401.411
238;1.7897e+07;187997;41261.7;16510.4;519.459
239;1.78252e+07;242736;53345.6;21362.8;672.127
240;1.77327e+07;313163;68939.5;27636.2;869.506
241;1.76138e+07;403606;89043.6;35743.5;1124.58
242;1.74612e+07;519477;114930;46215;1454.04
243;1.7266e+07;667465;148210;59730.8;1879.29
244;1.70171e+07;855717;190905;77160.3;2427.66
245;1.67011e+07;1.09395e+06;245533;99610.7;3134.01
246;1.63022e+07;1.39343e+06;315190;128485;4042.48
247;1.58023e+07;1.76665e+06;403620;165552;5208.68
248;1.51817e+07;2.2266e+06;515249;213017;6702.08
249;1.44206e+07;2.78532e+06;655148;273611;8608.5
250;1.35013e+07;3.45149e+06;828864;350656;11032.5
251;1.24121e+07;4.22687e+06;1.04206e+06;448130;14099.3
252;1.11531e+07;5.10167e+06;1.29988e+06;570677;17955
253;9.74161e+06;6.04944e+06;1.60595e+06;723543;22764.5
254;8.21805e+06;7.02312e+06;1.96104e+06;912403;28706.6
255;6.64806e+06;7.95471e+06;2.36157e+06;1.14302e+06;35962.4
256;5.11799e+06;8.76169e+06;2.79819e+06;1.42074e+06;44700.2
257;3.72161e+06;9.36163e+06;3.25521e+06;1.74981e+06;55053.5
258;2.5397e+06;9.69257e+06;3.71133e+06;2.13262e+06;67097.8
259;1.61952e+06;9.7317e+06;4.1422e+06;2.56907e+06;80829.7
260;964115;9.50249e+06;4.52436e+06;3.0562e+06;96155.8
261;537587;9.06524e+06;4.83933e+06;3.58826e+06;112896
262;282963;8.49583e+06;5.07635e+06;4.15737e+06;130801
263;142236;7.86429e+06;5.23286e+06;4.75435e+06;149584
264;69240.3;7.22242e+06;5.31298e+06;5.36973e+06;168946
265;33123.2;6.60202e+06;5.32503e+06;5.99454e+06;188604
266;15787.3;6.01923e+06;5.27923e+06;6.62076e+06;208306
267;7586.66;5.48029e+06;5.18601e+06;7.2416e+06;227839
268;3711.18;4.986e+06;5.0551e+06;7.85147e+06;247028
269;1861.28;4.53463e+06;4.89515e+06;8.44595e+06;265731
270;961.907;4.12333e+06;4.71356e+06;9.02162e+06;283843
271;513.901;3.74896e+06;4.51662e+06;9.57594e+06;301284
272;284.329;3.40841e+06;4.30953e+06;1.01071e+07;317995
273;163.022;3.09871e+06;4.09661e+06;1.06139e+07;333940
274;96.8474;2.8171e+06;3.88136e+06;1.10957e+07;349098
275;59.5685;2.56107e+06;3.66663e+06;1.15521e+07;363459
276;37.8901;2.32829e+06;3.45467e+06;1.19833e+07;377025
277;24.8883;2.11666e+06;3.24726e+06;1.23896e+07;389808
278;16.8549;1.92426e+06;3.04577e+06;1.27714e+07;401823
279;11.7486;1.74935e+06;2.85123e+06;1.31296e+07;413092
280;8.41455;1.59034e+06;2.6644e+06;1.34649e+07;423642
281;6.18178;1.44578e+06;2.48577e+06;1.37783e+07;433500
282;4.65059;1.31436e+06;2.31566e+06;1.40706e+07;442697
283;3.57693;1.19489e+06;2.15425e+06;1.43429e+07;451265
284;2.80833;1.08627e+06;2.00155e+06;1.45963e+07;459236
285;2.24741;987530;1.85751e+06;1.48316e+07;466642
286;1.83065;897764;1.72196e+06;1.50501e+07;473514
287;1.51583;816157;1.59469e+06;1.52526e+07;479886
288;1.27433;741969;1.47544e+06;1.54401e+07;485786
289;1.08642;674524;1.36392e+06;1.56136e+07;491245
290;0.938284;613210;1.25979e+06;1.5774e+07;496292
291;0.820081;557469;1.16272e+06;1.59222e+07;500953
292;0.724704;506795;1.07235e+06;1.60589e+07;505255
293;0.646951;460728;988345;1.6185e+07;509223
294;0.582963;418848;910339;1.63012e+07;512879
295;0.529844;380774;837988;1.64083e+07;516248
296;0.485393;346162;770952;1.65069e+07;519348
297;0.447923;314696;708902;1.65975e+07;522201
298;0.416123;286090;651518;1.66809e+07;524824
299;0.388968;260085;598494;1.67575e+07;527234
300;0.365648;236443;549539;1.68279e+07;529449
301;0.345516;214950;504372;1.68925e+07;531482
302;0.328055;195411;462731;1.69518e+07;533348
303;0.312843;177648;424365;1.70062e+07;535060
304;0.299538;161500;389037;1.70561e+07;536630
305;0.287858;146820;356528;1.71019e+07;538070
306;0.27757;133474;326627;1.71438e+07;539389
307;0.268482;121341;299140;1.71822e+07;540598
308;0.260431;110311;273884;1.72174e+07;541704
309;0.253279;100284;250689;1.72496e+07;542718
310;0.246913;91168.2;229396;1.72791e+07;543645
311;0.241234;82881;209858;1.73061e+07;544494
312;0.236158;75347.1;191936;1.73308e+07;545271
313;0.231612;68498.1;175503;1.73533e+07;545981
314;0.227536;62271.6;160441;1.7374e+07;546630
315;0.223875;56611.1;146640;1.73928e+07;547224
316;0.220583;51465.2;133999;1.74101e+07;547766
317;0.217618;46787;122423;1.74258e+07;548262
318;0.214946;42534.1;111826;1.74402e+07;548715
319;0.212535;38667.7;102128;1.74534e+07;549129
320;0.210358;35152.8;93254.5;1.74654e+07;549507
321;0.208391;31957.4;85138.1;1.74764e+07;549852
322;0.206611;29052.5;77715.8;1.74864e+07;550167
323;0.205;26411.6;70929.7;1.74955e+07;550454
324;0.203542;24010.8;64726.8;1.75039e+07;550717
325;0.20222;21828.2;59058;1.75115e+07;550956
326;0.201022;19844;53878.4;1.75184e+07;551175
327;0.199936;18040.2;49146.8;1.75248e+07;551374
328;0.19895;16400.4;44825.2;1.75305e+07;551556
329;0.198056;14909.6;40878.7;1.75358e+07;551722
330;0.197243;13554.3;37275.4;1.75406e+07;551873
331;0.196506;12322.2;33985.9;1.7545e+07;552011
332;0.195836;11202.1;30983.5;1.7549e+07;552137
333;0.195227;10183.9;28243.5;1.75526e+07;552251
334;0.194674;9258.14;25743.3;1.7556e+07;552356
335;0.194171;8416.58;23462.2;1.7559e+07;552451
336;0.193714;7651.51;21381.3;1.75617e+07;552538
337;0.193299;6955.99;19483.3;1.75643e+07;552617
338;0.192921;6323.69;17752.2;1.75665e+07;552689
339;0.192577;5748.87;16173.7;1.75686e+07;552755
340;0.192265;5226.29;14734.4;1.75705e+07;552815
341;0.191981;4751.22;13422.2;1.75723e+07;552869
342;0.191722;4319.34;12226;1.75739e+07;552919
343;0.191487;3926.71;11135.6;1.75753e+07;552964
344;0.191273;3569.77;10141.8;1.75766e+07;553005
345;0.191079;3245.28;9236.08;1.75778e+07;553043
346;0.190902;2950.28;8410.74;1.75789e+07;553077
347;0.19074;2682.1;7658.7;1.75799e+07;553108
348;0.190594;2438.3;6973.5;1.75808e+07;553136
349;0.190461;2216.66;6349.26;1.75816e+07;553162
350;0.190339;2015.17;5780.59;1.75823e+07;553186
351;0.190229;1831.99;5262.58;1.7583e+07;553207
352;0.190128;1665.46;4790.76;1.75836e+07;553227
353;0.190037;1514.07;4361.03;1.75842e+07;553244
354;0.189954;1376.44;3969.66;1.75847e+07;553260
355;0.189878;1251.32;3613.26;1.75852e+07;553275
356;0.189809;1137.58;3288.72;1.75856e+07;553288
357;0.189747;1034.17;2993.2;1.7586e+07;553301
358;0.18969;940.165;2724.13;1.75863e+07;553312
359;0.189638;854.704;2479.16;1.75867e+07;553322
360;0.189591;777.012;2256.13;1.7587e+07;553331
361;0.189548;706.381;2053.09;1.75872e+07;553339
362;0.189509;642.171;1868.26;1.75875e+07;553347
363;0.189473;583.798;1700.01;1.75877e+07;553354
364;0.189441;530.731;1546.87;1.75879e+07;553360
365;0.189412;482.487;1407.48;1.75881e+07;553366
366;0.189385;438.629;1280.61;1.75882e+07;553371
367;0.189361;398.758;1165.14;1.75884e+07;553376
368;0.189338;362.511;1060.06;1.75885e+07;553380
369;0.189318;329.559;964.425;1.75886e+07;553384
370;0.1893;299.602;877.397;1.75888e+07;553388
371;0.189283;272.368;798.202;1.75889e+07;553391
372;0.189268;247.61;726.139;1.75889e+07;553394
373;0.189254;225.102;660.566;1.7589e+07;553396
374;0.189242;204.64;600.901;1.75891e+07;553399
375;0.18923;186.038;546.613;1.75892e+07;553401
376;0.18922;169.128;497.22;1.75892e+07;553403
377;0.189211;153.754;452.281;1.75893e+07;553405
378;0.189202;139.778;411.396;1.75894e+07;553407
379;0.189194;127.072;374.199;1.75894e+07;553408
380;0.189187;115.521;340.36;1.75894e+07;553410
381;0.189181;105.02;309.575;1.75895e+07;553411
382;0.189175;95.4739;281.57;1.75895e+07;553412
383;0.189169;86.7953;256.094;1.75896e+07;553413
384;0.189165;78.9056;232.919;1.75896e+07;553414
385;0.18916;71.7331;211.839;1.75896e+07;553415
386;0.189156;65.2126;192.663;1.75896e+07;553416
387;0.189152;59.2848;175.221;1.75897e+07;553416
388;0.189149;53.8958;159.356;1.75897e+07;553417
389;0.189146;48.9966;144.925;1.75897e+07;553418
390;0.189143;44.5429;131.799;1.75897e+07;553418
391;0.189141;40.4939;119.861;1.75897e+07;553419
392;0.189139;36.813;109.003;1.75897e+07;553419
393;0.189137;33.4667;99.1271;1.75898e+07;553419
394;0.189135;30.4246;90.1451;1.75898e+07;553420
395;0.189133;27.659;81.9761;1.75898e+07;553420
396;0.189131;25.1448;74.5466;1.75898e+07;553420
397;0.18913;22.8591;67.7898;1.75898e+07;553421
398;0.189129;20.7812;61.6448;1.75898e+07;553421
399;0.189128;18.8922;56.0563;1.75898e+07;553421
400;0.189126;17.1749;50.9739;1.75898e+07;553421
401;0.189125;15.6137;46.352;1.75898e+07;553422
402;0.189125;14.1944;42.1488;1.75898e+07;553422
403;0.189124;12.9042;38.3264;1.75898e+07;553422
404;0.189123;11.7312;34.8504;1.75898e+07;553422
405;0.189122;10.6648;31.6894;1.75899e+07;553422
406;0.189122;9.69538;28.8149;1.75899e+07;553422
407;0.189121;8.81407;26.201;1.75899e+07;553422
408;0.189121;8.01288;23.824;1.75899e+07;553422
409;0.18912;7.28451;21.6625;1.75899e+07;553423
410;0.18912;6.62234;19.697;1.75899e+07;553423
411;0.18912;6.02037;17.9097;1.75899e+07;553423
412;0.189119;5.47312;16.2845;1.75899e+07;553423
413;0.189119;4.97562;14.8067;1.75899e+07;553423
414;0.189119;4.52333;13.463;1.75899e+07;553423
415;0.189118;4.11216;12.2411;1.75899e+07;553423
416;0.189118;3.73837;11.13;1.75899e+07;553423
417;0.189118;3.39855;10.1198;1.75899e+07;553423
418;0.189118;3.08962;9.20117;1.75899e+07;553423
419;0.189118;2.80877;8.36592;1.75899e+07;553423
420;0.189117;2.55346;7.60645;1.75899e+07;553423
421;0.189117;2.32135;6.9159;1.75899e+07;553423
422;0.189117;2.11034;6.28801;1.75899e+07;553423
423;0.189117;1.91851;5.7171;1.75899e+07;553423
424;0.189117;1.74412;5.19801;1.75899e+07;553423
425;0.189117;1.58558;4.72603;1.75899e+07;553423
426;0.189117;1.44145;4.29689;1.75899e+07;553423
427;0.189117;1.31042;3.90671;1.75899e+07;553423
428;0.189117;1.1913;3.55194;1.75899e+07;553423
429;0.189116;1.08301;3.22938;1.75899e+07;553423
430;0.189116;0.984567;2.9361;1.75899e+07;553423
431;0.189116;0.89507;2.66945;1.75899e+07;553423
432;0.189116;0.813708;2.42701;1.75899e+07;553423
433;0.189116;0.739742;2.20658;1.75899e+07;553423
434;0.189116;0.6725;2.00616;1.75899e+07;553423
435;0.189116;0.61137;1.82395;1.75899e+07;553423
436;0.189116;0.555796;1.65827;1.75899e+07;553423
437;0.189116;0.505274;1.50765;1.75899e+07;553423
438;0.189116;0.459345;1.3707;1.75899e+07;553423
439;0.189116;0.41759;1.24619;1.75899e+07;553423
440;0.189116;0.379632;1.13298;1.75899e+07;553423
441;0.189116;0.345123;1.03006;1.75899e+07;553423
442;0.189116;0.313751;0.936487;1.75899e+07;553423
443;0.189116;0.285231;0.851411;1.75899e+07;553423
444;0.189116;0.259304;0.774062;1.75899e+07;553423
445;0.189116;0.235733;0.703739;1.75899e+07;553423
446;0.189116;0.214305;0.639804;1.75899e+07;553423
447;0.189116;0.194825;0.581676;1.75899e+07;553423
448;0.189116;0.177115;0.528828;1.75899e+07;553423
449;0.189116;0.161015;0.480781;1.75899e+07;553423
