265;1.90777e+07;1.7647;0.8787;0.1176;0.0037
266;1.90777e+07;3.15493;0.932525;0.220935;0.00695119
267;1.90777e+07;4.51377;1.10619;0.3306;0.0104015
268;1.90777e+07;6.05557;1.38231;0.460688;0.0144944
269;1.90777e+07;7.94449;1.76509;0.623248;0.019609
270;1.90777e+07;10.3372;2.27314;0.830823;0.0261398
271;1.90777e+07;13.4089;2.93706;1.09814;0.0345505
272;1.90777e+07;17.3731;3.79966;1.44354;0.0454176
273;1.90777e+07;22.4991;4.91798;1.89038;0.0594763
274;1.90777e+07;29.1327;6.3666;2.46874;0.0776728
275;1.90776e+07;37.7197;8.24249;3.21745;0.101229
276;1.90776e+07;48.8364;10.6714;4.18677;0.131726
277;1.90776e+07;63.229;13.8162;5.44172;0.171211
278;1.90776e+07;81.8628;17.8878;7.06651;0.222331
279;1.90776e+07;105.988;23.1593;9.17011;0.288515
280;1.90775e+07;137.223;29.9844;11.8936;0.374205
281;1.90775e+07;177.662;38.8208;15.4198;0.485147
282;1.90774e+07;230.019;50.2613;19.9851;0.628784
283;1.90773e+07;297.805;65.0733;25.8959;0.814751
284;1.90772e+07;385.567;84.2504;33.5485;1.05552
285;1.9077e+07;499.192;109.079;43.4564;1.36725
286;1.90768e+07;646.3;141.224;56.284;1.77084
287;1.90766e+07;836.759;182.842;72.892;2.29337
288;1.90763e+07;1083.34;236.725;94.3942;2.96989
289;1.90759e+07;1402.58;306.486;122.233;3.84577
290;1.90753e+07;1815.89;396.804;158.276;4.97977
291;1.90746e+07;2350.98;513.736;204.94;6.44794
292;1.90737e+07;3043.72;665.124;265.355;8.34876
293;1.90725e+07;3940.54;861.118;343.574;10.8097
294;1.9071e+07;5101.55;1114.86;444.841;13.9959
295;1.9069e+07;6604.53;1443.36;575.949;18.1208
296;1.90665e+07;8550.12;1868.63;745.688;23.4613
297;1.90632e+07;11068.6;2419.17;965.439;30.3752
298;1.90589e+07;14328.3;3131.86;1249.93;39.3261
299;1.90534e+07;18547.2;4054.41;1618.24;50.914
300;1.90463e+07;24007;5248.55;2095.04;65.9153
301;1.9037e+07;31071.7;6794.14;2712.27;85.335
302;1.90251e+07;40211.4;8794.43;3511.26;110.473
303;1.90096e+07;52032.9;11382.9;4545.48;143.013
304;1.89896e+07;67318.9;14731.9;5884.11;185.129
305;1.89637e+07;87077.2;19064.2;7616.58;239.637
306;1.89303e+07;112604;24667.1;9858.54;310.175
307;1.88871e+07;145562;31910.6;12759.4;401.443
308;1.88313e+07;188082;41271.5;16512.1;519.513
309;1.87594e+07;242879;53361.9;21365.6;672.217
310;1.86668e+07;313401;68966.8;27641;869.656
311;1.85477e+07;404003;89089.3;35751.5;1124.83
312;1.83949e+07;520136;115007;46228.4;1454.46
313;1.81992e+07;668559;148337;59753.1;1879.99
314;1.79494e+07;857526;191115;77197.5;2428.83
315;1.76321e+07;1.09693e+06;245882;99672.7;3135.96
316;1.7231e+07;1.39832e+06;315768;128588;4045.72
317;1.67276e+07;1.77461e+06;404572;165723;5214.07
318;1.61014e+07;2.23947e+06;516810;213300;6710.98
319;1.53314e+07;2.8059e+06;657688;274077;8623.18
320;1.43983e+07;3.48398e+06;832967;351421;11056.6
321;1.32882e+07;4.27731e+06;1.04862e+06;449378;14138.6
322;1.19983e+07;5.1784e+06;1.31023e+06;572696;18018.5
323;1.05428e+07;6.16322e+06;1.62202e+06;726780;22866.4
324;8.95909e+06;7.1867e+06;1.9855e+06;917529;28867.8
325;7.31117e+06;8.18135e+06;2.39793e+06;1.15102e+06;36214.2
326;5.68639e+06;9.06244e+06;2.85075e+06;1.43302e+06;45086.5
327;4.18336e+06;9.7417e+06;3.32873e+06;1.76827e+06;55634.3
328;2.8915e+06;1.0148e+07;3.81047e+06;2.15973e+06;67950.6
329;1.86868e+06;1.02484e+07;4.27072e+06;2.60784e+06;82049.4
330;1.12728e+06;1.00582e+07;4.68426e+06;3.11008e+06;97851
331;636316;9.63489e+06;5.03035e+06;3.66095e+06;115183
332;338433;9.05697e+06;5.29598e+06;4.25251e+06;133795
333;171470;8.40065e+06;5.47686e+06;4.87532e+06;153390
334;83897;7.7246e+06;5.57613e+06;5.5194e+06;173655
335;40225.8;7.06611e+06;5.60192e+06;6.17515e+06;194286
336;19167.1;6.44486e+06;5.56471e+06;6.83394e+06;215013
337;9188.58;5.869e+06;5.47555e+06;7.48835e+06;235603
338;4476.45;5.34022e+06;5.34486e+06;8.13227e+06;255862
339;2233.2;4.85704e+06;5.18195e+06;8.76083e+06;275638
340;1147.06;4.41662e+06;4.99489e+06;9.37023e+06;294812
341;608.764;4.01569e+06;4.79048e+06;9.95763e+06;313293
342;334.503;3.65093e+06;4.57442e+06;1.0521e+07;331017
343;190.464;3.31921e+06;4.35141e+06;1.10589e+07;347943
344;112.376;3.01757e+06;4.1253e+06;1.15707e+07;364043
345;68.6601;2.74332e+06;3.8992e+06;1.20558e+07;379307
346;43.3936;2.49397e+06;3.67559e+06;1.25143e+07;393734
347;28.3291;2.26729e+06;3.45645e+06;1.29466e+07;407333
348;19.074;2.0612e+06;3.24328e+06;1.33531e+07;420122
349;13.2229;1.87384e+06;3.03723e+06;1.37345e+07;432122
350;9.42187;1.70351e+06;2.83915e+06;1.40917e+07;443360
351;6.8886;1.54867e+06;2.64961e+06;1.44255e+07;453865
352;5.15913;1.4079e+06;2.46898e+06;1.47371e+07;463668
353;3.95152;1.27992e+06;2.29747e+06;1.50275e+07;472804
354;3.09041;1.16358e+06;2.13513e+06;1.52977e+07;481304
355;2.46426;1.05781e+06;1.98191e+06;1.55488e+07;489204
356;2.0006;961653;1.83766e+06;1.57818e+07;496537
357;1.65144;874239;1.70217e+06;1.59979e+07;503337
358;1.38437;794771;1.57516e+06;1.61981e+07;509635
359;1.17713;722526;1.45634e+06;1.63834e+07;515463
360;1.01415;656849;1.34536e+06;1.65546e+07;520851
361;0.884402;597141;1.24188e+06;1.67128e+07;525829
362;0.779927;542861;1.14552e+06;1.68589e+07;530424
363;0.694922;493515;1.05591e+06;1.69936e+07;534663
364;0.62509;448655;972692;1.71178e+07;538569
365;0.567214;407872;895487;1.72322e+07;542168
366;0.518856;370797;823940;1.73375e+07;545482
367;0.478147;337091;757701;1.74344e+07;548530
368;0.443643;306450;696434;1.75235e+07;551334
369;0.414213;278593;639813;1.76054e+07;553911
370;0.388965;253269;587527;1.76806e+07;556278
371;0.367191;230247;539283;1.77497e+07;558452
372;0.348322;209318;494797;1.78131e+07;560447
373;0.331897;190291;453805;1.78713e+07;562278
374;0.317542;172993;416056;1.79247e+07;563957
375;0.304949;157268;381314;1.79736e+07;565496
376;0.293864;142973;349356;1.80185e+07;566907
377;0.284077;129976;319975;1.80595e+07;568200
378;0.275411;118162;292977;1.80972e+07;569384
379;0.267718;107421;268180;1.81316e+07;570468
380;0.260872;97656.1;245414;1.81632e+07;571460
381;0.254767;88779.2;224522;1.8192e+07;572368
382;0.249312;80709.2;205358;1.82184e+07;573199
383;0.244429;73372.7;187784;1.82426e+07;573959
384;0.240052;66703.1;171676;1.82647e+07;574653
385;0.236122;60639.8;156915;1.82848e+07;575289
386;0.232588;55127.7;143393;1.83033e+07;575869
387;0.229407;50116.6;131011;1.83202e+07;576400
388;0.22654;45561;119675;1.83356e+07;576884
389;0.223954;41419.5;109300;1.83496e+07;577327
390;0.221619;37654.5;99806.6;1.83625e+07;577732
391;0.219509;34231.7;91122.9;1.83742e+07;578101
392;0.217601;31120;83181.3;1.8385e+07;578438
393;0.215875;28291.2;75920.2;1.83947e+07;578746
394;0.214311;25719.5;69282.8;1.84037e+07;579027
395;0.212895;23381.6;63216.7;1.84118e+07;579283
396;0.211611;21256.2;57673.9;1.84192e+07;579517
397;0.210446;19324.1;52610.2;1.8426e+07;579730
398;0.20939;17567.5;47985.2;1.84322e+07;579925
399;0.208432;15970.6;43761.5;1.84379e+07;580103
400;0.207562;14518.9;39904.9;1.8443e+07;580265
401;0.206771;13199.1;36384.2;1.84477e+07;580412
402;0.206054;11999.3;33170.6;1.8452e+07;580547
403;0.205402;10908.6;30237.8;1.84559e+07;580670
404;0.204809;9916.99;27561.5;1.84594e+07;580781
405;0.20427;9015.54;25119.8;1.84627e+07;580883
406;0.203781;8196.03;22892.2;1.84656e+07;580976
407;0.203336;7451.01;20860.4;1.84683e+07;581061
408;0.202931;6773.71;19007.4;1.84708e+07;581138
409;0.202563;6157.98;17317.5;1.8473e+07;581209
410;0.202228;5598.22;15776.6;1.8475e+07;581273
411;0.201924;5089.34;14371.8;1.84769e+07;581331
412;0.201647;4626.72;13091.1;1.84786e+07;581384
413;0.201395;4206.15;11923.7;1.84801e+07;581433
414;0.201166;3823.81;10859.7;1.84815e+07;581477
415;0.200958;3476.23;9890.04;1.84828e+07;581517
416;0.200768;3160.24;9006.36;1.8484e+07;581553
417;0.200596;2872.98;8201.16;1.8485e+07;581587
418;0.200439;2611.82;7467.51;1.8486e+07;581617
419;0.200296;2374.41;6799.12;1.84869e+07;581645
420;0.200166;2158.57;6190.22;1.84877e+07;581670
421;0.200048;1962.36;5635.56;1.84884e+07;581693
422;0.19994;1783.98;5130.34;1.84891e+07;581714
423;0.199842;1621.82;4670.2;1.84897e+07;581733
424;0.199753;1474.39;4251.13;1.84902e+07;581750
425;0.199672;1340.37;3869.49;1.84907e+07;581766
426;0.199599;1218.53;3521.96;1.84912e+07;581780
427;0.199531;1107.77;3205.51;1.84916e+07;581793
428;0.19947;1007.07;2917.38;1.8492e+07;581805
429;0.199415;915.529;2655.04;1.84923e+07;581816
430;0.199364;832.307;2416.21;1.84926e+07;581826
431;0.199318;756.651;2198.78;1.84929e+07;581834
432;0.199277;687.871;2000.85;1.84932e+07;581843
433;0.199239;625.344;1820.67;1.84934e+07;581850
434;0.199204;568.5;1656.67;1.84936e+07;581857
435;0.199172;516.823;1507.39;1.84938e+07;581863
436;0.199144;469.844;1371.52;1.8494e+07;581868
437;0.199118;427.135;1247.87;1.84941e+07;581874
438;0.199094;388.309;1135.33;1.84943e+07;581878
439;0.199073;353.012;1032.91;1.84944e+07;581882
440;0.199053;320.923;939.705;1.84945e+07;581886
441;0.199035;291.751;854.891;1.84947e+07;581890
442;0.199019;265.231;777.713;1.84948e+07;581893
443;0.199004;241.121;707.486;1.84948e+07;581896
444;0.198991;219.203;643.586;1.84949e+07;581898
445;0.198978;199.278;585.444;1.8495e+07;581901
446;0.198967;181.163;532.544;1.84951e+07;581903
447;0.198957;164.696;484.414;1.84951e+07;581905
448;0.198948;149.725;440.626;1.84952e+07;581907
449;0.19894;136.115;400.788;1.84952e+07;581908
450;0.198932;123.742;364.545;1.84953e+07;581910
451;0.198925;112.494;331.574;1.84953e+07;581911
452;0.198919;102.268;301.58;1.84954e+07;581912
453;0.198913;92.9721;274.294;1.84954e+07;581913
454;0.198908;84.5209;249.474;1.84954e+07;581914
455;0.198903;76.838;226.895;1.84955e+07;581915
456;0.198899;69.8534;206.358;1.84955e+07;581916
457;0.198895;63.5037;187.676;1.84955e+07;581917
458;0.198891;57.7312;170.683;1.84955e+07;581918
459;0.198888;52.4835;155.227;1.84956e+07;581918
460;0.198885;47.7127;141.169;1.84956e+07;581919
461;0.198882;43.3756;128.382;1.84956e+07;581919
462;0.19888;39.4328;116.752;1.84956e+07;581920
463;0.198878;35.8484;106.175;1.84956e+07;581920
464;0.198876;32.5897;96.5543;1.84956e+07;581921
465;0.198874;29.6273;87.8047;1.84957e+07;581921
466;0.198872;26.9342;79.8471;1.84957e+07;581921
467;0.198871;24.4859;72.61;1.84957e+07;581922
468;0.198869;22.2601;66.0282;1.84957e+07;581922
469;0.198868;20.2367;60.0424;1.84957e+07;581922
470;0.198867;18.3972;54.5988;1.84957e+07;581922
471;0.198866;16.7249;49.6482;1.84957e+07;581923
472;0.198865;15.2046;45.1462;1.84957e+07;581923
473;0.198864;13.8225;41.0521;1.84957e+07;581923
474;0.198863;12.566;37.3289;1.84957e+07;581923
475;0.198863;11.4238;33.9432;1.84957e+07;581923
476;0.198862;10.3854;30.8643;1.84957e+07;581923
477;0.198861;9.44132;28.0645;1.84957e+07;581923
478;0.198861;8.58311;25.5185;1.84957e+07;581924
479;0.19886;7.8029;23.2033;1.84957e+07;581924
480;0.19886;7.09362;21.098;1.84957e+07;581924
481;0.19886;6.44881;19.1836;1.84957e+07;581924
482;0.198859;5.86261;17.4429;1.84957e+07;581924
483;0.198859;5.3297;15.8599;1.84957e+07;581924
484;0.198859;4.84523;14.4206;1.84957e+07;581924
485;0.198858;4.4048;13.1118;1.84957e+07;581924
486;0.198858;4.00441;11.9218;1.84958e+07;581924
487;0.198858;3.64041;10.8396;1.84958e+07;581924
488;0.198858;3.30949;9.85571;1.84958e+07;581924
489;0.198857;3.00866;8.96104;1.84958e+07;581924
490;0.198857;2.73517;8.14756;1.84958e+07;581924
491;0.198857;2.48655;7.40788;1.84958e+07;581924
492;0.198857;2.26052;6.73533;1.84958e+07;581924
493;0.198857;2.05504;6.12382;1.84958e+07;581924
494;0.198857;1.86824;5.5678;1.84958e+07;581924
495;0.198857;1.69841;5.06225;1.84958e+07;581924
496;0.198857;1.54403;4.60259;1.84958e+07;581924
497;0.198856;1.40368;4.18464;1.84958e+07;581924
498;0.198856;1.27608;3.80464;1.84958e+07;581924
499;0.198856;1.16009;3.45913;1.84958e+07;581924
500;0.198856;1.05463;3.14499;1.84958e+07;581924
501;0.198856;0.958768;2.85937;1.84958e+07;581924
502;0.198856;0.871616;2.59968;1.84958e+07;581925
503;0.198856;0.792386;2.36357;1.84958e+07;581925
504;0.198856;0.720358;2.1489;1.84958e+07;581925
505;0.198856;0.654878;1.95372;1.84958e+07;581925
506;0.198856;0.595349;1.77626;1.84958e+07;581925
507;0.198856;0.541232;1.61492;1.84958e+07;581925
508;0.198856;0.492034;1.46822;1.84958e+07;581925
509;0.198856;0.447308;1.33485;1.84958e+07;581925
510;0.198856;0.406648;1.2136;1.84958e+07;581925
511;0.198856;0.369684;1.10335;1.84958e+07;581925
512;0.198856;0.336079;1.00312;1.84958e+07;581925
513;0.198856;0.30553;0.911991;1.84958e+07;581925
514;0.198856;0.277757;0.829139;1.84958e+07;581925
515;0.198856;0.252509;0.753813;1.84958e+07;581925
516;0.198856;0.229556;0.685328;1.84958e+07;581925
517;0.198856;0.208689;0.623065;1.84958e+07;581925
518;0.198856;0.18972;0.566457;1.84958e+07;581925
519;0.198856;0.172474;0.514991;1.84958e+07;581925
520;0.198856;0.156796;0.468201;1.84958e+07;581925
