192;4.40332e+06;1.7647;0.8787;0.1176;0.0037
193;4.40332e+06;3.15493;0.932525;0.220935;0.00695119
194;4.40331e+06;4.51377;1.10619;0.3306;0.0104015
195;4.40331e+06;6.05557;1.38231;0.460688;0.0144944
196;4.40331e+06;7.94448;1.76509;0.623248;0.019609
197;4.40331e+06;10.3372;2.27314;0.830823;0.0261398
198;4.4033e+06;13.4089;2.93706;1.09814;0.0345504
199;4.4033e+06;17.3731;3.79966;1.44354;0.0454176
200;4.40329e+06;22.4991;4.91797;1.89038;0.0594763
201;4.40328e+06;29.1326;6.36659;2.46874;0.0776728
202;4.40327e+06;37.7195;8.24247;3.21745;0.101229
203;4.40326e+06;48.8361;10.6714;4.18676;0.131726
204;4.40324e+06;63.2284;13.8161;5.44171;0.17121
205;4.40321e+06;81.8618;17.8877;7.06649;0.22233
206;4.40318e+06;105.986;23.1592;9.17008;0.288514
207;4.40314e+06;137.22;29.9841;11.8936;0.374203
208;4.40309e+06;177.657;38.8203;15.4197;0.485144
209;4.40302e+06;230.011;50.2604;19.985;0.62878
210;4.40293e+06;297.791;65.0718;25.8956;0.814743
211;4.40282e+06;385.544;84.2478;33.5481;1.05551
212;4.40267e+06;499.153;109.075;43.4556;1.36723
213;4.40247e+06;646.236;141.217;56.2828;1.7708
214;4.40223e+06;836.651;182.83;72.8899;2.2933
215;4.4019e+06;1083.16;236.704;94.3907;2.96978
216;4.40149e+06;1402.28;306.451;122.227;3.84558
217;4.40094e+06;1815.38;396.746;158.266;4.97945
218;4.40024e+06;2350.12;513.639;204.923;6.44741
219;4.39934e+06;3042.28;664.96;265.327;8.34787
220;4.39817e+06;3938.13;860.844;343.526;10.8082
221;4.39665e+06;5097.51;1114.4;444.762;13.9933
222;4.39469e+06;6597.75;1442.59;575.815;18.1166
223;4.39214e+06;8538.77;1867.34;745.463;23.4542
224;4.38886e+06;11049.5;2417;965.062;30.3633
225;4.38461e+06;14296.4;3128.22;1249.3;39.3063
226;4.37911e+06;18493.8;4048.32;1617.18;50.8807
227;4.372e+06;23917.6;5238.35;2093.26;65.8595
228;4.36283e+06;30922;6777.04;2709.29;85.2413
229;4.35098e+06;39960.8;8765.8;3506.27;110.316
230;4.33569e+06;51613.9;11334.9;4537.13;142.75
231;4.316e+06;66618.3;14651.7;5870.12;184.689
232;4.29065e+06;85906.8;18930.1;7593.16;238.9
233;4.2581e+06;110651;24442.8;9819.34;308.942
234;4.21638e+06;142307;31536;12693.8;399.38
235;4.16309e+06;182665;40646.4;16402.4;516.063
236;4.09527e+06;233884;52320.3;21182.5;666.455
237;4.00938e+06;298507;67233.9;27335.3;860.04
238;3.90133e+06;379426;86212.7;35242;1108.81
239;3.7665e+06;479765;110245;45380.6;1427.79
240;3.60003e+06;602621;140483;58345.4;1835.7
241;3.39727e+06;750611;178221;74866.2;2355.49
242;3.15449e+06;925158;224833;95825;3014.9
243;2.87006e+06;1.12549e+06;281658;122265;3846.78
244;2.54581e+06;1.34743e+06;349800;155388;4888.92
245;2.18852e+06;1.58224e+06;429851;196525;6183.18
246;1.81098e+06;1.81596e+06;521536;247075;7773.62
247;1.43179e+06;2.03007e+06;623344;308408;9703.31
248;1.07332e+06;2.20401e+06;732266;381713;12009.7
249;757476;2.31951e+06;843787;467828;14719.1
250;500469;2.36567e+06;952279;567057;17841.1
251;308693;2.34241e+06;1.05181e+06;679045;21364.5
252;177937;2.26024e+06;1.13715e+06;802737;25256.2
253;96378.1;2.13634e+06;1.20467e+06;936466;29463.6
254;49534.5;1.98899e+06;1.25274e+06;1.07813e+06;33920.9
255;24472.6;1.83326e+06;1.28158e+06;1.22546e+06;38556
256;11792.2;1.67929e+06;1.29277e+06;1.37617e+06;43297.9
257;5622.07;1.53282e+06;1.2886e+06;1.5282e+06;48081.1
258;2686.64;1.39642e+06;1.27163e+06;1.67974e+06;52848.9
259;1300.84;1.27087e+06;1.24431e+06;1.82928e+06;57554
260;643.551;1.15601e+06;1.2089e+06;1.97561e+06;62157.9
261;327.297;1.05124e+06;1.16734e+06;2.11778e+06;66630.8
262;171.826;955838;1.1213e+06;2.25506e+06;70950
263;93.3469;869031;1.07217e+06;2.38692e+06;75098.8
264;52.541;790077;1.02111e+06;2.51301e+06;79065.9
265;30.6468;718281;969070;2.63309e+06;82844
266;18.5164;653001;916813;2.74706e+06;86429.5
267;11.5768;593650;864962;2.85487e+06;89821.7
268;7.48018;539692;814005;2.95659e+06;93022.1
269;4.98731;490636;764324;3.05232e+06;96033.9
270;3.42557;446039;716210;3.14221e+06;98861.9
271;2.41974;405495;669879;3.22643e+06;101512
272;1.7548;368636;625482;3.30521e+06;103990
273;1.30429;335128;583120;3.37877e+06;106305
274;0.991945;304665;542851;3.44734e+06;108462
275;0.770693;276971;504697;3.51118e+06;110471
276;0.610798;251794;468654;3.57053e+06;112338
277;0.493075;228906;434694;3.62565e+06;114072
278;0.404893;208099;402773;3.67677e+06;115681
279;0.337773;189183;372833;3.72413e+06;117171
280;0.285924;171986;344805;3.76798e+06;118550
281;0.24532;156353;318614;3.80853e+06;119826
282;0.21312;142140;294179;3.846e+06;121005
283;0.187284;129220;271415;3.88059e+06;122093
284;0.166331;117474;250239;3.91251e+06;123098
285;0.149171;106795;230563;3.94194e+06;124024
286;0.134988;97087.6;212303;3.96905e+06;124877
287;0.123167;88262.4;195376;3.99402e+06;125662
288;0.11324;80239.3;179700;4.017e+06;126385
289;0.104844;72945.6;165196;4.03813e+06;127050
290;0.0976966;66314.9;151789;4.05756e+06;127661
291;0.0915762;60286.8;139405;4.07541e+06;128223
292;0.0863065;54806.8;127975;4.0918e+06;128739
293;0.0817468;49824.8;117434;4.10685e+06;129212
294;0.0777832;45295.8;107718;4.12066e+06;129647
295;0.0743235;41178.4;98769.2;4.13333e+06;130045
296;0.071292;37435.3;90531.6;4.14494e+06;130411
297;0.0686265;34032.4;82953;4.15559e+06;130746
298;0.0662753;30938.9;75984.3;4.16534e+06;131052
299;0.0641952;28126.5;69579.8;4.17428e+06;131334
300;0.06235;25569.8;63696.5;4.18246e+06;131591
301;0.0607094;23245.5;58294.4;4.18995e+06;131827
302;0.0592473;21132.5;53336.3;4.19681e+06;132042
303;0.0579418;19211.6;48787.5;4.20308e+06;132240
304;0.0567738;17465.2;44615.9;4.20882e+06;132420
305;0.0557272;15877.6;40791.6;4.21407e+06;132585
306;0.0547879;14434.4;37286.9;4.21886e+06;132736
307;0.0539437;13122.3;34076.1;4.22325e+06;132874
308;0.0531842;11929.5;31135.5;4.22725e+06;133000
309;0.0524999;10845.1;28443.1;4.23092e+06;133116
310;0.0518828;9859.27;25978.8;4.23426e+06;133221
311;0.0513257;8963.06;23723.8;4.23732e+06;133317
312;0.0508225;8148.32;21660.8;4.24011e+06;133405
313;0.0503676;7407.64;19774;4.24265e+06;133485
314;0.0499559;6734.28;18048.8;4.24498e+06;133558
315;0.0495833;6122.14;16471.6;4.2471e+06;133625
316;0.0492457;5565.63;15030.1;4.24904e+06;133686
317;0.0489398;5059.72;13712.9;4.25081e+06;133741
318;0.0486624;4599.79;12509.4;4.25242e+06;133792
319;0.0484108;4181.67;11410.2;4.25389e+06;133838
320;0.0481825;3801.56;10406.2;4.25523e+06;133881
321;0.0479753;3456;9489.51;4.25646e+06;133919
322;0.0477871;3141.85;8652.58;4.25757e+06;133954
323;0.0476162;2856.25;7888.62;4.25859e+06;133986
324;0.0474609;2596.62;7191.36;4.25952e+06;134015
325;0.0473199;2360.59;6555.08;4.26036e+06;134042
326;0.0471917;2146.01;5974.53;4.26113e+06;134066
327;0.0470751;1950.94;5444.89;4.26184e+06;134088
328;0.0469692;1773.6;4961.77;4.26248e+06;134109
329;0.0468728;1612.38;4521.12;4.26306e+06;134127
330;0.0467852;1465.81;4119.28;4.26359e+06;134144
331;0.0467056;1332.57;3752.85;4.26408e+06;134159
332;0.0466331;1211.44;3418.76;4.26452e+06;134173
333;0.0465672;1101.32;3114.18;4.26492e+06;134185
334;0.0465073;1001.21;2836.54;4.26529e+06;134197
335;0.0464527;910.2;2583.48;4.26562e+06;134207
336;0.0464031;827.463;2352.84;4.26592e+06;134217
337;0.046358;752.246;2142.66;4.2662e+06;134226
338;0.046317;683.867;1951.13;4.26645e+06;134234
339;0.0462796;621.704;1776.62;4.26668e+06;134241
340;0.0462456;565.191;1617.63;4.26689e+06;134247
341;0.0462147;513.815;1472.79;4.26708e+06;134253
342;0.0461866;467.109;1340.85;4.26725e+06;134259
343;0.046161;424.649;1220.66;4.26741e+06;134264
344;0.0461377;386.048;1111.2;4.26755e+06;134268
345;0.0461165;350.957;1011.5;4.26769e+06;134272
346;0.0460972;319.055;920.707;4.2678e+06;134276
347;0.0460796;290.053;838.027;4.26791e+06;134280
348;0.0460637;263.687;762.74;4.26801e+06;134283
349;0.0460492;239.718;694.189;4.2681e+06;134285
350;0.0460359;217.927;631.774;4.26818e+06;134288
351;0.0460239;198.118;574.95;4.26826e+06;134290
352;0.046013;180.109;523.217;4.26832e+06;134293
353;0.046003;163.737;476.123;4.26839e+06;134294
354;0.045994;148.853;433.253;4.26844e+06;134296
355;0.0459857;135.323;394.23;4.26849e+06;134298
356;0.0459782;123.022;358.711;4.26854e+06;134299
357;0.0459714;111.839;326.382;4.26858e+06;134301
358;0.0459652;101.673;296.958;4.26862e+06;134302
359;0.0459596;92.4309;270.179;4.26865e+06;134303
360;0.0459544;84.0289;245.808;4.26869e+06;134304
361;0.0459498;76.3907;223.63;4.26872e+06;134305
362;0.0459455;69.4468;203.448;4.26874e+06;134306
363;0.0459417;63.1341;185.082;4.26877e+06;134306
364;0.0459382;57.3952;168.37;4.26879e+06;134307
365;0.045935;52.178;153.164;4.26881e+06;134308
366;0.045932;47.435;139.329;4.26882e+06;134308
367;0.0459294;43.1232;126.74;4.26884e+06;134309
368;0.045927;39.2033;115.286;4.26886e+06;134309
369;0.0459248;35.6397;104.866;4.26887e+06;134310
370;0.0459228;32.4;95.385;4.26888e+06;134310
371;0.045921;29.4549;86.7599;4.26889e+06;134310
372;0.0459194;26.7774;78.9134;4.2689e+06;134311
373;0.0459179;24.3434;71.7753;4.26891e+06;134311
374;0.0459165;22.1306;65.2818;4.26892e+06;134311
375;0.0459153;20.1189;59.3747;4.26893e+06;134312
376;0.0459141;18.2901;54.0014;4.26894e+06;134312
377;0.0459131;16.6275;49.1136;4.26894e+06;134312
378;0.0459122;15.1161;44.6676;4.26895e+06;134312
379;0.0459113;13.742;40.6234;4.26895e+06;134312
380;0.0459106;12.4929;36.945;4.26896e+06;134312
381;0.0459099;11.3573;33.5991;4.26896e+06;134313
382;0.0459092;10.3249;30.5559;4.26897e+06;134313
383;0.0459086;9.38637;27.788;4.26897e+06;134313
384;0.0459081;8.53315;25.2706;4.26897e+06;134313
385;0.0459076;7.75748;22.9809;4.26898e+06;134313
386;0.0459072;7.05233;20.8985;4.26898e+06;134313
387;0.0459068;6.41127;19.0046;4.26898e+06;134313
388;0.0459064;5.82849;17.2821;4.26898e+06;134313
389;0.0459061;5.29868;15.7156;4.26899e+06;134313
390;0.0459058;4.81703;14.2909;4.26899e+06;134313
391;0.0459055;4.37916;12.9953;4.26899e+06;134313
392;0.0459053;3.9811;11.817;4.26899e+06;134313
393;0.0459051;3.61922;10.7455;4.26899e+06;134314
394;0.0459049;3.29023;9.77107;4.26899e+06;134314
395;0.0459047;2.99115;8.88492;4.26899e+06;134314
396;0.0459045;2.71925;8.07908;4.269e+06;134314
397;0.0459044;2.47207;7.34627;4.269e+06;134314
398;0.0459042;2.24736;6.67987;4.269e+06;134314
399;0.0459041;2.04308;6.07389;4.269e+06;134314
400;0.045904;1.85736;5.52284;4.269e+06;134314
401;0.0459039;1.68853;5.02176;4.269e+06;134314
402;0.0459038;1.53504;4.5661;4.269e+06;134314
403;0.0459037;1.3955;4.15177;4.269e+06;134314
404;0.0459036;1.26865;3.77501;4.269e+06;134314
405;0.0459035;1.15333;3.43242;4.269e+06;134314
406;0.0459035;1.04849;3.12091;4.269e+06;134314
407;0.0459034;0.953187;2.83765;4.269e+06;134314
408;0.0459034;0.866542;2.58009;4.269e+06;134314
409;0.0459033;0.787773;2.34589;4.269e+06;134314
410;0.0459033;0.716165;2.13294;4.269e+06;134314
411;0.0459032;0.651066;1.93932;4.269e+06;134314
412;0.0459032;0.591884;1.76326;4.269e+06;134314
413;0.0459032;0.538082;1.60318;4.269e+06;134314
414;0.0459031;0.48917;1.45763;4.269e+06;134314
415;0.0459031;0.444704;1.32528;4.269e+06;134314
416;0.0459031;0.404281;1.20495;4.269e+06;134314
417;0.0459031;0.367532;1.09554;4.269e+06;134314
418;0.045903;0.334123;0.996057;4.269e+06;134314
419;0.045903;0.303751;0.905607;4.269e+06;134314
420;0.045903;0.27614;0.823368;4.269e+06;134314
421;0.045903;0.251039;0.748594;4.26901e+06;134314
422;0.045903;0.22822;0.680609;4.26901e+06;134314
423;0.045903;0.207475;0.618797;4.26901e+06;134314
424;0.0459029;0.188615;0.562596;4.26901e+06;134314
425;0.0459029;0.17147;0.511498;4.26901e+06;134314
426;0.0459029;0.155883;0.46504;4.26901e+06;134314
