228;1.26191e+08;1.7647;0.8787;0.1176;0.0037
229;1.26191e+08;3.15493;0.932525;0.220935;0.00695119
230;1.26191e+08;4.51377;1.10619;0.3306;0.0104015
231;1.26191e+08;6.05557;1.38231;0.460688;0.0144944
232;1.26191e+08;7.94449;1.76509;0.623248;0.019609
233;1.26191e+08;10.3372;2.27314;0.830823;0.0261398
234;1.26191e+08;13.4089;2.93706;1.09814;0.0345505
235;1.26191e+08;17.3731;3.79967;1.44354;0.0454176
236;1.26191e+08;22.4992;4.91798;1.89038;0.0594763
237;1.26191e+08;29.1327;6.3666;2.46874;0.0776729
238;1.26191e+08;37.7197;8.2425;3.21745;0.101229
239;1.26191e+08;48.8365;10.6714;4.18677;0.131727
240;1.26191e+08;63.2291;13.8162;5.44173;0.171211
241;1.26191e+08;81.863;17.8878;7.06651;0.222331
242;1.26191e+08;105.988;23.1594;9.17012;0.288516
243;1.26191e+08;137.223;29.9845;11.8937;0.374205
244;1.26191e+08;177.663;38.821;15.4198;0.485148
245;1.2619e+08;230.021;50.2616;19.9852;0.628786
246;1.2619e+08;297.808;65.0737;25.8959;0.814753
247;1.2619e+08;385.573;84.2511;33.5486;1.05553
248;1.2619e+08;499.202;109.08;43.4565;1.36726
249;1.2619e+08;646.317;141.226;56.2843;1.77085
250;1.2619e+08;836.786;182.845;72.8925;2.29339
251;1.26189e+08;1083.39;236.73;94.3951;2.96992
252;1.26189e+08;1402.66;306.495;122.235;3.84582
253;1.26188e+08;1816.02;396.819;158.278;4.97985
254;1.26188e+08;2351.2;513.761;204.944;6.44808
255;1.26187e+08;3044.09;665.166;265.363;8.34899
256;1.26186e+08;3941.16;861.188;343.586;10.8101
257;1.26184e+08;5102.59;1114.98;444.862;13.9965
258;1.26182e+08;6606.26;1443.56;575.983;18.1219
259;1.2618e+08;8553.02;1868.96;745.745;23.4631
260;1.26176e+08;11073.4;2419.73;965.535;30.3782
261;1.26172e+08;14336.4;3132.79;1250.09;39.3312
262;1.26167e+08;18560.9;4055.96;1618.51;50.9225
263;1.26159e+08;24029.9;5251.16;2095.49;65.9296
264;1.2615e+08;31110;6798.5;2713.03;85.3589
265;1.26138e+08;40275.5;8801.74;3512.53;110.513
266;1.26123e+08;52140.4;11395.1;4547.62;143.08
267;1.26102e+08;67499;14752.5;5887.68;185.242
268;1.26076e+08;87378.9;19098.7;7622.57;239.826
269;1.26043e+08;113109;24724.7;9868.58;310.491
270;1.25999e+08;146408;32007.2;12776.2;401.972
271;1.25943e+08;189497;41433.2;16540.3;520.399
272;1.2587e+08;245246;53632.7;21412.8;673.702
273;1.25775e+08;317358;69419.9;27720;872.143
274;1.25653e+08;410613;89847.1;35883.8;1129
275;1.25495e+08;531168;116273;46449.8;1461.43
276;1.25291e+08;686944;150453;60123.6;1891.64
277;1.25028e+08;888116;194646;77816.8;2448.32
278;1.24687e+08;1.14772e+06;251765;100707;3168.51
279;1.24248e+08;1.4824e+06;325554;130315;4100.04
280;1.23683e+08;1.91333e+06;420814;168600;5304.59
281;1.22955e+08;2.46729e+06;543691;218088;6861.6
282;1.2202e+08;3.17791e+06;702018;282026;8873.25
283;1.20822e+08;4.08703e+06;905735;364583;11470.7
284;1.19291e+08;5.246e+06;1.16738e+06;471097;14821.9
285;1.17344e+08;6.71681e+06;1.50264e+06;608381;19141.2
286;1.14878e+08;8.57243e+06;1.93093e+06;785092;24701
287;1.11775e+08;1.08958e+07;2.47594e+06;1.01217e+06;31845.4
288;1.07904e+08;1.37765e+07;3.16604e+06;1.30334e+06;41006.4
289;1.03125e+08;1.73032e+07;4.03428e+06;1.67567e+06;52720.8
290;9.73045e+07;2.15508e+07;5.11779e+06;2.1501e+06;67647.6
291;9.03367e+07;2.65596e+07;6.45597e+06;2.75195e+06;86583.4
292;8.21753e+07;3.23067e+07;8.08712e+06;3.51117e+06;110471
293;7.28737e+07;3.86717e+07;1.00428e+07;4.46222e+06;140393
294;6.26277e+07;4.54024e+07;1.23399e+07;5.64325e+06;177551
295;5.18051e+07;5.2098e+07;1.49701e+07;7.09443e+06;223209
296;4.09405e+07;5.82268e+07;1.789e+07;8.85492e+06;278599
297;3.06754e+07;6.31991e+07;2.10127e+07;1.09588e+07;344791
298;2.16367e+07;6.6493e+07;2.42087e+07;1.34299e+07;422539
299;1.42871e+07;6.77983e+07;2.73164e+07;1.62768e+07;512111
300;8.80717e+06;6.71154e+07;3.01658e+07;1.94892e+07;613181
301;5.07373e+06;6.47481e+07;3.26075e+07;2.30367e+07;724795
302;2.74677e+06;6.11894e+07;3.45378e+07;2.68714e+07;845442
303;1.41116e+06;5.69629e+07;3.59105e+07;3.0933e+07;973232
304;696988;5.24992e+07;3.67325e+07;3.51561e+07;1.1061e+06
305;335793;4.80882e+07;3.7049e+07;3.94758e+07;1.24201e+06
306;160087;4.38927e+07;3.69262e+07;4.38328e+07;1.37909e+06
307;76506.3;3.99864e+07;3.64369e+07;4.81753e+07;1.51572e+06
308;37048.8;3.63911e+07;3.56518e+07;5.24603e+07;1.65054e+06
309;18332.6;3.31019e+07;3.46352e+07;5.66529e+07;1.78245e+06
310;9325.97;3.01019e+07;3.34429e+07;6.0726e+07;1.9106e+06
311;4897.36;2.73701e+07;3.21226e+07;6.46589e+07;2.03434e+06
312;2661.35;2.48844e+07;3.0714e+07;6.84365e+07;2.15319e+06
313;1498.41;2.26236e+07;2.92504e+07;7.20485e+07;2.26683e+06
314;874.278;2.05677e+07;2.77588e+07;7.54883e+07;2.37506e+06
315;528.382;1.86984e+07;2.62613e+07;7.87528e+07;2.47777e+06
316;330.448;1.69989e+07;2.47755e+07;8.18411e+07;2.57493e+06
317;213.573;1.54539e+07;2.33154e+07;8.47547e+07;2.6666e+06
318;142.434;1.40492e+07;2.1892e+07;8.74966e+07;2.75287e+06
319;97.8559;1.27722e+07;2.05136e+07;9.00711e+07;2.83387e+06
320;69.1392;1.16112e+07;1.91863e+07;9.24835e+07;2.90977e+06
321;50.1507;1.05558e+07;1.79144e+07;9.47398e+07;2.98076e+06
322;37.2829;9.59625e+06;1.67009e+07;9.68465e+07;3.04704e+06
323;28.3599;8.72396e+06;1.55474e+07;9.88106e+07;3.10884e+06
324;22.0382;7.93096e+06;1.44545e+07;1.00639e+08;3.16636e+06
325;17.4688;7.21004e+06;1.34221e+07;1.02339e+08;3.21984e+06
326;14.104;6.55465e+06;1.24494e+07;1.03917e+08;3.2695e+06
327;11.5832;5.95883e+06;1.15351e+07;1.05381e+08;3.31557e+06
328;9.66432;5.41718e+06;1.06776e+07;1.06738e+08;3.35825e+06
329;8.1818;4.92476e+06;9.87479e+06;1.07993e+08;3.39775e+06
330;7.02069;4.4771e+06;9.12464e+06;1.09155e+08;3.43429e+06
331;6.09977;4.07013e+06;8.42479e+06;1.10228e+08;3.46805e+06
332;5.36082;3.70016e+06;7.77283e+06;1.11219e+08;3.49922e+06
333;4.76149;3.36381e+06;7.16633e+06;1.12133e+08;3.52798e+06
334;4.27058;3.05804e+06;6.60283e+06;1.12975e+08;3.5545e+06
335;3.86482;2.78007e+06;6.07988e+06;1.13752e+08;3.57893e+06
336;3.52663;2.52736e+06;5.5951e+06;1.14467e+08;3.60142e+06
337;3.24259;2.29762e+06;5.14615e+06;1.15125e+08;3.62213e+06
338;3.00234;2.08877e+06;4.73078e+06;1.1573e+08;3.64117e+06
339;2.79781;1.8989e+06;4.3468e+06;1.16286e+08;3.65867e+06
340;2.62266;1.72629e+06;3.99215e+06;1.16798e+08;3.67475e+06
341;2.47185;1.56937e+06;3.66482e+06;1.17267e+08;3.68953e+06
342;2.34135;1.42671e+06;3.36293e+06;1.17698e+08;3.70309e+06
343;2.22791;1.29703e+06;3.0847e+06;1.18094e+08;3.71553e+06
344;2.12889;1.17913e+06;2.82842e+06;1.18456e+08;3.72694e+06
345;2.04212;1.07194e+06;2.59252e+06;1.18789e+08;3.73741e+06
346;1.96583;974505;2.37548e+06;1.19094e+08;3.747e+06
347;1.89852;885922;2.17592e+06;1.19373e+08;3.75579e+06
348;1.83898;805392;1.99251e+06;1.19629e+08;3.76384e+06
349;1.78617;732182;1.82403e+06;1.19863e+08;3.77121e+06
350;1.7392;665627;1.66933e+06;1.20078e+08;3.77796e+06
351;1.69735;605121;1.52735e+06;1.20274e+08;3.78414e+06
352;1.65997;550116;1.39708e+06;1.20454e+08;3.78979e+06
353;1.62654;500110;1.27762e+06;1.20618e+08;3.79496e+06
354;1.59657;454650;1.16811e+06;1.20768e+08;3.79968e+06
355;1.56968;413323;1.06774e+06;1.20906e+08;3.80401e+06
356;1.54552;375752;975798;1.21031e+08;3.80796e+06
357;1.52377;341596;891590;1.21146e+08;3.81157e+06
358;1.50418;310545;814491;1.21251e+08;3.81487e+06
359;1.48651;282316;743922;1.21347e+08;3.81788e+06
360;1.47057;256654;679346;1.21434e+08;3.82063e+06
361;1.45616;233324;620272;1.21514e+08;3.82315e+06
362;1.44313;212115;566242;1.21587e+08;3.82544e+06
363;1.43135;192834;516838;1.21654e+08;3.82754e+06
364;1.42068;175305;471674;1.21714e+08;3.82945e+06
365;1.41102;159370;430395;1.2177e+08;3.83119e+06
366;1.40226;144883;392675;1.2182e+08;3.83279e+06
367;1.39432;131713;358213;1.21867e+08;3.83424e+06
368;1.38711;119741;326735;1.21909e+08;3.83556e+06
369;1.38058;108856;297986;1.21947e+08;3.83677e+06
370;1.37464;98961.1;271736;1.21982e+08;3.83788e+06
371;1.36926;89965.5;247770;1.22014e+08;3.83888e+06
372;1.36436;81787.7;225893;1.22043e+08;3.8398e+06
373;1.35992;74353.2;205927;1.2207e+08;3.84063e+06
374;1.35588;67594.5;187706;1.22094e+08;3.8414e+06
375;1.35221;61450.1;171082;1.22116e+08;3.84209e+06
376;1.34887;55864.3;155916;1.22136e+08;3.84272e+06
377;1.34584;50786.3;142081;1.22155e+08;3.8433e+06
378;1.34308;46169.8;129463;1.22171e+08;3.84383e+06
379;1.34057;41973;117956;1.22187e+08;3.8443e+06
380;1.33829;38157.6;107463;1.222e+08;3.84474e+06
381;1.33622;34689.1;97896.6;1.22213e+08;3.84514e+06
382;1.33433;31535.9;89175;1.22225e+08;3.8455e+06
383;1.33261;28669.2;81224.7;1.22235e+08;3.84583e+06
384;1.33105;26063.2;73978.1;1.22245e+08;3.84613e+06
385;1.32963;23694.1;67373.7;1.22253e+08;3.84641e+06
386;1.32834;21540.3;61355.1;1.22261e+08;3.84665e+06
387;1.32716;19582.3;55870.7;1.22268e+08;3.84688e+06
388;1.32609;17802.2;50873.6;1.22275e+08;3.84709e+06
389;1.32512;16184;46320.9;1.22281e+08;3.84728e+06
390;1.32424;14712.9;42173.3;1.22286e+08;3.84745e+06
391;1.32343;13375.5;38395.1;1.22291e+08;3.8476e+06
392;1.3227;12159.7;34953.6;1.22296e+08;3.84775e+06
393;1.32203;11054.3;31819;1.223e+08;3.84788e+06
394;1.32142;10049.5;28964.2;1.22304e+08;3.84799e+06
395;1.32087;9136.01;26364.4;1.22307e+08;3.8481e+06
396;1.32037;8305.55;23996.8;1.2231e+08;3.8482e+06
397;1.31991;7550.57;21841;1.22313e+08;3.84829e+06
398;1.3195;6864.23;19878;1.22316e+08;3.84837e+06
399;1.31912;6240.27;18090.8;1.22318e+08;3.84844e+06
400;1.31877;5673.03;16463.6;1.2232e+08;3.84851e+06
401;1.31846;5157.35;14982.2;1.22322e+08;3.84857e+06
402;1.31818;4688.55;13633.7;1.22324e+08;3.84862e+06
403;1.31792;4262.36;12406.1;1.22325e+08;3.84867e+06
404;1.31768;3874.91;11288.7;1.22327e+08;3.84872e+06
405;1.31747;3522.68;10271.6;1.22328e+08;3.84876e+06
406;1.31727;3202.47;9345.88;1.22329e+08;3.8488e+06
407;1.31709;2911.37;8503.33;1.22331e+08;3.84883e+06
408;1.31693;2646.72;7736.52;1.22332e+08;3.84887e+06
409;1.31678;2406.14;7038.67;1.22332e+08;3.8489e+06
410;1.31665;2187.42;6403.6;1.22333e+08;3.84892e+06
411;1.31653;1988.58;5825.68;1.22334e+08;3.84894e+06
412;1.31642;1807.82;5299.78;1.22335e+08;3.84897e+06
413;1.31632;1643.49;4821.25;1.22335e+08;3.84899e+06
414;1.31623;1494.1;4385.83;1.22336e+08;3.849e+06
415;1.31614;1358.28;3989.64;1.22336e+08;3.84902e+06
416;1.31607;1234.82;3629.16;1.22337e+08;3.84903e+06
417;1.316;1122.57;3301.19;1.22337e+08;3.84905e+06
418;1.31594;1020.53;3002.8;1.22338e+08;3.84906e+06
419;1.31588;927.763;2731.32;1.22338e+08;3.84907e+06
420;1.31583;843.429;2484.35;1.22338e+08;3.84908e+06
421;1.31578;766.762;2259.66;1.22339e+08;3.84909e+06
422;1.31574;697.063;2055.27;1.22339e+08;3.8491e+06
423;1.3157;633.7;1869.33;1.22339e+08;3.84911e+06
424;1.31566;576.097;1700.18;1.22339e+08;3.84911e+06
425;1.31563;523.73;1546.31;1.2234e+08;3.84912e+06
426;1.3156;476.123;1406.35;1.2234e+08;3.84913e+06
427;1.31557;432.843;1279.04;1.2234e+08;3.84913e+06
428;1.31555;393.498;1163.24;1.2234e+08;3.84914e+06
429;1.31553;357.729;1057.91;1.2234e+08;3.84914e+06
430;1.31551;325.211;962.101;1.2234e+08;3.84914e+06
431;1.31549;295.65;874.96;1.2234e+08;3.84915e+06
432;1.31547;268.775;795.702;1.22341e+08;3.84915e+06
433;1.31546;244.343;723.615;1.22341e+08;3.84915e+06
434;1.31544;222.133;658.051;1.22341e+08;3.84916e+06
435;1.31543;201.941;598.422;1.22341e+08;3.84916e+06
436;1.31542;183.584;544.189;1.22341e+08;3.84916e+06
437;1.31541;166.897;494.867;1.22341e+08;3.84916e+06
438;1.3154;151.726;450.011;1.22341e+08;3.84916e+06
439;1.31539;137.934;409.216;1.22341e+08;3.84917e+06
440;1.31538;125.396;372.116;1.22341e+08;3.84917e+06
441;1.31538;113.997;338.377;1.22341e+08;3.84917e+06
442;1.31537;103.635;307.694;1.22341e+08;3.84917e+06
443;1.31536;94.2144;279.791;1.22341e+08;3.84917e+06
444;1.31536;85.6503;254.417;1.22341e+08;3.84917e+06
445;1.31535;77.8647;231.342;1.22341e+08;3.84917e+06
446;1.31535;70.7868;210.358;1.22341e+08;3.84917e+06
447;1.31535;64.3523;191.276;1.22341e+08;3.84918e+06
448;1.31534;58.5027;173.924;1.22341e+08;3.84918e+06
449;1.31534;53.1848;158.145;1.22341e+08;3.84918e+06
450;1.31534;48.3503;143.796;1.22341e+08;3.84918e+06
451;1.31533;43.9553;130.749;1.22341e+08;3.84918e+06
452;1.31533;39.9597;118.885;1.22341e+08;3.84918e+06
453;1.31533;36.3274;108.096;1.22341e+08;3.84918e+06
454;1.31533;33.0252;98.2863;1.22341e+08;3.84918e+06
455;1.31532;30.0232;89.3661;1.22341e+08;3.84918e+06
456;1.31532;27.2941;81.2551;1.22341e+08;3.84918e+06
457;1.31532;24.8131;73.8799;1.22342e+08;3.84918e+06
458;1.31532;22.5576;67.1738;1.22342e+08;3.84918e+06
459;1.31532;20.5071;61.0761;1.22342e+08;3.84918e+06
460;1.31532;18.643;55.5317;1.22342e+08;3.84918e+06
461;1.31532;16.9484;50.4903;1.22342e+08;3.84918e+06
462;1.31532;15.4078;45.9065;1.22342e+08;3.84918e+06
463;1.31531;14.0072;41.7386;1.22342e+08;3.84918e+06
464;1.31531;12.7339;37.9489;1.22342e+08;3.84918e+06
465;1.31531;11.5764;34.5032;1.22342e+08;3.84918e+06
466;1.31531;10.5241;31.3703;1.22342e+08;3.84918e+06
467;1.31531;9.56749;28.5217;1.22342e+08;3.84918e+06
468;1.31531;8.6978;25.9317;1.22342e+08;3.84918e+06
469;1.31531;7.90717;23.5768;1.22342e+08;3.84918e+06
470;1.31531;7.18841;21.4357;1.22342e+08;3.84918e+06
471;1.31531;6.53498;19.489;1.22342e+08;3.84918e+06
472;1.31531;5.94095;17.719;1.22342e+08;3.84918e+06
473;1.31531;5.40092;16.1097;1.22342e+08;3.84918e+06
474;1.31531;4.90998;14.6466;1.22342e+08;3.84918e+06
475;1.31531;4.46366;13.3163;1.22342e+08;3.84918e+06
476;1.31531;4.05792;12.1067;1.22342e+08;3.84918e+06
477;1.31531;3.68905;11.0071;1.22342e+08;3.84918e+06
478;1.31531;3.35372;10.0072;1.22342e+08;3.84918e+06
479;1.31531;3.04886;9.09821;1.22342e+08;3.84918e+06
480;1.31531;2.77172;8.27174;1.22342e+08;3.84918e+06
481;1.31531;2.51977;7.52033;1.22342e+08;3.84918e+06
482;1.31531;2.29073;6.83716;1.22342e+08;3.84918e+06
483;1.31531;2.0825;6.21604;1.22342e+08;3.84918e+06
484;1.31531;1.8932;5.65133;1.22342e+08;3.84918e+06
485;1.31531;1.72111;5.13792;1.22342e+08;3.84918e+06
486;1.31531;1.56466;4.67114;1.22342e+08;3.84918e+06
487;1.31531;1.42243;4.24676;1.22342e+08;3.84918e+06
488;1.31531;1.29313;3.86092;1.22342e+08;3.84918e+06
489;1.31531;1.17559;3.51014;1.22342e+08;3.84918e+06
490;1.31531;1.06873;3.19122;1.22342e+08;3.84918e+06
491;1.31531;0.971579;2.90127;1.22342e+08;3.84918e+06
492;1.31531;0.883263;2.63766;1.22342e+08;3.84918e+06
493;1.31531;0.802974;2.398;1.22342e+08;3.84918e+06
494;1.31531;0.729984;2.18012;1.22342e+08;3.84918e+06
495;1.31531;0.663628;1.98202;1.22342e+08;3.84918e+06
496;1.31531;0.603305;1.80193;1.22342e+08;3.84918e+06
497;1.31531;0.548464;1.63819;1.22342e+08;3.84918e+06
498;1.31531;0.498609;1.48934;1.22342e+08;3.84918e+06
499;1.31531;0.453285;1.354;1.22342e+08;3.84918e+06
500;1.31531;0.412082;1.23097;1.22342e+08;3.84918e+06
501;1.31531;0.374624;1.11911;1.22342e+08;3.84918e+06
502;1.31531;0.34057;1.01741;1.22342e+08;3.84918e+06
503;1.31531;0.309612;0.92496;1.22342e+08;3.84918e+06
504;1.31531;0.281469;0.840906;1.22342e+08;3.84918e+06
505;1.31531;0.255883;0.76449;1.22342e+08;3.84918e+06
506;1.31531;0.232623;0.695017;1.22342e+08;3.84918e+06
507;1.31531;0.211478;0.631857;1.22342e+08;3.84918e+06
508;1.31531;0.192255;0.574436;1.22342e+08;3.84918e+06
509;1.31531;0.174779;0.522233;1.22342e+08;3.84918e+06
510;1.31531;0.158891;0.474773;1.22342e+08;3.84918e+06
