245;2.70605e+06;1.7647;0.8787;0.1176;0.0037
246;2.70605e+06;3.15493;0.932525;0.220935;0.00695119
247;2.70604e+06;4.51377;1.10619;0.3306;0.0104015
248;2.70604e+06;6.05556;1.38231;0.460688;0.0144944
249;2.70604e+06;7.94448;1.76509;0.623248;0.019609
250;2.70604e+06;10.3372;2.27314;0.830823;0.0261398
251;2.70603e+06;13.4089;2.93705;1.09814;0.0345504
252;2.70603e+06;17.373;3.79966;1.44354;0.0454175
253;2.70602e+06;22.499;4.91797;1.89038;0.0594763
254;2.70601e+06;29.1325;6.36658;2.46873;0.0776728
255;2.706e+06;37.7193;8.24246;3.21744;0.101229
256;2.70599e+06;48.8358;10.6713;4.18676;0.131726
257;2.70597e+06;63.2279;13.8161;5.44171;0.17121
258;2.70594e+06;81.861;17.8876;7.06648;0.22233
259;2.70591e+06;105.985;23.159;9.17006;0.288514
260;2.70587e+06;137.217;29.9838;11.8936;0.374202
261;2.70582e+06;177.653;38.8199;15.4197;0.485142
262;2.70575e+06;230.004;50.2597;19.9849;0.628776
263;2.70566e+06;297.78;65.0706;25.8954;0.814737
264;2.70555e+06;385.526;84.2458;33.5477;1.0555
265;2.7054e+06;499.122;109.071;43.455;1.36721
266;2.7052e+06;646.183;141.211;56.2818;1.77077
267;2.70496e+06;836.562;182.82;72.8882;2.29325
268;2.70463e+06;1083.01;236.688;94.3878;2.96968
269;2.70422e+06;1402.03;306.423;122.222;3.84543
270;2.70368e+06;1814.96;396.698;158.258;4.97919
271;2.70298e+06;2349.42;513.559;204.909;6.44698
272;2.70207e+06;3041.11;664.827;265.304;8.34715
273;2.7009e+06;3936.17;860.62;343.488;10.807
274;2.69938e+06;5094.22;1114.02;444.696;13.9913
275;2.69742e+06;6592.24;1441.96;575.706;18.1132
276;2.69489e+06;8529.53;1866.28;745.28;23.4484
277;2.69161e+06;11034.1;2415.24;964.755;30.3537
278;2.68737e+06;14270.5;3125.26;1248.79;39.2901
279;2.68189e+06;18450.5;4043.36;1616.32;50.8535
280;2.67482e+06;23845;5230.05;2091.82;65.814
281;2.66569e+06;30800.7;6763.16;2706.87;85.1651
282;2.65394e+06;39758.2;8742.56;3502.22;110.189
283;2.63881e+06;51275.6;11296.1;4530.34;142.536
284;2.61937e+06;66054.5;14586.8;5858.77;184.332
285;2.59445e+06;84968.5;18821.8;7574.18;238.303
286;2.5626e+06;109093;24262.4;9787.62;307.944
287;2.52205e+06;139727;31235.9;12640.9;397.715
288;2.47067e+06;178407;40148.1;16314.2;513.287
289;2.40597e+06;226888;51495.3;21035.6;661.835
290;2.32515e+06;287080;65873;27091.5;852.368
291;2.22524e+06;360899;83978.2;34838.1;1096.1
292;2.10333e+06;450007;106597;44714;1406.82
293;1.95704e+06;555390;134573;57249.8;1801.23
294;1.78518e+06;676766;168734;73075.6;2299.15
295;1.58857e+06;811848;209785;92918.7;2923.46
296;1.37101e+06;955613;258135;117589;3699.66
297;1.13991e+06;1.09986e+06;313688;147946;4654.76
298;906319;1.23346e+06;375615;184836;5815.41
299;683840;1.34382e+06;442175;229008;7205.18
300;486125;1.41938e+06;510692;281008;8841.23
301;323697;1.45279e+06;577767;341065;10730.8
302;201250;1.44318e+06;639743;409011;12868.5
303;116889;1.39635e+06;693327;484244;15235.6
304;63739.8;1.32257e+06;736155;565780;17800.9
305;32937.9;1.23315e+06;767081;652351;20524.7
306;16335.3;1.13766e+06;786128;742560;23362.9
307;7888.01;1.0427e+06;794184;835009;26271.5
308;3762.7;952041;792631;928405;29210
309;1796.55;867467;783025;1.02162e+06;32142.8
310;868.15;789543;766897;1.1137e+06;35039.9
311;428.281;718213;745642;1.20389e+06;37877.5
312;217.072;653139;720481;1.29158e+06;40636.3
313;113.527;593872;692457;1.37631e+06;43302.1
314;61.4282;539941;662445;1.45774e+06;45864.2
315;34.4339;490887;631171;1.53564e+06;48315.3
316;20.0032;446280;599232;1.60987e+06;50650.6
317;12.0373;405721;567112;1.68034e+06;52867.7
318;7.4969;368846;535201;1.74703e+06;54966.1
319;4.8261;335320;503809;1.80997e+06;56946.3
320;3.20641;304841;473178;1.86922e+06;58810.4
321;2.19503;277132;443492;1.92486e+06;60561.2
322;1.54567;251942;414887;1.97702e+06;62202.1
323;1.11764;229041;387463;2.02581e+06;63737.2
324;0.828426;208221;361284;2.07137e+06;65170.8
325;0.628431;189294;336387;2.11386e+06;66507.5
326;0.487101;172087;312790;2.15342e+06;67752.2
327;0.385192;156445;290491;2.1902e+06;68909.5
328;0.310316;142224;269476;2.22437e+06;69984.3
329;0.254336;129296;249716;2.25606e+06;70981.4
330;0.211803;117543;231179;2.28542e+06;71905.3
331;0.179;106858;213821;2.31261e+06;72760.7
332;0.153351;97144.9;197598;2.33775e+06;73551.8
333;0.133038;88314.4;182460;2.36099e+06;74282.9
334;0.116762;80286.6;168355;2.38245e+06;74958
335;0.103578;72988.6;155232;2.40225e+06;75580.9
336;0.0927911;66354;143037;2.4205e+06;76155.3
337;0.0838851;60322.4;131718;2.43732e+06;76684.5
338;0.0764696;54839.1;121224;2.45281e+06;77171.9
339;0.070247;49854.2;111505;2.46707e+06;77620.4
340;0.0649881;45322.5;102511;2.48018e+06;78033
341;0.0605147;41202.7;94196;2.49224e+06;78412.3
342;0.0566865;37457.4;86515.4;2.50332e+06;78760.8
343;0.0533925;34052.5;79425.9;2.51349e+06;79080.9
344;0.0505437;30957.1;72886.9;2.52283e+06;79374.8
345;0.0480687;28143.1;66859.7;2.5314e+06;79644.5
346;0.0459094;25584.9;61307.9;2.53927e+06;79891.9
347;0.0440181;23259.2;56196.9;2.54648e+06;80118.7
348;0.0423557;21145;51494.5;2.55308e+06;80326.6
349;0.0408899;19222.9;47170.3;2.55914e+06;80517.1
350;0.0395935;17475.5;43195.9;2.56469e+06;80691.7
351;0.0384439;15887;39544.7;2.56977e+06;80851.5
352;0.037422;14442.9;36192.1;2.57442e+06;80997.8
353;0.0365115;13130;33114.9;2.57867e+06;81131.7
354;0.0356987;11936.5;30291.5;2.58257e+06;81254.3
355;0.0349717;10851.5;27702.2;2.58613e+06;81366.3
356;0.0343203;9865.08;25328.3;2.58939e+06;81468.8
357;0.0337358;8968.35;23152.7;2.59237e+06;81562.5
358;0.0332107;8153.13;21159.5;2.59509e+06;81648.2
359;0.0327381;7412.01;19334;2.59758e+06;81726.5
360;0.0323125;6738.26;17662.5;2.59985e+06;81798
361;0.0319287;6125.75;16132.6;2.60193e+06;81863.4
362;0.0315824;5568.92;14732.5;2.60383e+06;81923.1
363;0.0312695;5062.7;13451.7;2.60556e+06;81977.6
364;0.0309866;4602.5;12280.2;2.60714e+06;82027.4
365;0.0307307;4184.14;11209;2.60858e+06;82072.8
366;0.030499;3803.8;10229.7;2.6099e+06;82114.3
367;0.0302892;3458.03;9334.57;2.61111e+06;82152.1
368;0.0300991;3143.7;8516.62;2.6122e+06;82186.7
369;0.0299267;2857.94;7769.32;2.6132e+06;82218.2
370;0.0297703;2598.15;7086.69;2.61412e+06;82246.9
371;0.0296284;2361.98;6463.25;2.61495e+06;82273.1
372;0.0294996;2147.28;5893.96;2.61571e+06;82297.1
373;0.0293827;1952.09;5374.21;2.6164e+06;82318.9
374;0.0292765;1774.64;4899.76;2.61704e+06;82338.7
375;0.02918;1613.33;4466.74;2.61761e+06;82356.9
376;0.0290923;1466.68;4071.57;2.61814e+06;82373.4
377;0.0290126;1333.36;3711.01;2.61862e+06;82388.5
378;0.0289402;1212.15;3382.07;2.61905e+06;82402.2
379;0.0288744;1101.97;3082.01;2.61945e+06;82414.7
380;0.0288145;1001.8;2808.33;2.61981e+06;82426.1
381;0.0287601;910.737;2558.74;2.62014e+06;82436.5
382;0.0287106;827.951;2331.15;2.62044e+06;82446
383;0.0286656;752.69;2123.64;2.62072e+06;82454.6
384;0.0286247;684.271;1934.47;2.62097e+06;82462.5
385;0.0285874;622.07;1762.02;2.6212e+06;82469.6
386;0.0285535;565.524;1604.83;2.6214e+06;82476.1
387;0.0285227;514.118;1461.57;2.62159e+06;82482.1
388;0.0284947;467.385;1331.01;2.62176e+06;82487.5
389;0.0284692;424.9;1212.05;2.62192e+06;82492.4
390;0.0284459;386.276;1103.65;2.62206e+06;82496.9
391;0.0284248;351.164;1004.89;2.62219e+06;82501
392;0.0284056;319.243;914.917;2.62231e+06;82504.7
393;0.0283881;290.224;832.957;2.62242e+06;82508.1
394;0.0283722;263.842;758.301;2.62252e+06;82511.2
395;0.0283578;239.859;690.302;2.62261e+06;82514
396;0.0283446;218.056;628.372;2.62269e+06;82516.5
397;0.0283326;198.235;571.971;2.62276e+06;82518.8
398;0.0283217;180.215;520.611;2.62283e+06;82521
399;0.0283118;163.834;473.842;2.62289e+06;82522.9
400;0.0283028;148.941;431.258;2.62295e+06;82524.6
401;0.0282946;135.402;392.485;2.623e+06;82526.2
402;0.0282871;123.094;357.185;2.62304e+06;82527.7
403;0.0282803;111.905;325.047;2.62308e+06;82529
404;0.0282741;101.733;295.791;2.62312e+06;82530.2
405;0.0282685;92.4854;269.159;2.62316e+06;82531.3
406;0.0282634;84.0785;244.917;2.62319e+06;82532.3
407;0.0282587;76.4358;222.852;2.62322e+06;82533.2
408;0.0282545;69.4878;202.768;2.62324e+06;82534
409;0.0282506;63.1713;184.488;2.62327e+06;82534.8
410;0.0282471;57.4291;167.852;2.62329e+06;82535.5
411;0.0282439;52.2088;152.712;2.62331e+06;82536.1
412;0.028241;47.463;138.934;2.62333e+06;82536.6
413;0.0282384;43.1486;126.396;2.62334e+06;82537.2
414;0.028236;39.2264;114.986;2.62336e+06;82537.6
415;0.0282338;35.6607;104.604;2.62337e+06;82538.1
416;0.0282318;32.4192;95.157;2.62338e+06;82538.4
417;0.02823;29.4723;86.5613;2.6234e+06;82538.8
418;0.0282284;26.7932;78.7405;2.62341e+06;82539.1
419;0.0282269;24.3577;71.6248;2.62341e+06;82539.4
420;0.0282255;22.1436;65.1508;2.62342e+06;82539.7
421;0.0282243;20.1308;59.2609;2.62343e+06;82539.9
422;0.0282232;18.3009;53.9024;2.62344e+06;82540.1
423;0.0282221;16.6373;49.0276;2.62344e+06;82540.3
424;0.0282212;15.125;44.5929;2.62345e+06;82540.5
425;0.0282203;13.7501;40.5586;2.62345e+06;82540.7
426;0.0282196;12.5002;36.8887;2.62346e+06;82540.8
427;0.0282189;11.364;33.5504;2.62346e+06;82541
428;0.0282182;10.331;30.5137;2.62347e+06;82541.1
429;0.0282177;9.3919;27.7515;2.62347e+06;82541.2
430;0.0282171;8.53818;25.239;2.62347e+06;82541.3
431;0.0282167;7.76206;22.9536;2.62348e+06;82541.4
432;0.0282162;7.05649;20.8749;2.62348e+06;82541.5
433;0.0282158;6.41506;18.9842;2.62348e+06;82541.6
434;0.0282155;5.83193;17.2646;2.62349e+06;82541.6
435;0.0282151;5.30181;15.7005;2.62349e+06;82541.7
436;0.0282148;4.81987;14.278;2.62349e+06;82541.7
437;0.0282146;4.38175;12.9842;2.62349e+06;82541.8
438;0.0282143;3.98345;11.8075;2.62349e+06;82541.9
439;0.0282141;3.62135;10.7373;2.62349e+06;82541.9
440;0.0282139;3.29217;9.76407;2.62349e+06;82541.9
441;0.0282137;2.99291;8.87895;2.6235e+06;82542
442;0.0282135;2.72086;8.07399;2.6235e+06;82542
443;0.0282134;2.47353;7.34194;2.6235e+06;82542
444;0.0282132;2.24869;6.67621;2.6235e+06;82542.1
445;0.0282131;2.04428;6.07079;2.6235e+06;82542.1
446;0.028213;1.85846;5.52023;2.6235e+06;82542.1
447;0.0282129;1.68952;5.01956;2.6235e+06;82542.1
448;0.0282128;1.53595;4.56426;2.6235e+06;82542.1
449;0.0282127;1.39633;4.15024;2.6235e+06;82542.2
450;0.0282126;1.2694;3.77374;2.6235e+06;82542.2
451;0.0282126;1.15401;3.43137;2.6235e+06;82542.2
452;0.0282125;1.04911;3.12005;2.6235e+06;82542.2
453;0.0282124;0.953749;2.83695;2.6235e+06;82542.2
454;0.0282124;0.867053;2.57952;2.6235e+06;82542.2
455;0.0282123;0.788238;2.34544;2.6235e+06;82542.2
456;0.0282123;0.716587;2.13259;2.6235e+06;82542.2
457;0.0282123;0.65145;1.93905;2.62351e+06;82542.3
458;0.0282122;0.592233;1.76306;2.62351e+06;82542.3
459;0.0282122;0.538399;1.60303;2.62351e+06;82542.3
460;0.0282122;0.489459;1.45752;2.62351e+06;82542.3
461;0.0282121;0.444967;1.32522;2.62351e+06;82542.3
462;0.0282121;0.404519;1.20492;2.62351e+06;82542.3
463;0.0282121;0.367749;1.09553;2.62351e+06;82542.3
464;0.0282121;0.33432;0.996071;2.62351e+06;82542.3
465;0.028212;0.303931;0.905638;2.62351e+06;82542.3
466;0.028212;0.276303;0.823411;2.62351e+06;82542.3
467;0.028212;0.251187;0.748647;2.62351e+06;82542.3
468;0.028212;0.228354;0.680669;2.62351e+06;82542.3
469;0.028212;0.207597;0.618862;2.62351e+06;82542.3
470;0.028212;0.188726;0.562664;2.62351e+06;82542.3
471;0.028212;0.171571;0.511568;2.62351e+06;82542.3
472;0.0282119;0.155975;0.465111;2.62351e+06;82542.3
