133;3.17021e+06;1.7647;0.8787;0.1176;0.0037
134;3.1702e+06;3.15493;0.932525;0.220935;0.00695119
135;3.1702e+06;4.51377;1.10619;0.3306;0.0104015
136;3.1702e+06;6.05557;1.38231;0.460688;0.0144944
137;3.1702e+06;7.94448;1.76509;0.623248;0.019609
138;3.1702e+06;10.3372;2.27314;0.830823;0.0261398
139;3.17019e+06;13.4089;2.93705;1.09814;0.0345504
140;3.17019e+06;17.373;3.79966;1.44354;0.0454175
141;3.17018e+06;22.499;4.91797;1.89038;0.0594763
142;3.17017e+06;29.1325;6.36658;2.46873;0.0776728
143;3.17016e+06;37.7194;8.24246;3.21744;0.101229
144;3.17015e+06;48.8359;10.6713;4.18676;0.131726
145;3.17013e+06;63.2281;13.8161;5.44171;0.17121
146;3.1701e+06;81.8613;17.8876;7.06648;0.22233
147;3.17007e+06;105.985;23.1591;9.17007;0.288514
148;3.17003e+06;137.218;29.9839;11.8936;0.374203
149;3.16998e+06;177.655;38.82;15.4197;0.485143
150;3.16991e+06;230.007;50.26;19.9849;0.628777
151;3.16982e+06;297.784;65.0711;25.8955;0.814739
152;3.1697e+06;385.533;84.2465;33.5478;1.0555
153;3.16956e+06;499.134;109.072;43.4552;1.36721
154;3.16936e+06;646.203;141.213;56.2822;1.77078
155;3.16911e+06;836.596;182.824;72.8888;2.29327
156;3.16879e+06;1083.07;236.694;94.3889;2.96972
157;3.16837e+06;1402.12;306.434;122.224;3.84549
158;3.16783e+06;1815.12;396.716;158.261;4.97929
159;3.16713e+06;2349.69;513.589;204.915;6.44714
160;3.16623e+06;3041.55;664.878;265.313;8.34742
161;3.16506e+06;3936.91;860.705;343.502;10.8075
162;3.16354e+06;5095.47;1114.17;444.721;13.9921
163;3.16158e+06;6594.33;1442.2;575.747;18.1145
164;3.15904e+06;8533.03;1866.68;745.35;23.4506
165;3.15576e+06;11039.9;2415.91;964.872;30.3574
166;3.15151e+06;14280.4;3126.39;1248.98;39.2962
167;3.14603e+06;18466.9;4045.24;1616.65;50.8638
168;3.13895e+06;23872.6;5233.2;2092.37;65.8312
169;3.1298e+06;30846.7;6768.43;2707.79;85.1941
170;3.11801e+06;39835;8751.38;3503.76;110.237
171;3.10282e+06;51403.7;11310.8;4532.92;142.617
172;3.08328e+06;66267.9;14611.4;5863.07;184.467
173;3.0582e+06;85323.3;18862.8;7581.38;238.53
174;3.02609e+06;109681;24330.6;9799.64;308.322
175;2.9851e+06;140699;31349.3;12660.9;398.345
176;2.933e+06;180008;40336.2;16347.6;514.338
177;2.86714e+06;229511;51806.1;21091.1;663.582
178;2.78444e+06;291346;66383.7;27183.4;855.261
179;2.68152e+06;367782;84814.7;34990.1;1100.88
180;2.55488e+06;460995;107958;44964.4;1414.69
181;2.40127e+06;572693;136767;57660.2;1814.14
182;2.21836e+06;703551;172234;73743.9;2320.17
183;2.00552e+06;852436;215295;93998.7;2957.44
184;1.76495e+06;1.01552e+06;266666;119317;3754.03
185;1.50265e+06;1.18551e+06;326631;150677;4740.7
186;1.22903e+06;1.35136e+06;394773;189089;5949.23
187;958445;1.49911e+06;469725;235514;7409.89
188;707251;1.61404e+06;549017;290754;9147.87
189;490484;1.68409e+06;629137;355318;11179.2
190;318105;1.70338e+06;705906;429305;13507
191;192573;1.67408e+06;775117;512319;16118.9
192;109060;1.60542e+06;833269;603473;18986.8
193;58169;1.51038e+06;878126;701466;22069.9
194;29536.3;1.40171e+06;908903;804733;25319
195;14472.5;1.28936e+06;926069;911620;28681.9
196;6943.89;1.17969e+06;930939;1.02053e+06;32108.4
197;3308.72;1.07609e+06;925250;1.13e+06;35552.9
198;1585.28;979997;910834;1.23881e+06;38976.3
199;771.516;891729;889431;1.34593e+06;42346.4
200;384.368;811058;862602;1.45053e+06;45637.3
201;197.112;737520;831693;1.55197e+06;48828.9
202;104.43;670572;797849;1.64977e+06;51906.2
203;57.2785;609664;762025;1.7436e+06;54858.2
204;32.5544;554270;725010;1.83322e+06;57677.7
205;19.1728;503901;687449;1.91848e+06;60360.2
206;11.6936;458104;649866;1.99932e+06;62903.8
207;7.37787;416466;612679;2.07574e+06;65308.3
208;4.80876;378612;576218;2.1478e+06;67575.2
209;3.23276;344198;540739;2.21556e+06;69707.2
210;2.23782;312911;506435;2.27915e+06;71708
211;1.59237;284468;473448;2.33871e+06;73581.8
212;1.16274;258610;441877;2.39438e+06;75333.5
213;0.869782;235103;411785;2.44635e+06;76968.5
214;0.665451;213732;383206;2.49477e+06;78492.1
215;0.5199;194304;356151;2.53984e+06;79909.9
216;0.414165;176642;330613;2.58172e+06;81227.7
217;0.33594;160585;306566;2.6206e+06;82451
218;0.277082;145988;283977;2.65666e+06;83585.2
219;0.232096;132718;262801;2.69005e+06;84636
220;0.197212;120654;242987;2.72096e+06;85608.3
221;0.169798;109687;224480;2.74953e+06;86507.4
222;0.147985;99716.1;207221;2.77593e+06;87338
223;0.130432;90651.9;191149;2.8003e+06;88104.7
224;0.116157;82411.6;176203;2.82278e+06;88811.9
225;0.104435;74920.4;162321;2.8435e+06;89463.9
226;0.0947252;68110.2;149442;2.86259e+06;90064.5
227;0.086615;61919;137506;2.88016e+06;90617.4
228;0.0797902;56290.5;126455;2.89633e+06;91126.2
229;0.0740076;51173.7;116233;2.91121e+06;91594.1
230;0.0690768;46522;106785;2.92487e+06;92024.1
231;0.064848;42293.2;98061.1;2.93743e+06;92419.2
232;0.061202;38448.8;90010.7;2.94896e+06;92782
233;0.0580431;34953.8;82587.4;2.95955e+06;93115.1
234;0.055294;31776.5;75746.8;2.96926e+06;93420.7
235;0.0528918;28888;69447.2;2.97817e+06;93700.9
236;0.0507849;26262.1;63649.2;2.98634e+06;93957.9
237;0.0489306;23874.9;58315.8;2.99382e+06;94193.4
238;0.0472937;21704.6;53412.3;3.00068e+06;94409.1
239;0.0458444;19731.7;48906.3;3.00696e+06;94606.8
240;0.044558;17938.1;44767.6;3.01271e+06;94787.7
241;0.0434134;16307.5;40967.9;3.01798e+06;94953.4
242;0.0423928;14825.2;37480.8;3.0228e+06;95104.9
243;0.041481;13477.5;34282;3.0272e+06;95243.6
244;0.0406649;12252.4;31348.7;3.03123e+06;95370.5
245;0.0399333;11138.7;28659.9;3.03492e+06;95486.5
246;0.0392764;10126.2;26195.9;3.03829e+06;95592.5
247;0.0386859;9205.72;23938.8;3.04137e+06;95689.4
248;0.0381543;8368.92;21871.8;3.04419e+06;95778
249;0.0376754;7608.18;19979.5;3.04676e+06;95858.9
250;0.0372433;6916.6;18247.6;3.04911e+06;95932.8
251;0.0368532;6287.88;16662.9;3.05125e+06;96000.4
252;0.0365007;5716.31;15213.2;3.05321e+06;96062
253;0.0361819;5196.7;13887.5;3.055e+06;96118.3
254;0.0358935;4724.32;12675.3;3.05664e+06;96169.7
255;0.0356323;4294.88;11567.2;3.05813e+06;96216.6
256;0.0353957;3904.48;10554.5;3.05949e+06;96259.4
257;0.0351812;3549.56;9629.19;3.06073e+06;96298.4
258;0.0349868;3226.9;8783.82;3.06186e+06;96334.1
259;0.0348103;2933.58;8011.67;3.06289e+06;96366.6
260;0.0346502;2666.92;7306.52;3.06384e+06;96396.2
261;0.0345049;2424.49;6662.66;3.0647e+06;96423.2
262;0.0343729;2204.11;6074.87;3.06548e+06;96447.9
263;0.034253;2003.75;5538.34;3.06619e+06;96470.4
264;0.0341441;1821.61;5048.68;3.06684e+06;96490.9
265;0.0340451;1656.03;4601.86;3.06744e+06;96509.5
266;0.0339552;1505.5;4194.19;3.06798e+06;96526.6
267;0.0338734;1368.65;3822.28;3.06847e+06;96542.1
268;0.0337991;1244.24;3483.05;3.06892e+06;96556.2
269;0.0337315;1131.14;3173.66;3.06933e+06;96569.1
270;0.0336701;1028.32;2891.51;3.06971e+06;96580.9
271;0.0336142;934.842;2634.25;3.07005e+06;96591.6
272;0.0335633;849.865;2399.69;3.07036e+06;96601.3
273;0.0335171;772.612;2185.86;3.07064e+06;96610.2
274;0.033475;702.381;1990.94;3.07089e+06;96618.3
275;0.0334367;638.535;1813.29;3.07113e+06;96625.6
276;0.0334019;580.492;1651.38;3.07134e+06;96632.4
277;0.0333703;527.726;1503.83;3.07154e+06;96638.5
278;0.0333415;479.755;1369.39;3.07171e+06;96644
279;0.0333152;436.146;1246.89;3.07187e+06;96649.1
280;0.0332914;396.5;1135.29;3.07202e+06;96653.7
281;0.0332697;360.458;1033.62;3.07215e+06;96657.9
282;0.0332499;327.693;941.009;3.07228e+06;96661.7
283;0.033232;297.905;856.651;3.07239e+06;96665.2
284;0.0332156;270.826;779.819;3.07249e+06;96668.4
285;0.0332008;246.208;709.845;3.07258e+06;96671.3
286;0.0331872;223.827;646.121;3.07266e+06;96673.9
287;0.0331749;203.482;588.093;3.07274e+06;96676.3
288;0.0331637;184.985;535.254;3.07281e+06;96678.5
289;0.0331535;168.17;487.142;3.07287e+06;96680.4
290;0.0331443;152.883;443.339;3.07293e+06;96682.2
291;0.0331358;138.986;403.459;3.07298e+06;96683.9
292;0.0331281;126.352;367.153;3.07303e+06;96685.4
293;0.0331212;114.867;334.103;3.07307e+06;96686.7
294;0.0331148;104.426;304.018;3.07311e+06;96688
295;0.033109;94.9333;276.633;3.07315e+06;96689.1
296;0.0331038;86.3038;251.706;3.07318e+06;96690.1
297;0.033099;78.4588;229.019;3.07321e+06;96691.1
298;0.0330946;71.3269;208.371;3.07323e+06;96691.9
299;0.0330907;64.8433;189.579;3.07326e+06;96692.7
300;0.0330871;58.9491;172.478;3.07328e+06;96693.4
301;0.0330838;53.5906;156.915;3.0733e+06;96694
302;0.0330808;48.7192;142.752;3.07332e+06;96694.6
303;0.0330781;44.2906;129.865;3.07334e+06;96695.1
304;0.0330756;40.2646;118.138;3.07335e+06;96695.6
305;0.0330734;36.6046;107.468;3.07337e+06;96696
306;0.0330714;33.2772;97.7597;3.07338e+06;96696.4
307;0.0330695;30.2523;88.9264;3.07339e+06;96696.8
308;0.0330678;27.5024;80.8895;3.0734e+06;96697.1
309;0.0330663;25.0024;73.5776;3.07341e+06;96697.4
310;0.0330649;22.7297;66.9254;3.07342e+06;96697.7
311;0.0330636;20.6636;60.8734;3.07343e+06;96697.9
312;0.0330625;18.7853;55.3678;3.07343e+06;96698.2
313;0.0330614;17.0777;50.3593;3.07344e+06;96698.4
314;0.0330604;15.5253;45.8031;3.07345e+06;96698.6
315;0.0330596;14.1141;41.6584;3.07345e+06;96698.7
316;0.0330588;12.8311;37.8882;3.07346e+06;96698.9
317;0.0330581;11.6648;34.4587;3.07346e+06;96699
318;0.0330574;10.6044;31.3392;3.07346e+06;96699.1
319;0.0330568;9.64048;28.5017;3.07347e+06;96699.3
320;0.0330563;8.76416;25.9208;3.07347e+06;96699.4
321;0.0330558;7.9675;23.5732;3.07347e+06;96699.5
322;0.0330553;7.24326;21.438;3.07348e+06;96699.6
323;0.0330549;6.58485;19.496;3.07348e+06;96699.6
324;0.0330546;5.98628;17.7297;3.07348e+06;96699.7
325;0.0330542;5.44213;16.1233;3.07348e+06;96699.8
326;0.0330539;4.94744;14.6622;3.07349e+06;96699.8
327;0.0330536;4.49772;13.3334;3.07349e+06;96699.9
328;0.0330534;4.08888;12.1249;3.07349e+06;96699.9
329;0.0330532;3.7172;11.0258;3.07349e+06;96700
330;0.0330529;3.3793;10.0263;3.07349e+06;96700
331;0.0330528;3.07213;9.11728;3.07349e+06;96700.1
332;0.0330526;2.79287;8.29061;3.07349e+06;96700.1
333;0.0330524;2.539;7.53883;3.0735e+06;96700.1
334;0.0330523;2.3082;6.85516;3.0735e+06;96700.1
335;0.0330522;2.09839;6.23345;3.0735e+06;96700.2
336;0.033052;1.90764;5.66807;3.0735e+06;96700.2
337;0.0330519;1.73424;5.15394;3.0735e+06;96700.2
338;0.0330518;1.5766;4.68641;3.0735e+06;96700.2
339;0.0330517;1.43328;4.26126;3.0735e+06;96700.3
340;0.0330517;1.303;3.87466;3.0735e+06;96700.3
341;0.0330516;1.18456;3.5231;3.0735e+06;96700.3
342;0.0330515;1.07688;3.20343;3.0735e+06;96700.3
343;0.0330515;0.978992;2.91274;3.0735e+06;96700.3
344;0.0330514;0.890002;2.64841;3.0735e+06;96700.3
345;0.0330514;0.809101;2.40806;3.0735e+06;96700.3
346;0.0330513;0.735554;2.18951;3.0735e+06;96700.3
347;0.0330513;0.668692;1.99079;3.0735e+06;96700.3
348;0.0330512;0.607908;1.81009;3.0735e+06;96700.4
349;0.0330512;0.552649;1.64578;3.0735e+06;96700.4
350;0.0330512;0.502413;1.49639;3.0735e+06;96700.4
351;0.0330511;0.456744;1.36054;3.0735e+06;96700.4
352;0.0330511;0.415226;1.23703;3.0735e+06;96700.4
353;0.0330511;0.377482;1.12472;3.0735e+06;96700.4
354;0.0330511;0.343169;1.0226;3.0735e+06;96700.4
355;0.033051;0.311975;0.929757;3.0735e+06;96700.4
356;0.033051;0.283616;0.845336;3.0735e+06;96700.4
357;0.033051;0.257836;0.768577;3.0735e+06;96700.4
358;0.033051;0.234398;0.698786;3.0735e+06;96700.4
359;0.033051;0.213092;0.63533;3.0735e+06;96700.4
360;0.033051;0.193722;0.577635;3.0735e+06;96700.4
361;0.033051;0.176112;0.525177;3.0735e+06;96700.4
362;0.0330509;0.160104;0.477481;3.0735e+06;96700.4
