219;622225;1.7647;0.8787;0.1176;0.0037
220;622224;3.15493;0.932525;0.220935;0.00695119
221;622222;4.51376;1.10619;0.3306;0.0104015
222;622220;6.05554;1.38231;0.460688;0.0144944
223;622218;7.94443;1.76509;0.623248;0.019609
224;622215;10.3371;2.27313;0.830822;0.0261398
225;622211;13.4088;2.93704;1.09814;0.0345504
226;622205;17.3728;3.79963;1.44354;0.0454175
227;622199;22.4986;4.91792;1.89038;0.0594761
228;622190;29.1317;6.3665;2.46872;0.0776724
229;622179;37.7179;8.24231;3.21742;0.101228
230;622164;48.8334;10.6711;4.18672;0.131725
231;622145;63.2238;13.8156;5.44164;0.171208
232;622121;81.854;17.8868;7.06636;0.222326
233;622089;105.973;23.1577;9.16985;0.288507
234;622049;137.197;29.9816;11.8932;0.374191
235;621996;177.62;38.8161;15.419;0.485123
236;621927;229.947;50.2533;19.9838;0.628742
237;621839;297.684;65.0598;25.8936;0.81468
238;621724;385.364;84.2276;33.5446;1.0554
239;621575;498.851;109.04;43.4498;1.36704
240;621383;645.727;141.159;56.2729;1.77049
241;621134;835.797;182.733;72.8733;2.29278
242;620812;1081.73;236.542;94.3627;2.9689
243;620396;1399.87;306.178;122.18;3.8441
244;619857;1811.35;396.287;158.187;4.97696
245;619161;2343.36;512.869;204.79;6.44322
246;618260;3030.95;663.669;265.103;8.34084
247;617096;3919.15;858.68;343.151;10.7964
248;615593;5065.73;1110.77;444.132;13.9735
249;613654;6544.57;1436.51;574.759;18.0834
250;611154;8449.8;1857.16;743.692;23.3985
251;607935;10900.8;2399.98;962.095;30.27
252;603797;14048;3099.74;1244.33;39.1499
253;598488;18079.4;4000.71;1608.86;50.619
254;591697;23227.2;5158.85;2079.35;65.4216
255;583039;29773.7;6644.43;2686.03;84.5093
256;572051;38055.6;8544.89;3467.41;109.094
257;558186;48461.7;10967.6;4472.29;140.71
258;540819;61422.8;14042.4;5762.09;181.29
259;519275;77383.9;17922.4;7413.48;233.247
260;492871;96753.8;22782.6;9521.15;299.56
261;461010;119820;28814;12200.4;383.856
262;423314;146624;36210.5;15588.9;490.468
263;379808;176802;45146.3;19847.3;624.447
264;331129;209409;55741.4;25156.5;791.488
265;278716;242787;68015.3;31711.7;997.731
266;224867;274567;81834.3;39710.3;1249.39
267;172574;301902;96866;49334;1552.17
268;125047;321986;112559;60725.4;1910.58
269;85006.4;332758;128174;73962.4;2327.05
270;53990.1;333527;142874;89035.6;2801.29
271;32014.7;325185;155861;105838;3329.93
272;17787.2;309853;166515;124167;3906.61
273;9334.35;290140;174482;143749;4522.72
274;4681.58;268419;179691;164268;5168.3
275;2275.83;246425;182294;185400;5833.16
276;1088.12;225213;182582;206838;6507.64
277;518.735;205311;180906;228309;7183.2
278;249.489;186917;177625;249584;7852.55
279;122.204;170054;173070;270472;8509.76
280;61.3911;154657;167534;290825;9150.12
281;31.7871;140628;161271;310528;9770
282;17.0169;127860;154492;329493;10366.7
283;9.43486;116245;147374;347661;10938.3
284;5.42098;105682;140064;364992;11483.6
285;3.22716;96077.8;132681;381464;12001.8
286;1.98896;87345.6;125320;397067;12492.8
287;1.26758;79406.6;118059;411805;12956.4
288;0.834157;72189;110956;425689;13393.3
289;0.565899;65627.2;104059;438737;13803.8
290;0.395108;59661.9;97402.4;450974;14188.8
291;0.28342;54238.7;91010.7;462429;14549.2
292;0.208517;49308.5;84901.4;473132;14886
293;0.15708;44826.4;79085;483116;15200.1
294;0.120968;40751.7;73566.7;492417;15492.7
295;0.0950854;37047.4;68347.4;501068;15764.9
296;0.0761758;33679.8;63424.5;509106;16017.8
297;0.0621121;30618.4;58792.6;516565;16252.5
298;0.0514782;27835.2;54444.3;523479;16470
299;0.0433138;25304.9;50370.4;529881;16671.4
300;0.0369561;23004.7;46560.7;535805;16857.8
301;0.0319404;20913.6;43004;541280;17030.1
302;0.0279354;19012.6;39688.7;546338;17189.2
303;0.0247018;17284.3;36602.7;551005;17336
304;0.0220642;15713.2;33733.9;555309;17471.5
305;0.0198924;14284.9;31070.3;559277;17596.3
306;0.0180886;12986.4;28600;562930;17711.2
307;0.0165785;11805.9;26311.3;566294;17817.1
308;0.015305;10732.8;24192.9;569388;17914.4
309;0.0142238;9757.15;22233.9;572233;18003.9
310;0.0133002;8870.22;20423.8;574848;18086.2
311;0.0125068;8063.92;18752.7;577250;18161.8
312;0.0118217;7330.91;17211;579455;18231.1
313;0.0112273;6664.53;15789.7;581479;18294.8
314;0.0107093;6058.73;14480.2;583336;18353.3
315;0.0102562;5507.99;13274.5;585039;18406.8
316;0.00985829;5007.31;12165;586600;18455.9
317;0.00950779;4552.15;11144.5;588030;18501
318;0.00919809;4138.36;10206.5;589341;18542.2
319;0.00892368;3762.18;9344.63;590541;18580
320;0.00867992;3420.2;8553.11;591640;18614.5
321;0.00846289;3109.3;7826.51;592646;18646.2
322;0.00826925;2826.67;7159.79;593566;18675.1
323;0.00809615;2569.72;6548.25;594408;18701.6
324;0.00794114;2336.14;5987.54;595178;18725.9
325;0.00780212;2123.78;5473.6;595883;18748
326;0.00767725;1930.73;5002.71;596526;18768.3
327;0.00756494;1755.23;4571.38;597115;18786.8
328;0.00746382;1595.68;4176.42;597652;18803.7
329;0.00737266;1450.63;3814.87;598143;18819.1
330;0.00729041;1318.77;3483.99;598592;18833.3
331;0.00721614;1198.89;3181.26;599002;18846.1
332;0.007149;1089.91;2904.35;599376;18857.9
333;0.00708828;990.84;2651.13;599717;18868.7
334;0.00703332;900.772;2419.61;600029;18878.5
335;0.00698355;818.892;2207.99;600314;18887.4
336;0.00693845;744.455;2014.6;600573;18895.6
337;0.00689757;676.784;1837.9;600810;18903
338;0.00686049;615.264;1676.48;601026;18909.8
339;0.00682686;559.337;1529.05;601224;18916
340;0.00679633;508.493;1394.42;601403;18921.7
341;0.00676861;462.271;1271.5;601567;18926.9
342;0.00674344;420.251;1159.29;601717;18931.6
343;0.00672057;382.05;1056.87;601853;18935.9
344;0.0066998;347.322;963.398;601978;18939.8
345;0.00668092;315.75;878.109;602091;18943.3
346;0.00666376;287.048;800.296;602194;18946.6
347;0.00664816;260.956;729.313;602288;18949.5
348;0.00663398;237.235;664.568;602374;18952.2
349;0.00662108;215.67;605.521;602452;18954.7
350;0.00660936;196.066;551.676;602523;18956.9
351;0.00659869;178.243;502.58;602588;18959
352;0.00658899;162.041;457.819;602647;18960.8
353;0.00658017;147.312;417.015;602701;18962.5
354;0.00657214;133.921;379.822;602750;18964.1
355;0.00656484;121.748;345.923;602795;18965.5
356;0.0065582;110.681;315.029;602836;18966.8
357;0.00655215;100.62;286.877;602873;18967.9
358;0.00654666;91.4735;261.225;602906;18969
359;0.00654165;83.1586;237.854;602937;18970
360;0.0065371;75.5995;216.561;602965;18970.8
361;0.00653296;68.7275;197.164;602990;18971.6
362;0.00652919;62.4802;179.496;603014;18972.4
363;0.00652577;56.8007;163.402;603035;18973
364;0.00652265;51.6375;148.745;603054;18973.6
365;0.00651981;46.9437;135.396;603071;18974.2
366;0.00651723;42.6765;123.239;603087;18974.7
367;0.00651488;38.7972;112.17;603102;18975.1
368;0.00651274;35.2706;102.09;603115;18975.6
369;0.0065108;32.0645;92.9128;603127;18975.9
370;0.00650903;29.1498;84.5572;603138;18976.3
371;0.00650742;26.5001;76.9501;603148;18976.6
372;0.00650595;24.0912;70.0249;603157;18976.9
373;0.00650462;21.9013;63.7208;603165;18977.1
374;0.00650341;19.9105;57.9823;603173;18977.4
375;0.0065023;18.1006;52.7589;603180;18977.6
376;0.0065013;16.4553;48.0046;603186;18977.8
377;0.00650039;14.9595;43.6774;603191;18978
378;0.00649956;13.5997;39.7392;603197;18978.1
379;0.0064988;12.3635;36.155;603201;18978.3
380;0.00649811;11.2396;32.8933;603205;18978.4
381;0.00649749;10.218;29.925;603209;18978.5
382;0.00649692;9.28915;27.2239;603213;18978.6
383;0.0064964;8.44476;24.766;603216;18978.7
384;0.00649593;7.67714;22.5295;603219;18978.8
385;0.0064955;6.97928;20.4946;603222;18978.9
386;0.00649512;6.34487;18.643;603224;18979
387;0.00649476;5.76812;16.9583;603226;18979.1
388;0.00649444;5.2438;15.4256;603228;18979.1
389;0.00649415;4.76714;14.0311;603230;18979.2
390;0.00649388;4.3338;12.7625;603232;18979.2
391;0.00649364;3.93986;11.6084;603233;18979.3
392;0.00649342;3.58173;10.5584;603235;18979.3
393;0.00649322;3.25615;9.60324;603236;18979.4
394;0.00649303;2.96017;8.73435;603237;18979.4
395;0.00649287;2.69109;7.94395;603238;18979.4
396;0.00649272;2.44647;7.22497;603239;18979.5
397;0.00649258;2.22408;6.57097;603240;18979.5
398;0.00649245;2.02191;5.97608;603240;18979.5
399;0.00649234;1.83812;5.43497;603241;18979.5
400;0.00649224;1.67104;4.94279;603242;18979.5
401;0.00649214;1.51914;4.49513;603242;18979.6
402;0.00649206;1.38105;4.08796;603243;18979.6
403;0.00649198;1.25551;3.71763;603243;18979.6
404;0.00649191;1.14139;3.38081;603244;18979.6
405;0.00649185;1.03764;3.07447;603244;18979.6
406;0.00649179;0.943314;2.79586;603245;18979.6
407;0.00649174;0.857567;2.54247;603245;18979.6
408;0.00649169;0.779614;2.31202;603245;18979.7
409;0.00649164;0.708747;2.10244;603246;18979.7
410;0.0064916;0.644322;1.91184;603246;18979.7
411;0.00649157;0.585753;1.7385;603246;18979.7
412;0.00649153;0.532508;1.58086;603246;18979.7
413;0.0064915;0.484103;1.43751;603246;18979.7
414;0.00649148;0.440098;1.30715;603247;18979.7
415;0.00649145;0.400093;1.18859;603247;18979.7
416;0.00649143;0.363725;1.08079;603247;18979.7
417;0.00649141;0.330662;0.982749;603247;18979.7
418;0.00649139;0.300605;0.893599;603247;18979.7
419;0.00649137;0.27328;0.81253;603247;18979.7
420;0.00649136;0.248439;0.738811;603247;18979.7
421;0.00649134;0.225856;0.671777;603247;18979.7
422;0.00649133;0.205326;0.61082;603247;18979.7
423;0.00649132;0.186662;0.555392;603248;18979.7
424;0.00649131;0.169694;0.504991;603248;18979.7
425;0.0064913;0.154269;0.45916;603248;18979.7
