219;3.60291e+07;1.7647;0.8787;0.1176;0.0037
220;3.60291e+07;3.15493;0.932525;0.220935;0.00695119
221;3.60291e+07;4.51377;1.10619;0.3306;0.0104015
222;3.60291e+07;6.05557;1.38231;0.460688;0.0144944
223;3.60291e+07;7.94449;1.76509;0.623248;0.019609
224;3.60291e+07;10.3372;2.27314;0.830823;0.0261398
225;3.60291e+07;13.4089;2.93706;1.09814;0.0345505
226;3.60291e+07;17.3731;3.79967;1.44354;0.0454176
227;3.60291e+07;22.4991;4.91798;1.89038;0.0594763
228;3.60291e+07;29.1327;6.3666;2.46874;0.0776729
229;3.60291e+07;37.7197;8.2425;3.21745;0.101229
230;3.60291e+07;48.8365;10.6714;4.18677;0.131727
231;3.60291e+07;63.229;13.8162;5.44172;0.171211
232;3.6029e+07;81.8629;17.8878;7.06651;0.222331
233;3.6029e+07;105.988;23.1594;9.17012;0.288516
234;3.6029e+07;137.223;29.9844;11.8937;0.374205
235;3.60289e+07;177.663;38.8209;15.4198;0.485148
236;3.60288e+07;230.02;50.2615;19.9852;0.628785
237;3.60287e+07;297.807;65.0736;25.8959;0.814752
238;3.60286e+07;385.57;84.2508;33.5486;1.05552
239;3.60285e+07;499.197;109.079;43.4565;1.36725
240;3.60283e+07;646.309;141.225;56.2842;1.77085
241;3.6028e+07;836.774;182.844;72.8923;2.29338
242;3.60277e+07;1083.37;236.728;94.3947;2.9699
243;3.60273e+07;1402.63;306.491;122.234;3.8458
244;3.60268e+07;1815.96;396.812;158.277;4.97981
245;3.60261e+07;2351.1;513.75;204.942;6.44802
246;3.60252e+07;3043.92;665.147;265.359;8.34889
247;3.6024e+07;3940.89;861.157;343.581;10.8099
248;3.60225e+07;5102.13;1114.93;444.853;13.9962
249;3.60205e+07;6605.49;1443.47;575.968;18.1214
250;3.60179e+07;8551.73;1868.81;745.72;23.4623
251;3.60147e+07;11071.2;2419.48;965.492;30.3769
252;3.60104e+07;14332.8;3132.37;1250.02;39.329
253;3.60049e+07;18554.8;4055.27;1618.39;50.9187
254;3.59977e+07;24019.7;5249.99;2095.29;65.9232
255;3.59885e+07;31092.9;6796.56;2712.69;85.3482
256;3.59765e+07;40246.9;8798.48;3511.96;110.495
257;3.5961e+07;52092.5;11389.7;4546.67;143.05
258;3.59409e+07;67418.7;14743.3;5886.09;185.192
259;3.5915e+07;87244.2;19083.3;7619.9;239.742
260;3.58814e+07;112884;24699;9864.1;310.35
261;3.5838e+07;146030;31964.1;12768.7;401.736
262;3.57819e+07;188865;41361;16527.7;520.004
263;3.57094e+07;244187;53511.7;21391.7;673.039
264;3.56158e+07;315586;69217.3;27684.7;871.033
265;3.5495e+07;407648;89508;35824.7;1127.14
266;3.53394e+07;526211;115706;46350.8;1458.32
267;3.51391e+07;678664;149503;59957.8;1886.43
268;3.48818e+07;874298;193059;77539.4;2439.59
269;3.45519e+07;1.12469e+06;249115;100243;3153.91
270;3.41303e+07;1.44408e+06;321131;129539;4075.64
271;3.35934e+07;1.84971e+06;413445;167304;5263.82
272;3.2913e+07;2.36195e+06;531433;215925;6793.57
273;3.20562e+07;3.00412e+06;681671;278422;8759.87
274;3.09856e+07;3.8016e+06;872059;358586;11282.1
275;2.96617e+07;4.77995e+06;1.11184e+06;461141;14508.7
276;2.80457e+07;5.96141e+06;1.41147e+06;591893;18622.5
277;2.61058e+07;7.35943e+06;1.78215e+06;757883;23845
278;2.38256e+07;8.97073e+06;2.23495e+06;967464;30438.9
279;2.12152e+07;1.07656e+07;2.77929e+06;1.23029e+06;38708.2
280;1.83241e+07;1.26781e+07;3.42076e+06;1.55714e+06;48991.6
281;1.52498e+07;1.46e+07;4.15826e+06;1.95942e+06;61648.4
282;1.21385e+07;1.63842e+07;4.98101e+06;2.44843e+06;77034
283;9.17075e+06;1.78626e+07;5.86613e+06;3.0342e+06;95463.7
284;6.52879e+06;1.88808e+07;6.77828e+06;3.72406e+06;117168
285;4.35417e+06;1.93392e+07;7.67234e+06;4.52118e+06;142248
286;2.71143e+06;1.9224e+07;8.49962e+06;5.42345e+06;170636
287;1.57727e+06;1.86107e+07;9.21608e+06;6.42301e+06;202084
288;861270;1.7635e+07;9.78988e+06;7.50682e+06;236184
289;445560;1.64477e+07;1.02054e+07;8.65811e+06;272406
290;221147;1.5177e+07;1.04626e+07;9.85826e+06;310166
291;106835;1.39117e+07;1.0573e+07;1.10887e+07;348878
292;50968;1.2703e+07;1.05551e+07;1.2332e+07;387998
293;24331.3;1.15749e+07;1.04295e+07;1.35733e+07;427052
294;11753;1.05354e+07;1.02165e+07;1.47998e+07;465641
295;5794.74;9.58365e+06;9.93494e+06;1.60013e+07;503442
296;2934.99;8.71536e+06;9.60099e+06;1.71697e+07;540202
297;1533.79;7.92453e+06;9.22862e+06;1.82987e+07;575725
298;829.236;7.2049e+06;8.82953e+06;1.9384e+07;609871
299;464.443;6.55034e+06;8.41343e+06;2.04224e+07;642540
300;269.576;5.95511e+06;7.98831e+06;2.14118e+07;673670
301;162.091;5.4139e+06;7.56064e+06;2.23512e+07;703227
302;100.871;4.92183e+06;7.13566e+06;2.32403e+07;731201
303;64.8858;4.47448e+06;6.7175e+06;2.40795e+07;757603
304;43.0784;4.06777e+06;6.3094e+06;2.48695e+07;782458
305;29.4702;3.69802e+06;5.91383e+06;2.56115e+07;805803
306;20.7387;3.36188e+06;5.53263e+06;2.63069e+07;827684
307;14.9866;3.05629e+06;5.16712e+06;2.69576e+07;848155
308;11.1023;2.77848e+06;4.81816e+06;2.75652e+07;867273
309;8.41762;2.52592e+06;4.48628e+06;2.81318e+07;885100
310;6.52137;2.29631e+06;4.1717e+06;2.86594e+07;901699
311;5.15466;2.08758e+06;3.87441e+06;2.915e+07;917135
312;4.15093;1.89782e+06;3.5942e+06;2.96056e+07;931470
313;3.40079;1.72531e+06;3.33074e+06;3.00283e+07;944769
314;2.83105;1.56848e+06;3.08355e+06;3.042e+07;957092
315;2.3918;1.4259e+06;2.85209e+06;3.07826e+07;968501
316;2.04845;1.29629e+06;2.63575e+06;3.1118e+07;979054
317;1.77661;1.17846e+06;2.43386e+06;3.1428e+07;988806
318;1.55885;1.07134e+06;2.24576e+06;3.17142e+07;997812
319;1.38249;973951;2.07073e+06;3.19783e+07;1.00612e+06
320;1.23825;885419;1.90808e+06;3.22219e+07;1.01378e+06
321;1.11917;804935;1.75712e+06;3.24462e+07;1.02084e+06
322;1.02005;731766;1.61715e+06;3.26529e+07;1.02734e+06
323;0.936879;665249;1.48751e+06;3.28431e+07;1.03333e+06
324;0.866605;604778;1.36754e+06;3.3018e+07;1.03883e+06
325;0.806835;549804;1.25663e+06;3.31788e+07;1.04389e+06
326;0.755692;499827;1.15418e+06;3.33266e+07;1.04854e+06
327;0.711691;454392;1.05961e+06;3.34623e+07;1.05281e+06
328;0.673643;413088;972387;3.35869e+07;1.05673e+06
329;0.64059;375538;891986;3.37013e+07;1.06033e+06
330;0.611754;341402;817924;3.38062e+07;1.06363e+06
331;0.586501;310369;749744;3.39024e+07;1.06666e+06
332;0.564306;282156;687012;3.39905e+07;1.06943e+06
333;0.544737;256508;629326;3.40713e+07;1.07197e+06
334;0.527431;233192;576305;3.41453e+07;1.0743e+06
335;0.512085;211994;527596;3.42131e+07;1.07643e+06
336;0.498445;192724;482869;3.42752e+07;1.07839e+06
337;0.486292;175206;441816;3.43319e+07;1.08017e+06
338;0.475444;159279;404150;3.43839e+07;1.08181e+06
339;0.465741;144801;369605;3.44314e+07;1.0833e+06
340;0.457048;131639;337934;3.44749e+07;1.08467e+06
341;0.449248;119673;308909;3.45146e+07;1.08592e+06
342;0.44224;108794;282316;3.4551e+07;1.08706e+06
343;0.435934;98904.9;257961;3.45842e+07;1.08811e+06
344;0.430255;89914.5;235661;3.46145e+07;1.08906e+06
345;0.425134;81741.3;215248;3.46422e+07;1.08993e+06
346;0.420512;74311;196569;3.46675e+07;1.09073e+06
347;0.416337;67556.1;179480;3.46906e+07;1.09146e+06
348;0.412563;61415.3;163850;3.47118e+07;1.09212e+06
349;0.409148;55832.6;149558;3.4731e+07;1.09273e+06
350;0.406057;50757.5;136491;3.47486e+07;1.09328e+06
351;0.403258;46143.6;124549;3.47647e+07;1.09379e+06
352;0.400721;41949.2;113636;3.47793e+07;1.09425e+06
353;0.39842;38136;103665;3.47927e+07;1.09467e+06
354;0.396334;34669.4;94556.7;3.48049e+07;1.09505e+06
355;0.394441;31518;86238.4;3.4816e+07;1.0954e+06
356;0.392723;28653;78642.7;3.48261e+07;1.09572e+06
357;0.391162;26048.4;71707.9;3.48354e+07;1.09601e+06
358;0.389745;23680.6;65377.5;3.48438e+07;1.09628e+06
359;0.388458;21528.1;59599.8;3.48515e+07;1.09652e+06
360;0.387289;19571.2;54327.3;3.48585e+07;1.09674e+06
361;0.386226;17792.1;49516.4;3.48649e+07;1.09694e+06
362;0.38526;16174.8;45127.3;3.48707e+07;1.09712e+06
363;0.384381;14704.5;41123.7;3.4876e+07;1.09729e+06
364;0.383583;13367.9;37472;3.48809e+07;1.09744e+06
365;0.382857;12152.8;34141.8;3.48853e+07;1.09758e+06
366;0.382196;11048.1;31105.1;3.48893e+07;1.09771e+06
367;0.381596;10043.8;28336.3;3.48929e+07;1.09782e+06
368;0.38105;9130.83;25812.1;3.48963e+07;1.09793e+06
369;0.380553;8300.84;23511.1;3.48993e+07;1.09802e+06
370;0.380101;7546.29;21413.7;3.49021e+07;1.09811e+06
371;0.379689;6860.33;19502.2;3.49046e+07;1.09819e+06
372;0.379315;6236.73;17760.2;3.49069e+07;1.09826e+06
373;0.378975;5669.81;16172.8;3.4909e+07;1.09833e+06
374;0.378665;5154.43;14726.4;3.49109e+07;1.09839e+06
375;0.378384;4685.89;13408.7;3.49126e+07;1.09844e+06
376;0.378127;4259.94;12208.1;3.49142e+07;1.09849e+06
377;0.377894;3872.71;11114.5;3.49156e+07;1.09854e+06
378;0.377682;3520.68;10118.4;3.49169e+07;1.09858e+06
379;0.377489;3200.65;9211.03;3.49181e+07;1.09861e+06
380;0.377313;2909.71;8384.67;3.49192e+07;1.09865e+06
381;0.377153;2645.22;7632.1;3.49202e+07;1.09868e+06
382;0.377008;2404.77;6946.78;3.49211e+07;1.09871e+06
383;0.376876;2186.18;6322.73;3.49219e+07;1.09873e+06
384;0.376755;1987.45;5754.5;3.49226e+07;1.09876e+06
385;0.376646;1806.79;5237.14;3.49233e+07;1.09878e+06
386;0.376546;1642.56;4766.11;3.49239e+07;1.0988e+06
387;0.376455;1493.25;4337.29;3.49245e+07;1.09881e+06
388;0.376373;1357.51;3946.92;3.4925e+07;1.09883e+06
389;0.376298;1234.11;3591.55;3.49255e+07;1.09885e+06
390;0.37623;1121.93;3268.08;3.49259e+07;1.09886e+06
391;0.376167;1019.95;2973.64;3.49263e+07;1.09887e+06
392;0.376111;927.237;2705.65;3.49266e+07;1.09888e+06
393;0.37606;842.951;2461.74;3.49269e+07;1.09889e+06
394;0.376013;766.327;2239.76;3.49272e+07;1.0989e+06
395;0.37597;696.668;2037.74;3.49275e+07;1.09891e+06
396;0.375932;633.341;1853.89;3.49277e+07;1.09892e+06
397;0.375896;575.77;1686.58;3.4928e+07;1.09892e+06
398;0.375864;523.432;1534.33;3.49282e+07;1.09893e+06
399;0.375835;475.852;1395.8;3.49283e+07;1.09894e+06
400;0.375809;432.598;1269.74;3.49285e+07;1.09894e+06
401;0.375785;393.274;1155.05;3.49286e+07;1.09895e+06
402;0.375763;357.526;1050.69;3.49288e+07;1.09895e+06
403;0.375743;325.027;955.74;3.49289e+07;1.09895e+06
404;0.375725;295.482;869.353;3.4929e+07;1.09896e+06
405;0.375708;268.623;790.76;3.49291e+07;1.09896e+06
406;0.375693;244.205;719.259;3.49292e+07;1.09896e+06
407;0.375679;222.007;654.211;3.49293e+07;1.09897e+06
408;0.375667;201.826;595.035;3.49294e+07;1.09897e+06
409;0.375656;183.48;541.204;3.49294e+07;1.09897e+06
410;0.375645;166.802;492.234;3.49295e+07;1.09897e+06
411;0.375636;151.64;447.688;3.49296e+07;1.09897e+06
412;0.375628;137.856;407.168;3.49296e+07;1.09898e+06
413;0.37562;125.324;370.309;3.49297e+07;1.09898e+06
414;0.375613;113.932;336.783;3.49297e+07;1.09898e+06
415;0.375606;103.576;306.288;3.49297e+07;1.09898e+06
416;0.375601;94.161;278.55;3.49298e+07;1.09898e+06
417;0.375595;85.6018;253.321;3.49298e+07;1.09898e+06
418;0.37559;77.8206;230.374;3.49298e+07;1.09898e+06
419;0.375586;70.7467;209.504;3.49299e+07;1.09898e+06
420;0.375582;64.3158;190.522;3.49299e+07;1.09898e+06
421;0.375579;58.4695;173.258;3.49299e+07;1.09899e+06
422;0.375575;53.1546;157.557;3.49299e+07;1.09899e+06
423;0.375572;48.3229;143.277;3.493e+07;1.09899e+06
424;0.37557;43.9303;130.29;3.493e+07;1.09899e+06
425;0.375567;39.9371;118.479;3.493e+07;1.09899e+06
426;0.375565;36.3068;107.738;3.493e+07;1.09899e+06
427;0.375563;33.0065;97.9694;3.493e+07;1.09899e+06
428;0.375561;30.0062;89.086;3.493e+07;1.09899e+06
429;0.375559;27.2786;81.0075;3.493e+07;1.09899e+06
430;0.375558;24.799;73.6609;3.49301e+07;1.09899e+06
431;0.375556;22.5448;66.98;3.49301e+07;1.09899e+06
432;0.375555;20.4955;60.9047;3.49301e+07;1.09899e+06
433;0.375554;18.6324;55.38;3.49301e+07;1.09899e+06
434;0.375553;16.9387;50.3561;3.49301e+07;1.09899e+06
435;0.375552;15.399;45.7876;3.49301e+07;1.09899e+06
436;0.375551;13.9992;41.6334;3.49301e+07;1.09899e+06
437;0.37555;12.7267;37.8558;3.49301e+07;1.09899e+06
438;0.375549;11.5699;34.4207;3.49301e+07;1.09899e+06
439;0.375549;10.5182;31.2972;3.49301e+07;1.09899e+06
440;0.375548;9.56206;28.4569;3.49301e+07;1.09899e+06
441;0.375548;8.69287;25.8743;3.49301e+07;1.09899e+06
442;0.375547;7.90269;23.5259;3.49301e+07;1.09899e+06
443;0.375547;7.18433;21.3906;3.49301e+07;1.09899e+06
444;0.375546;6.53128;19.449;3.49301e+07;1.09899e+06
445;0.375546;5.93758;17.6835;3.49301e+07;1.09899e+06
446;0.375546;5.39786;16.0782;3.49301e+07;1.09899e+06
447;0.375545;4.90719;14.6186;3.49301e+07;1.09899e+06
448;0.375545;4.46113;13.2914;3.49301e+07;1.09899e+06
449;0.375545;4.05561;12.0847;3.49301e+07;1.09899e+06
450;0.375545;3.68696;10.9875;3.49301e+07;1.09899e+06
451;0.375544;3.35181;9.98984;3.49301e+07;1.09899e+06
452;0.375544;3.04713;9.08275;3.49301e+07;1.09899e+06
453;0.375544;2.77015;8.258;3.49301e+07;1.09899e+06
454;0.375544;2.51834;7.50811;3.49301e+07;1.09899e+06
455;0.375544;2.28943;6.82629;3.49301e+07;1.09899e+06
456;0.375544;2.08132;6.20637;3.49301e+07;1.09899e+06
457;0.375543;1.89213;5.64273;3.49301e+07;1.09899e+06
458;0.375543;1.72013;5.13026;3.49301e+07;1.09899e+06
459;0.375543;1.56377;4.66432;3.49301e+07;1.09899e+06
460;0.375543;1.42163;4.24069;3.49301e+07;1.09899e+06
461;0.375543;1.2924;3.85552;3.49301e+07;1.09899e+06
462;0.375543;1.17492;3.50532;3.49301e+07;1.09899e+06
463;0.375543;1.06812;3.18693;3.49301e+07;1.09899e+06
464;0.375543;0.971028;2.89744;3.49301e+07;1.09899e+06
465;0.375543;0.882762;2.63425;3.49301e+07;1.09899e+06
466;0.375543;0.802519;2.39496;3.49301e+07;1.09899e+06
467;0.375543;0.72957;2.1774;3.49301e+07;1.09899e+06
468;0.375543;0.663252;1.9796;3.49301e+07;1.09899e+06
469;0.375543;0.602962;1.79976;3.49301e+07;1.09899e+06
470;0.375543;0.548153;1.63626;3.49301e+07;1.09899e+06
471;0.375543;0.498326;1.48761;3.49301e+07;1.09899e+06
472;0.375543;0.453028;1.35246;3.49301e+07;1.09899e+06
473;0.375543;0.411848;1.22959;3.49301e+07;1.09899e+06
474;0.375543;0.374411;1.11788;3.49301e+07;1.09899e+06
475;0.375542;0.340377;1.01631;3.49301e+07;1.09899e+06
476;0.375542;0.309437;0.923973;3.49301e+07;1.09899e+06
477;0.375542;0.281309;0.840023;3.49301e+07;1.09899e+06
478;0.375542;0.255738;0.763699;3.49301e+07;1.09899e+06
479;0.375542;0.232492;0.694309;3.49301e+07;1.09899e+06
480;0.375542;0.211358;0.631223;3.49301e+07;1.09899e+06
481;0.375542;0.192146;0.573868;3.49301e+07;1.09899e+06
482;0.375542;0.17468;0.521724;3.49301e+07;1.09899e+06
483;0.375542;0.158801;0.474317;3.49301e+07;1.09899e+06
