212;2.9496e+07;1.7647;0.8787;0.1176;0.0037
213;2.9496e+07;3.15493;0.932525;0.220935;0.00695119
214;2.9496e+07;4.51377;1.10619;0.3306;0.0104015
215;2.9496e+07;6.05557;1.38231;0.460688;0.0144944
216;2.9496e+07;7.94449;1.76509;0.623248;0.019609
217;2.94959e+07;10.3372;2.27314;0.830823;0.0261398
218;2.94959e+07;13.4089;2.93706;1.09814;0.0345505
219;2.94959e+07;17.3731;3.79967;1.44354;0.0454176
220;2.94959e+07;22.4991;4.91798;1.89038;0.0594763
221;2.94959e+07;29.1327;6.3666;2.46874;0.0776729
222;2.94959e+07;37.7197;8.2425;3.21745;0.101229
223;2.94959e+07;48.8365;10.6714;4.18677;0.131727
224;2.94959e+07;63.229;13.8162;5.44172;0.171211
225;2.94959e+07;81.8629;17.8878;7.06651;0.222331
226;2.94958e+07;105.988;23.1594;9.17011;0.288516
227;2.94958e+07;137.223;29.9844;11.8937;0.374205
228;2.94957e+07;177.663;38.8209;15.4198;0.485148
229;2.94957e+07;230.02;50.2614;19.9852;0.628785
230;2.94956e+07;297.806;65.0735;25.8959;0.814752
231;2.94955e+07;385.569;84.2507;33.5485;1.05552
232;2.94953e+07;499.196;109.079;43.4564;1.36725
233;2.94951e+07;646.307;141.225;56.2842;1.77085
234;2.94949e+07;836.77;182.844;72.8922;2.29338
235;2.94945e+07;1083.36;236.727;94.3946;2.9699
236;2.94941e+07;1402.61;306.49;122.234;3.84579
237;2.94936e+07;1815.95;396.81;158.277;4.9798
238;2.94929e+07;2351.07;513.746;204.942;6.448
239;2.9492e+07;3043.87;665.141;265.358;8.34886
240;2.94908e+07;3940.8;861.148;343.579;10.8099
241;2.94893e+07;5101.98;1114.91;444.85;13.9961
242;2.94873e+07;6605.25;1443.44;575.963;18.1213
243;2.94848e+07;8551.33;1868.77;745.712;23.462
244;2.94815e+07;11070.6;2419.4;965.479;30.3765
245;2.94772e+07;14331.7;3132.24;1250;39.3283
246;2.94717e+07;18552.9;4055.05;1618.35;50.9176
247;2.94645e+07;24016.5;5249.63;2095.23;65.9213
248;2.94553e+07;31087.6;6795.96;2712.58;85.3449
249;2.94433e+07;40238;8797.47;3511.79;110.49
250;2.94278e+07;52077.6;11388;4546.37;143.041
251;2.94078e+07;67393.8;14740.5;5885.6;185.176
252;2.93818e+07;87202.6;19078.5;7619.08;239.716
253;2.93483e+07;112814;24691;9862.71;310.306
254;2.93049e+07;145914;31950.8;12766.4;401.663
255;2.92489e+07;188669;41338.7;16523.8;519.881
256;2.91766e+07;243860;53474.3;21385.2;672.834
257;2.90832e+07;315039;69154.7;27673.8;870.689
258;2.89629e+07;406735;89403.3;35806.4;1126.56
259;2.8808e+07;524688;115531;46320.2;1457.35
260;2.86088e+07;676125;149211;59906.7;1884.82
261;2.83534e+07;870075;192572;77453.9;2436.9
262;2.80267e+07;1.11768e+06;248303;100100;3149.42
263;2.76103e+07;1.43248e+06;319781;129301;4068.13
264;2.7082e+07;1.83058e+06;411204;166907;5251.32
265;2.64156e+07;2.33056e+06;527724;215264;6772.78
266;2.55814e+07;2.95293e+06;675560;277325;8725.36
267;2.45472e+07;3.71875e+06;862035;356771;11224.9
268;2.32807e+07;4.6472e+06;1.09551e+06;458146;14414.5
269;2.17541e+07;5.75139e+06;1.38505e+06;586977;18467.8
270;1.99503e+07;7.03238e+06;1.73985e+06;749859;23592.5
271;1.78719e+07;8.47147e+06;2.16805e+06;954465;30029.9
272;1.55514e+07;1.0022e+07;2.67512e+06;1.20943e+06;38051.7
273;1.30592e+07;1.16032e+07;3.26162e+06;1.52402e+06;47949.7
274;1.05067e+07;1.31009e+07;3.92072e+06;1.90759e+06;60017.7
275;8.03712e+06;1.43796e+07;4.63601e+06;2.36867e+06;74524.3
276;5.80225e+06;1.53074e+07;5.38077e+06;2.91386e+06;91677.6
277;3.92855e+06;1.57897e+07;6.11953e+06;3.54664e+06;111586
278;2.48476e+06;1.57982e+07;6.81251e+06;4.26629e+06;134229
279;1.46739e+06;1.53795e+07;7.4222e+06;5.06745e+06;159435
280;812239;1.46366e+07;7.91989e+06;5.9403e+06;186897
281;424918;1.36935e+07;8.28968e+06;6.87168e+06;216201
282;212620;1.26611e+07;8.52888e+06;7.84654e+06;246872
283;103211;1.16196e+07;8.64521e+06;8.84954e+06;278429
284;49318.3;1.06172e+07;8.65277e+06;9.86621e+06;310417
285;23515.6;9.67794e+06;8.5683e+06;1.08838e+07;342432
286;11319.2;8.81041e+06;8.40869e+06;1.18914e+07;374135
287;5551.61;8.01531e+06;8.18958e+06;1.28803e+07;405247
288;2793.6;7.28948e+06;7.92477e+06;1.38434e+07;435548
289;1449.23;6.62821e+06;7.62611e+06;1.47753e+07;464870
290;777.416;6.02638e+06;7.30357e+06;1.56722e+07;493086
291;431.94;5.47893e+06;6.96544e+06;1.65311e+07;520110
292;248.706;4.98107e+06;6.61857e+06;1.73502e+07;545882
293;148.366;4.5284e+06;6.26852e+06;1.81285e+07;570370
294;91.6265;4.11682e+06;5.91978e+06;1.88657e+07;593564
295;58.5086;3.74263e+06;5.57593e+06;1.95619e+07;615467
296;38.5742;3.40245e+06;5.23977e+06;2.02176e+07;636098
297;26.2152;3.09318e+06;4.91347e+06;2.08338e+07;655485
298;18.3337;2.81202e+06;4.59864e+06;2.14116e+07;673665
299;13.1716;2.55641e+06;4.29643e+06;2.19524e+07;690680
300;9.7047;2.32404e+06;4.00765e+06;2.24577e+07;706577
301;7.32067;2.11278e+06;3.73278e+06;2.2929e+07;721405
302;5.64479;1.92073e+06;3.47205e+06;2.3368e+07;735216
303;4.44223;1.74614e+06;3.22548e+06;2.37763e+07;748063
304;3.56269;1.58742e+06;2.99296e+06;2.41556e+07;759997
305;2.90786;1.44312e+06;2.77421e+06;2.45076e+07;771071
306;2.41227;1.31194e+06;2.56887e+06;2.48338e+07;781336
307;2.03144;1.19269e+06;2.37653e+06;2.51359e+07;790841
308;1.73464;1.08427e+06;2.19667e+06;2.54154e+07;799634
309;1.50032;985712;2.02877e+06;2.56737e+07;807761
310;1.31308;896111;1.87228e+06;2.59123e+07;815268
311;1.16182;814654;1.72663e+06;2.61325e+07;822195
312;1.03836;740602;1.59124e+06;2.63355e+07;828584
313;0.936647;673282;1.46555e+06;2.65227e+07;834472
314;0.85213;612080;1.34898e+06;2.6695e+07;839894
315;0.781341;556442;1.24098e+06;2.68537e+07;844885
316;0.721619;505862;1.14103e+06;2.69996e+07;849477
317;0.670896;459879;1.04861e+06;2.71338e+07;853699
318;0.627551;418076;963216;2.72571e+07;857579
319;0.590304;380073;884381;2.73704e+07;861142
320;0.558131;345524;811654;2.74744e+07;864415
321;0.53021;314116;744609;2.75698e+07;867418
322;0.505874;285563;682841;2.76574e+07;870173
323;0.484579;259605;625970;2.77377e+07;872699
324;0.465878;236007;573638;2.78113e+07;875015
325;0.449401;214554;525509;2.78788e+07;877138
326;0.434838;195051;481267;2.79406e+07;879082
327;0.421933;177321;440620;2.79972e+07;880863
328;0.410468;161203;403291;2.8049e+07;882493
329;0.400258;146549;369025;2.80964e+07;883985
330;0.391148;133228;337584;2.81398e+07;885351
331;0.383004;121118;308745;2.81795e+07;886600
332;0.37571;110108;282304;2.82158e+07;887742
333;0.369167;100099;258069;2.8249e+07;888787
334;0.36329;91000.2;235865;2.82794e+07;889742
335;0.358004;82728.3;215526;2.83071e+07;890614
336;0.353244;75208.3;196903;2.83324e+07;891412
337;0.348953;68371.9;179855;2.83556e+07;892140
338;0.345081;62156.9;164254;2.83767e+07;892806
339;0.341584;56506.8;149980;2.83961e+07;893414
340;0.338424;51370.3;136924;2.84137e+07;893968
341;0.335565;46700.8;124984;2.84298e+07;894475
342;0.332977;42455.7;114069;2.84445e+07;894938
343;0.330633;38596.5;104092;2.84579e+07;895360
344;0.32851;35088;94973.6;2.84702e+07;895745
345;0.326585;31898.5;86642.8;2.84813e+07;896096
346;0.324839;28999;79032.6;2.84915e+07;896417
347;0.323255;26363;72082;2.85008e+07;896709
348;0.321817;23966.6;65734.8;2.85093e+07;896976
349;0.320512;21788;59939.8;2.8517e+07;897219
350;0.319326;19807.5;54649.6;2.85241e+07;897441
351;0.318249;18007;49821.1;2.85305e+07;897643
352;0.317271;16370.2;45414.6;2.85364e+07;897827
353;0.316382;14882.1;41393.9;2.85417e+07;897995
354;0.315574;13529.3;37725.6;2.85466e+07;898149
355;0.314839;12299.5;34379.3;2.8551e+07;898288
356;0.314171;11181.5;31327.1;2.8555e+07;898415
357;0.313564;10165.1;28543.5;2.85587e+07;898531
358;0.313011;9241.08;26005.2;2.85621e+07;898637
359;0.312509;8401.07;23690.8;2.85651e+07;898733
360;0.312052;7637.41;21580.8;2.85679e+07;898821
361;0.311637;6943.17;19657.2;2.85705e+07;898901
362;0.311259;6312.04;17904;2.85728e+07;898973
363;0.310915;5738.27;16306;2.85749e+07;899040
364;0.310602;5216.66;14849.7;2.85768e+07;899100
365;0.310317;4742.47;13522.6;2.85785e+07;899155
366;0.310058;4311.38;12313.4;2.85801e+07;899205
367;0.309823;3919.48;11211.7;2.85816e+07;899250
368;0.309608;3563.2;10208;2.85829e+07;899292
369;0.309413;3239.3;9293.65;2.85841e+07;899330
370;0.309236;2944.85;8460.79;2.85852e+07;899364
371;0.309074;2677.16;7702.18;2.85862e+07;899395
372;0.308928;2433.81;7011.26;2.85871e+07;899424
373;0.308794;2212.58;6382.03;2.85879e+07;899450
374;0.308672;2011.45;5809.01;2.85887e+07;899473
375;0.308562;1828.61;5287.22;2.85894e+07;899495
376;0.308461;1662.39;4812.1;2.859e+07;899514
377;0.308369;1511.28;4379.5;2.85905e+07;899532
378;0.308286;1373.9;3985.64;2.85911e+07;899548
379;0.30821;1249.02;3627.07;2.85915e+07;899563
380;0.308141;1135.48;3300.65;2.85919e+07;899577
381;0.308078;1032.27;3003.49;2.85923e+07;899589
382;0.308021;938.433;2733;2.85927e+07;899600
383;0.307969;853.129;2486.79;2.8593e+07;899610
384;0.307922;775.58;2262.69;2.85933e+07;899619
385;0.307879;705.08;2058.73;2.85936e+07;899628
386;0.30784;640.988;1873.1;2.85938e+07;899635
387;0.307804;582.722;1704.16;2.8594e+07;899642
388;0.307772;529.753;1550.41;2.85942e+07;899649
389;0.307743;481.598;1410.5;2.85944e+07;899654
390;0.307716;437.821;1283.18;2.85946e+07;899659
391;0.307691;398.023;1167.33;2.85947e+07;899664
392;0.307669;361.843;1061.92;2.85949e+07;899669
393;0.307649;328.951;965.996;2.8595e+07;899672
394;0.307631;299.05;878.723;2.85951e+07;899676
395;0.307614;271.866;799.317;2.85952e+07;899679
396;0.307599;247.154;727.073;2.85953e+07;899682
397;0.307585;224.687;661.345;2.85954e+07;899685
398;0.307573;204.263;601.548;2.85955e+07;899687
399;0.307561;185.696;547.148;2.85955e+07;899690
400;0.307551;168.816;497.658;2.85956e+07;899692
401;0.307541;153.471;452.638;2.85957e+07;899693
402;0.307533;139.52;411.683;2.85957e+07;899695
403;0.307525;126.838;374.429;2.85958e+07;899697
404;0.307518;115.308;340.54;2.85958e+07;899698
405;0.307511;104.827;309.714;2.85958e+07;899699
406;0.307505;95.298;281.674;2.85959e+07;899700
407;0.3075;86.6354;256.17;2.85959e+07;899702
408;0.307495;78.7602;232.972;2.85959e+07;899702
409;0.307491;71.6009;211.871;2.8596e+07;899703
410;0.307487;65.0924;192.68;2.8596e+07;899704
411;0.307483;59.1755;175.225;2.8596e+07;899705
412;0.30748;53.7965;159.349;2.8596e+07;899705
413;0.307477;48.9064;144.91;2.85961e+07;899706
414;0.307474;44.4608;131.778;2.85961e+07;899707
415;0.307472;40.4193;119.835;2.85961e+07;899707
416;0.307469;36.7452;108.973;2.85961e+07;899708
417;0.307467;33.4051;99.0948;2.85961e+07;899708
418;0.307465;30.3685;90.1111;2.85961e+07;899708
419;0.307464;27.608;81.9411;2.85961e+07;899709
420;0.307462;25.0985;74.5112;2.85962e+07;899709
421;0.307461;22.817;67.7545;2.85962e+07;899709
422;0.307459;20.743;61.6099;2.85962e+07;899709
423;0.307458;18.8574;56.0222;2.85962e+07;899710
424;0.307457;17.1433;50.9408;2.85962e+07;899710
425;0.307456;15.585;46.32;2.85962e+07;899710
426;0.307455;14.1683;42.1181;2.85962e+07;899710
427;0.307455;12.8804;38.2971;2.85962e+07;899710
428;0.307454;11.7096;34.8224;2.85962e+07;899711
429;0.307453;10.6452;31.6629;2.85962e+07;899711
430;0.307453;9.67752;28.7898;2.85962e+07;899711
431;0.307452;8.79783;26.1773;2.85962e+07;899711
432;0.307451;7.99811;23.8017;2.85962e+07;899711
433;0.307451;7.27108;21.6416;2.85962e+07;899711
434;0.307451;6.61014;19.6774;2.85962e+07;899711
435;0.30745;6.00928;17.8914;2.85962e+07;899711
436;0.30745;5.46304;16.2674;2.85962e+07;899711
437;0.30745;4.96645;14.7908;2.85962e+07;899711
438;0.307449;4.515;13.4481;2.85962e+07;899711
439;0.307449;4.10458;12.2273;2.85962e+07;899711
440;0.307449;3.73148;11.1172;2.85962e+07;899712
441;0.307449;3.39229;10.1079;2.85962e+07;899712
442;0.307448;3.08393;9.19015;2.85962e+07;899712
443;0.307448;2.8036;8.35571;2.85962e+07;899712
444;0.307448;2.54875;7.59701;2.85962e+07;899712
445;0.307448;2.31707;6.90718;2.85962e+07;899712
446;0.307448;2.10645;6.27996;2.85962e+07;899712
447;0.307448;1.91497;5.70968;2.85962e+07;899712
448;0.307448;1.7409;5.19116;2.85962e+07;899712
449;0.307448;1.58265;4.71972;2.85962e+07;899712
450;0.307447;1.43879;4.29108;2.85962e+07;899712
451;0.307447;1.30801;3.90136;2.85962e+07;899712
452;0.307447;1.18911;3.54702;2.85962e+07;899712
453;0.307447;1.08102;3.22486;2.85962e+07;899712
454;0.307447;0.982753;2.93195;2.85962e+07;899712
455;0.307447;0.893421;2.66564;2.85962e+07;899712
456;0.307447;0.812209;2.42351;2.85962e+07;899712
457;0.307447;0.738379;2.20336;2.85962e+07;899712
458;0.307447;0.671261;2.00322;2.85962e+07;899712
459;0.307447;0.610243;1.82124;2.85962e+07;899712
460;0.307447;0.554772;1.6558;2.85962e+07;899712
461;0.307447;0.504343;1.50538;2.85962e+07;899712
462;0.307447;0.458499;1.36862;2.85962e+07;899712
463;0.307447;0.416821;1.24428;2.85962e+07;899712
464;0.307447;0.378932;1.13124;2.85962e+07;899712
465;0.307447;0.344487;1.02847;2.85962e+07;899712
466;0.307447;0.313173;0.935028;2.85962e+07;899712
467;0.307447;0.284706;0.850076;2.85962e+07;899712
468;0.307447;0.258826;0.772842;2.85962e+07;899712
469;0.307447;0.235299;0.702623;2.85962e+07;899712
470;0.307447;0.21391;0.638784;2.85962e+07;899712
471;0.307447;0.194466;0.580744;2.85962e+07;899712
472;0.307447;0.176789;0.527976;2.85963e+07;899712
473;0.307447;0.160719;0.480003;2.85963e+07;899712
