242;5.37084e+07;1.7647;0.8787;0.1176;0.0037
243;5.37084e+07;3.15493;0.932525;0.220935;0.00695119
244;5.37084e+07;4.51377;1.10619;0.3306;0.0104015
245;5.37084e+07;6.05557;1.38231;0.460688;0.0144944
246;5.37084e+07;7.94449;1.76509;0.623248;0.019609
247;5.37084e+07;10.3372;2.27314;0.830823;0.0261398
248;5.37084e+07;13.4089;2.93706;1.09814;0.0345505
249;5.37084e+07;17.3731;3.79967;1.44354;0.0454176
250;5.37084e+07;22.4991;4.91798;1.89038;0.0594763
251;5.37084e+07;29.1327;6.3666;2.46874;0.0776729
252;5.37083e+07;37.7197;8.2425;3.21745;0.101229
253;5.37083e+07;48.8365;10.6714;4.18677;0.131727
254;5.37083e+07;63.2291;13.8162;5.44172;0.171211
255;5.37083e+07;81.863;17.8878;7.06651;0.222331
256;5.37083e+07;105.988;23.1594;9.17012;0.288516
257;5.37082e+07;137.223;29.9845;11.8937;0.374205
258;5.37082e+07;177.663;38.8209;15.4198;0.485148
259;5.37081e+07;230.02;50.2615;19.9852;0.628785
260;5.3708e+07;297.808;65.0736;25.8959;0.814753
261;5.37079e+07;385.571;84.2509;33.5486;1.05553
262;5.37077e+07;499.199;109.08;43.4565;1.36725
263;5.37076e+07;646.313;141.226;56.2843;1.77085
264;5.37073e+07;836.78;182.845;72.8924;2.29338
265;5.3707e+07;1083.38;236.729;94.3949;2.96991
266;5.37066e+07;1402.64;306.493;122.234;3.84581
267;5.3706e+07;1815.99;396.815;158.278;4.97983
268;5.37053e+07;2351.15;513.755;204.943;6.44804
269;5.37044e+07;3044;665.156;265.361;8.34894
270;5.37032e+07;3941.01;861.172;343.583;10.81
271;5.37017e+07;5102.34;1114.95;444.857;13.9963
272;5.36998e+07;6605.84;1443.51;575.975;18.1217
273;5.36972e+07;8552.32;1868.88;745.732;23.4626
274;5.36939e+07;11072.2;2419.59;965.512;30.3775
275;5.36896e+07;14334.5;3132.56;1250.06;39.33
276;5.36841e+07;18557.6;4055.59;1618.45;50.9205
277;5.3677e+07;24024.4;5250.53;2095.38;65.9262
278;5.36677e+07;31100.7;6797.46;2712.84;85.3531
279;5.36557e+07;40260.1;8799.98;3512.23;110.504
280;5.36402e+07;52114.6;11392.2;4547.1;143.064
281;5.36201e+07;67455.7;14747.5;5886.82;185.215
282;5.35941e+07;87306.2;19090.4;7621.13;239.781
283;5.35605e+07;112987;24710.8;9866.16;310.415
284;5.3517e+07;146204;31984;12772.2;401.845
285;5.34608e+07;189156;41394.3;16533.5;520.186
286;5.33881e+07;244674;53567.4;21401.4;673.345
287;5.32941e+07;316401;69310.5;27701;871.544
288;5.31727e+07;409011;89664;35851.9;1127.99
289;5.30161e+07;528487;115967;46396.4;1459.75
290;5.28141e+07;682462;149939;60034.1;1888.83
291;5.25539e+07;880627;193788;77667;2443.6
292;5.22192e+07;1.13522e+06;250330;100456;3160.62
293;5.17897e+07;1.46156e+06;323157;129895;4086.84
294;5.12398e+07;1.87865e+06;416814;167898;5282.52
295;5.05379e+07;2.40969e+06;537023;216916;6824.73
296;4.96461e+07;3.08251e+06;690923;280070;8811.71
297;4.85189e+07;3.92954e+06;887314;361322;11368.1
298;4.7104e+07;4.98719e+06;1.13688e+06;465670;14651.2
299;4.5344e+07;6.29388e+06;1.45231e+06;599367;18857.6
300;4.31795e+07;7.88628e+06;1.84826e+06;770159;24231.2
301;4.05561e+07;9.79282e+06;2.34093e+06;987514;31069.7
302;3.74349e+07;1.20239e+07;2.94714e+06;1.26281e+06;39731.2
303;3.38072e+07;1.45586e+07;3.68262e+06;1.60939e+06;50635.6
304;2.97127e+07;1.73297e+07;4.55929e+06;2.04247e+06;64261.3
305;2.52562e+07;2.02109e+07;5.58152e+06;2.57864e+06;81130.7
306;2.06174e+07;2.30125e+07;6.74165e+06;3.23503e+06;101782
307;1.60418e+07;2.54963e+07;8.01573e+06;4.02785e+06;126726
308;1.18068e+07;2.74137e+07;9.36104e+06;4.97049e+06;156385
309;8.16471e+06;2.85639e+07;1.07174e+07;6.07135e+06;191020
310;5.2793e+06;2.88528e+07;1.20139e+07;7.33172e+06;230675
311;3.18636e+06;2.8323e+07;1.31793e+07;8.74456e+06;275126
312;1.79945e+06;2.71354e+07;1.41552e+07;1.02944e+07;323890
313;957452;2.55108e+07;1.49048e+07;1.19591e+07;376264
314;485253;2.3664e+07;1.54158e+07;1.37119e+07;431412
315;237474;2.17608e+07;1.56969e+07;1.55248e+07;488450
316;113872;1.99063e+07;1.57709e+07;1.73708e+07;546529
317;54258.3;1.81564e+07;1.56674e+07;1.92254e+07;604881
318;26008.8;1.65343e+07;1.54174e+07;2.10679e+07;662851
319;12668.9;1.50446e+07;1.50502e+07;2.2881e+07;719895
320;6318.96;1.36834e+07;1.45922e+07;2.46509e+07;775581
321;3244.91;1.24427e+07;1.4066e+07;2.63669e+07;829572
322;1721.7;1.13132e+07;1.34908e+07;2.80211e+07;881616
323;945.786;1.02856e+07;1.28827e+07;2.96076e+07;931532
324;538.38;9.35103e+06;1.2255e+07;3.11226e+07;979198
325;317.568;8.50124e+06;1.16185e+07;3.25638e+07;1.02454e+06
326;193.979;7.7286e+06;1.09819e+07;3.39301e+07;1.06753e+06
327;122.565;7.02614e+06;1.03524e+07;3.52216e+07;1.10816e+06
328;79.9967;6.38751e+06;9.73529e+06;3.64391e+07;1.14647e+06
329;53.8498;5.80691e+06;9.13502e+06;3.75839e+07;1.18249e+06
330;37.3229;5.27908e+06;8.55479e+06;3.86582e+07;1.21629e+06
331;26.5889;4.79922e+06;7.99697e+06;3.96642e+07;1.24794e+06
332;19.4363;4.36298e+06;7.46318e+06;4.06047e+07;1.27753e+06
333;14.554;3.96639e+06;6.95449e+06;4.14824e+07;1.30514e+06
334;11.1456;3.60585e+06;6.47146e+06;4.23002e+07;1.33087e+06
335;8.71543;3.27808e+06;6.01424e+06;4.30612e+07;1.35482e+06
336;6.9486;2.9801e+06;5.58269e+06;4.37685e+07;1.37707e+06
337;5.64047;2.70921e+06;5.1764e+06;4.4425e+07;1.39773e+06
338;4.6555;2.46295e+06;4.79477e+06;4.50338e+07;1.41688e+06
339;3.90219;2.23907e+06;4.43705e+06;4.55977e+07;1.43462e+06
340;3.31768;2.03553e+06;4.10237e+06;4.61195e+07;1.45104e+06
341;2.85807;1.85051e+06;3.78978e+06;4.66019e+07;1.46622e+06
342;2.49219;1.68229e+06;3.49829e+06;4.70476e+07;1.48024e+06
343;2.19761;1.52937e+06;3.22687e+06;4.7459e+07;1.49318e+06
344;1.95795;1.39035e+06;2.97447e+06;4.78384e+07;1.50512e+06
345;1.76108;1.26397e+06;2.74005e+06;4.81882e+07;1.51613e+06
346;1.59792;1.14908e+06;2.52258e+06;4.85105e+07;1.52627e+06
347;1.4616;1.04463e+06;2.32104e+06;4.88071e+07;1.5356e+06
348;1.34686;949669;2.13445e+06;4.90801e+07;1.54419e+06
349;1.2496;863344;1.96187e+06;4.93311e+07;1.55208e+06
350;1.16666;784867;1.80237e+06;4.95618e+07;1.55934e+06
351;1.0955;713522;1.65509e+06;4.97738e+07;1.56601e+06
352;1.03414;648663;1.51919e+06;4.99684e+07;1.57214e+06
353;0.98096;589700;1.39387e+06;5.01471e+07;1.57776e+06
354;0.934674;536096;1.2784e+06;5.0311e+07;1.58291e+06
355;0.894221;487365;1.17206e+06;5.04613e+07;1.58764e+06
356;0.858735;443064;1.07419e+06;5.05992e+07;1.59198e+06
357;0.827501;402789;984166;5.07255e+07;1.59595e+06
358;0.799922;366176;901400;5.08412e+07;1.5996e+06
359;0.775504;332890;825346;5.09472e+07;1.60293e+06
360;0.753826;302631;755491;5.10443e+07;1.60599e+06
361;0.734537;275121;691359;5.11331e+07;1.60878e+06
362;0.717336;250113;632506;5.12144e+07;1.61134e+06
363;0.701967;227378;578518;5.12888e+07;1.61368e+06
364;0.68821;206709;529012;5.13569e+07;1.61582e+06
365;0.675877;187919;483633;5.14191e+07;1.61778e+06
366;0.664803;170837;442050;5.14759e+07;1.61957e+06
367;0.654847;155308;403959;5.15279e+07;1.6212e+06
368;0.645885;141191;369076;5.15754e+07;1.6227e+06
369;0.637808;128357;337141;5.16188e+07;1.62406e+06
370;0.630523;116689;307914;5.16585e+07;1.62531e+06
371;0.623945;106082;281171;5.16947e+07;1.62645e+06
372;0.618;96439.1;256708;5.17278e+07;1.62749e+06
373;0.612625;87672.8;234335;5.17579e+07;1.62844e+06
374;0.60776;79703.3;213880;5.17855e+07;1.62931e+06
375;0.603356;72458.3;195181;5.18107e+07;1.6301e+06
376;0.599365;65871.8;178092;5.18336e+07;1.63082e+06
377;0.595748;59884.1;162477;5.18546e+07;1.63148e+06
378;0.592468;54440.6;148212;5.18737e+07;1.63208e+06
379;0.589493;49492;135183;5.18911e+07;1.63263e+06
380;0.586792;44993.2;123284;5.1907e+07;1.63313e+06
381;0.584341;40903.3;112420;5.19215e+07;1.63358e+06
382;0.582115;37185.2;102501;5.19347e+07;1.634e+06
383;0.580093;33805;93447.9;5.19468e+07;1.63438e+06
384;0.578256;30732.2;85185.5;5.19578e+07;1.63473e+06
385;0.576586;27938.6;77646.1;5.19678e+07;1.63504e+06
386;0.575069;25399;70767.2;5.19769e+07;1.63533e+06
387;0.57369;23090.2;64491.9;5.19852e+07;1.63559e+06
388;0.572436;20991.3;58768;5.19928e+07;1.63583e+06
389;0.571296;19083.2;53547.5;5.19997e+07;1.63605e+06
390;0.570259;17348.6;48786.9;5.2006e+07;1.63624e+06
391;0.569316;15771.6;44446;5.20118e+07;1.63642e+06
392;0.568459;14337.9;40488.3;5.2017e+07;1.63659e+06
393;0.567679;13034.6;36880.4;5.20217e+07;1.63674e+06
394;0.566969;11849.8;33591.7;5.20261e+07;1.63687e+06
395;0.566324;10772.6;30594.2;5.203e+07;1.637e+06
396;0.565737;9793.4;27862.3;5.20336e+07;1.63711e+06
397;0.565203;8903.18;25372.8;5.20369e+07;1.63722e+06
398;0.564717;8093.88;23104.4;5.20399e+07;1.63731e+06
399;0.564274;7358.15;21037.6;5.20426e+07;1.63739e+06
400;0.563872;6689.29;19154.6;5.20451e+07;1.63747e+06
401;0.563506;6081.24;17439.2;5.20473e+07;1.63754e+06
402;0.563173;5528.45;15876.6;5.20494e+07;1.63761e+06
403;0.56287;5025.92;14453.3;5.20512e+07;1.63767e+06
404;0.562594;4569.06;13157;5.20529e+07;1.63772e+06
405;0.562343;4153.73;11976.4;5.20545e+07;1.63777e+06
406;0.562115;3776.16;10901.2;5.20559e+07;1.63781e+06
407;0.561907;3432.91;9922.14;5.20572e+07;1.63785e+06
408;0.561718;3120.86;9030.63;5.20584e+07;1.63789e+06
409;0.561547;2837.17;8218.9;5.20594e+07;1.63792e+06
410;0.56139;2579.27;7479.85;5.20604e+07;1.63795e+06
411;0.561248;2344.82;6807;5.20613e+07;1.63798e+06
412;0.561118;2131.67;6194.45;5.20621e+07;1.63801e+06
413;0.561001;1937.9;5636.84;5.20628e+07;1.63803e+06
414;0.560893;1761.75;5129.24;5.20635e+07;1.63805e+06
415;0.560796;1601.6;4667.21;5.20641e+07;1.63807e+06
416;0.560707;1456.02;4246.66;5.20646e+07;1.63809e+06
417;0.560626;1323.67;3863.89;5.20651e+07;1.6381e+06
418;0.560553;1203.35;3515.52;5.20656e+07;1.63812e+06
419;0.560486;1093.96;3198.48;5.2066e+07;1.63813e+06
420;0.560426;994.521;2909.94;5.20663e+07;1.63814e+06
421;0.56037;904.119;2647.37;5.20667e+07;1.63815e+06
422;0.56032;821.934;2408.43;5.2067e+07;1.63816e+06
423;0.560274;747.221;2191;5.20673e+07;1.63817e+06
424;0.560233;679.298;1993.15;5.20675e+07;1.63818e+06
425;0.560195;617.55;1813.13;5.20678e+07;1.63819e+06
426;0.56016;561.415;1649.33;5.2068e+07;1.63819e+06
427;0.560129;510.382;1500.3;5.20682e+07;1.6382e+06
428;0.560101;463.989;1364.71;5.20684e+07;1.63821e+06
429;0.560075;421.812;1241.35;5.20685e+07;1.63821e+06
430;0.560051;383.469;1129.11;5.20687e+07;1.63821e+06
431;0.56003;348.612;1027.01;5.20688e+07;1.63822e+06
432;0.56001;316.923;934.122;5.20689e+07;1.63822e+06
433;0.559992;288.115;849.622;5.2069e+07;1.63823e+06
434;0.559976;261.925;772.752;5.20691e+07;1.63823e+06
435;0.559962;238.116;702.826;5.20692e+07;1.63823e+06
436;0.559948;216.472;639.218;5.20693e+07;1.63823e+06
437;0.559936;196.794;581.358;5.20694e+07;1.63824e+06
438;0.559925;178.906;528.728;5.20694e+07;1.63824e+06
439;0.559915;162.643;480.856;5.20695e+07;1.63824e+06
440;0.559906;147.859;437.312;5.20696e+07;1.63824e+06
441;0.559898;134.419;397.707;5.20696e+07;1.63824e+06
442;0.55989;122.2;361.684;5.20697e+07;1.63825e+06
443;0.559883;111.092;328.919;5.20697e+07;1.63825e+06
444;0.559877;100.994;299.12;5.20697e+07;1.63825e+06
445;0.559871;91.8134;272.017;5.20698e+07;1.63825e+06
446;0.559866;83.4675;247.367;5.20698e+07;1.63825e+06
447;0.559862;75.8803;224.949;5.20698e+07;1.63825e+06
448;0.559857;68.9828;204.56;5.20699e+07;1.63825e+06
449;0.559853;62.7123;186.017;5.20699e+07;1.63825e+06
450;0.55985;57.0117;169.154;5.20699e+07;1.63825e+06
451;0.559847;51.8294;153.818;5.20699e+07;1.63825e+06
452;0.559844;47.1181;139.871;5.207e+07;1.63826e+06
453;0.559841;42.8351;127.188;5.207e+07;1.63826e+06
454;0.559839;38.9414;115.654;5.207e+07;1.63826e+06
455;0.559836;35.4016;105.165;5.207e+07;1.63826e+06
456;0.559834;32.1836;95.6261;5.207e+07;1.63826e+06
457;0.559833;29.2581;86.9522;5.207e+07;1.63826e+06
458;0.559831;26.5985;79.0644;5.207e+07;1.63826e+06
459;0.55983;24.1807;71.8917;5.207e+07;1.63826e+06
460;0.559828;21.9827;65.3693;5.207e+07;1.63826e+06
461;0.559827;19.9845;59.4382;5.20701e+07;1.63826e+06
462;0.559826;18.1679;54.045;5.20701e+07;1.63826e+06
463;0.559825;16.5164;49.1408;5.20701e+07;1.63826e+06
464;0.559824;15.0151;44.6813;5.20701e+07;1.63826e+06
465;0.559823;13.6502;40.6264;5.20701e+07;1.63826e+06
466;0.559822;12.4094;36.9392;5.20701e+07;1.63826e+06
467;0.559822;11.2814;33.5865;5.20701e+07;1.63826e+06
468;0.559821;10.2559;30.5379;5.20701e+07;1.63826e+06
469;0.55982;9.32366;27.7659;5.20701e+07;1.63826e+06
470;0.55982;8.47614;25.2454;5.20701e+07;1.63826e+06
471;0.559819;7.70566;22.9537;5.20701e+07;1.63826e+06
472;0.559819;7.00521;20.8698;5.20701e+07;1.63826e+06
473;0.559818;6.36844;18.9751;5.20701e+07;1.63826e+06
474;0.559818;5.78955;17.2523;5.20701e+07;1.63826e+06
475;0.559818;5.26328;15.6859;5.20701e+07;1.63826e+06
476;0.559817;4.78485;14.2616;5.20701e+07;1.63826e+06
477;0.559817;4.34991;12.9666;5.20701e+07;1.63826e+06
478;0.559817;3.9545;11.7892;5.20701e+07;1.63826e+06
479;0.559817;3.59504;10.7186;5.20701e+07;1.63826e+06
480;0.559817;3.26825;9.74523;5.20701e+07;1.63826e+06
481;0.559816;2.97116;8.86022;5.20701e+07;1.63826e+06
482;0.559816;2.70109;8.05555;5.20701e+07;1.63826e+06
483;0.559816;2.45556;7.32394;5.20701e+07;1.63826e+06
484;0.559816;2.23235;6.65876;5.20701e+07;1.63826e+06
485;0.559816;2.02943;6.05397;5.20701e+07;1.63826e+06
486;0.559816;1.84495;5.5041;5.20701e+07;1.63826e+06
487;0.559816;1.67725;5.00416;5.20701e+07;1.63826e+06
488;0.559815;1.52478;4.54961;5.20701e+07;1.63826e+06
489;0.559815;1.38618;4.13635;5.20701e+07;1.63826e+06
490;0.559815;1.26018;3.76061;5.20701e+07;1.63826e+06
491;0.559815;1.14563;3.419;5.20701e+07;1.63826e+06
492;0.559815;1.04149;3.10841;5.20701e+07;1.63826e+06
493;0.559815;0.946819;2.82603;5.20701e+07;1.63826e+06
494;0.559815;0.860753;2.5693;5.20701e+07;1.63826e+06
495;0.559815;0.782511;2.33589;5.20701e+07;1.63826e+06
496;0.559815;0.71138;2.12368;5.20701e+07;1.63826e+06
497;0.559815;0.646716;1.93074;5.20701e+07;1.63826e+06
498;0.559815;0.587929;1.75533;5.20701e+07;1.63826e+06
499;0.559815;0.534487;1.59585;5.20701e+07;1.63826e+06
500;0.559815;0.485902;1.45086;5.20701e+07;1.63826e+06
501;0.559815;0.441733;1.31904;5.20701e+07;1.63826e+06
502;0.559815;0.40158;1.19919;5.20701e+07;1.63826e+06
503;0.559815;0.365076;1.09023;5.20701e+07;1.63826e+06
504;0.559815;0.331891;0.991173;5.20701e+07;1.63826e+06
505;0.559815;0.301722;0.901112;5.20701e+07;1.63826e+06
506;0.559815;0.274296;0.819234;5.20701e+07;1.63826e+06
507;0.559815;0.249362;0.744794;5.20701e+07;1.63826e+06
508;0.559815;0.226695;0.677118;5.20701e+07;1.63826e+06
509;0.559815;0.206089;0.61559;5.20701e+07;1.63826e+06
510;0.559815;0.187355;0.559652;5.20701e+07;1.63826e+06
511;0.559815;0.170325;0.508797;5.20701e+07;1.63826e+06
512;0.559815;0.154842;0.462562;5.20701e+07;1.63826e+06
