242;2.44825e+06;1.7647;0.8787;0.1176;0.0037
243;2.44825e+06;3.15493;0.932525;0.220935;0.00695119
244;2.44825e+06;4.51377;1.10619;0.3306;0.0104015
245;2.44825e+06;6.05556;1.38231;0.460688;0.0144944
246;2.44825e+06;7.94447;1.76509;0.623248;0.019609
247;2.44824e+06;10.3372;2.27314;0.830823;0.0261398
248;2.44824e+06;13.4089;2.93705;1.09814;0.0345504
249;2.44823e+06;17.373;3.79966;1.44354;0.0454175
250;2.44823e+06;22.499;4.91797;1.89038;0.0594763
251;2.44822e+06;29.1325;6.36658;2.46873;0.0776727
252;2.44821e+06;37.7193;8.24245;3.21744;0.101229
253;2.44819e+06;48.8358;10.6713;4.18676;0.131726
254;2.44817e+06;63.2278;13.8161;5.4417;0.17121
255;2.44815e+06;81.8608;17.8876;7.06647;0.222329
256;2.44812e+06;105.984;23.159;9.17005;0.288514
257;2.44808e+06;137.217;29.9838;11.8935;0.374202
258;2.44802e+06;177.652;38.8197;15.4196;0.485142
259;2.44796e+06;230.002;50.2595;19.9848;0.628775
260;2.44787e+06;297.777;65.0702;25.8954;0.814735
261;2.44775e+06;385.521;84.2452;33.5476;1.05549
262;2.4476e+06;499.114;109.07;43.4549;1.3672
263;2.44741e+06;646.169;141.209;56.2815;1.77076
264;2.44716e+06;836.538;182.817;72.8877;2.29324
265;2.44684e+06;1082.97;236.683;94.387;2.96966
266;2.44642e+06;1401.96;306.415;122.221;3.84539
267;2.44588e+06;1814.85;396.685;158.255;4.97912
268;2.44518e+06;2349.23;513.537;204.906;6.44686
269;2.44428e+06;3040.79;664.79;265.298;8.34695
270;2.44311e+06;3935.63;860.559;343.477;10.8067
271;2.44159e+06;5093.32;1113.92;444.679;13.9907
272;2.43963e+06;6590.73;1441.79;575.676;18.1123
273;2.43709e+06;8527;1866;745.23;23.4469
274;2.43382e+06;11029.8;2414.75;964.671;30.351
275;2.42958e+06;14263.4;3124.46;1248.65;39.2856
276;2.42411e+06;18438.6;4042.01;1616.08;50.8461
277;2.41705e+06;23825.3;5227.78;2091.42;65.8015
278;2.40794e+06;30767.6;6759.37;2706.21;85.1443
279;2.39621e+06;39703;8736.24;3501.11;110.154
280;2.38112e+06;51183.7;11285.5;4528.49;142.478
281;2.36175e+06;65901.6;14569.2;5855.67;184.235
282;2.33694e+06;84714.7;18792.4;7569.01;238.141
283;2.30528e+06;108672;24213.5;9779;307.673
284;2.26504e+06;139033;31154.7;12626.5;397.262
285;2.21417e+06;177267;40013.7;16290.3;512.535
286;2.1503e+06;225028;51273.6;20995.9;660.585
287;2.07081e+06;284064;65509.1;27025.7;850.298
288;1.97299e+06;356057;83384.3;34729.6;1092.68
289;1.85436e+06;442328;105635;44535.6;1401.2
290;1.71308e+06;543394;133029;56958.3;1792.05
291;1.5487e+06;658382;166287;72602.5;2284.26
292;1.3629e+06;784334;205964;92157.9;2899.53
293;1.16033e+06;915611;252276;116379;3661.59
294;949019;1.04369e+06;304904;146047;4595.02
295;740058;1.15778e+06;362791;181904;5723.16
296;546081;1.24652e+06;424027;224568;7065.49
297;378696;1.30059e+06;485900;274433;8634.39
298;245594;1.31547e+06;545184;331575;10432.2
299;148671;1.29282e+06;598630;395689;12449.4
300;84193.5;1.23978e+06;643533;466088;14664.3
301;44904.7;1.16637e+06;678168;541767;17045.4
302;22800.5;1.08245e+06;701929;621520;19554.6
303;11171.8;995685;715180;704067;22151.8
304;5360.2;910989;718937;788172;24797.9
305;2554.1;830986;714539;872719;27458
306;1223.73;756780;703402;956749;30101.8
307;595.566;688617;686870;1.03947e+06;32704.4
308;296.715;626320;666148;1.12024e+06;35245.8
309;152.165;569532;642277;1.19858e+06;37710.5
310;80.6184;517834;616139;1.27412e+06;40087
311;44.2191;470799;588473;1.34657e+06;42366.7
312;25.1326;428022;559887;1.41578e+06;44544
313;14.8021;389125;530880;1.48162e+06;46615.6
314;9.02807;353760;501855;1.54405e+06;48579.9
315;5.6962;321606;473137;1.60307e+06;50436.7
316;3.71275;292374;444980;1.65871e+06;52187.3
317;2.496;265799;417580;1.71104e+06;53833.8
318;1.72784;241638;391089;1.76015e+06;55378.8
319;1.2295;219674;365615;1.80614e+06;56825.8
320;0.89779;199706;341234;1.84914e+06;58178.6
321;0.671596;181553;317996;1.88927e+06;59441.2
322;0.51383;165050;295926;1.92666e+06;60617.8
323;0.401447;150047;275033;1.96146e+06;61712.7
324;0.319806;136408;255311;1.99381e+06;62730.3
325;0.259406;124008;236741;2.02383e+06;63675
326;0.213959;112736;219297;2.05167e+06;64550.9
327;0.179223;102488;202944;2.07746e+06;65362.3
328;0.152287;93172.2;187643;2.10133e+06;66113.2
329;0.131119;84702.9;173351;2.12339e+06;66807.5
330;0.114276;77003.4;160023;2.14378e+06;67448.9
331;0.100722;70003.8;147612;2.1626e+06;68041
332;0.0896988;63640.5;136070;2.17996e+06;68587.1
333;0.0806477;57855.5;125350;2.19596e+06;69090.6
334;0.0731496;52596.5;115404;2.2107e+06;69554.4
335;0.066887;47815.5;106186;2.22427e+06;69981.4
336;0.0616169;43469.1;97652.3;2.23676e+06;70374.3
337;0.0571516;39517.7;89758.4;2.24824e+06;70735.6
338;0.053344;35925.6;82462.9;2.2588e+06;71067.7
339;0.0500786;32659.9;75725.8;2.2685e+06;71372.8
340;0.0472631;29691.1;69509;2.2774e+06;71653
341;0.0448238;26992.2;63776.5;2.28558e+06;71910.2
342;0.0427009;24538.6;58494;2.29308e+06;72146.1
343;0.0408459;22308.1;53629.3;2.29996e+06;72362.6
344;0.0392189;20280.3;49151.8;2.30626e+06;72561
345;0.037787;18436.8;45033.2;2.31204e+06;72742.9
346;0.0365229;16760.9;41246.6;2.31734e+06;72909.5
347;0.0354038;15237.3;37766.9;2.32219e+06;73062.1
348;0.0344104;13852.3;34570.9;2.32663e+06;73201.8
349;0.0335265;12593.1;31636.6;2.3307e+06;73329.7
350;0.0327384;11448.4;28943.8;2.33442e+06;73446.8
351;0.0320343;10407.7;26473.6;2.33782e+06;73553.9
352;0.031404;9461.66;24208.4;2.34093e+06;73651.8
353;0.0308391;8601.59;22132;2.34378e+06;73741.4
354;0.0303318;7819.71;20229.2;2.34638e+06;73823.3
355;0.0298758;7108.9;18486.3;2.34876e+06;73898.1
356;0.0294654;6462.7;16890.1;2.35094e+06;73966.5
357;0.0290955;5875.24;15428.8;2.35292e+06;74029
358;0.0287618;5341.18;14091.3;2.35474e+06;74086.1
359;0.0284606;4855.67;12867.5;2.35639e+06;74138.3
360;0.0281884;4414.29;11748.1;2.35791e+06;74185.9
361;0.0279422;4013.03;10724.3;2.35929e+06;74229.3
362;0.0277195;3648.25;9788.24;2.36055e+06;74269
363;0.0275178;3316.62;8932.55;2.3617e+06;74305.2
364;0.0273351;3015.14;8150.51;2.36275e+06;74338.3
365;0.0271694;2741.06;7435.93;2.36371e+06;74368.4
366;0.0270193;2491.9;6783.12;2.36458e+06;74396
367;0.026883;2265.39;6186.84;2.36538e+06;74421.1
368;0.0267594;2059.46;5642.3;2.36611e+06;74443.9
369;0.0266471;1872.26;5145.09;2.36677e+06;74464.8
370;0.0265452;1702.07;4691.18;2.36738e+06;74483.9
371;0.0264526;1547.35;4276.86;2.36793e+06;74501.2
372;0.0263685;1406.7;3898.73;2.36843e+06;74517
373;0.0262921;1278.83;3553.68;2.36889e+06;74531.5
374;0.0262227;1162.58;3238.87;2.36931e+06;74544.6
375;0.0261595;1056.91;2951.67;2.36969e+06;74556.6
376;0.0261021;960.833;2689.71;2.37004e+06;74567.5
377;0.0260499;873.493;2450.78;2.37035e+06;74577.5
378;0.0260025;794.092;2232.9;2.37064e+06;74586.5
379;0.0259593;721.909;2034.24;2.37091e+06;74594.8
380;0.02592;656.288;1853.11;2.37114e+06;74602.3
381;0.0258843;596.631;1687.98;2.37136e+06;74609.2
382;0.0258518;542.398;1537.46;2.37156e+06;74615.4
383;0.0258223;493.094;1400.27;2.37174e+06;74621.1
384;0.0257954;448.272;1275.24;2.37191e+06;74626.3
385;0.025771;407.524;1161.3;2.37206e+06;74631
386;0.0257487;370.48;1057.48;2.37219e+06;74635.3
387;0.0257285;336.803;962.884;2.37232e+06;74639.2
388;0.02571;306.188;876.702;2.37243e+06;74642.8
389;0.0256933;278.355;798.19;2.37253e+06;74646
390;0.025678;253.053;726.672;2.37263e+06;74649
391;0.0256642;230.05;661.53;2.37271e+06;74651.7
392;0.0256516;209.139;602.198;2.37279e+06;74654.1
393;0.0256401;190.128;548.162;2.37286e+06;74656.4
394;0.0256296;172.845;498.952;2.37293e+06;74658.4
395;0.0256201;157.134;454.141;2.37298e+06;74660.2
396;0.0256115;142.85;413.337;2.37304e+06;74661.9
397;0.0256036;129.865;376.185;2.37309e+06;74663.4
398;0.0255964;118.061;342.358;2.37313e+06;74664.8
399;0.0255899;107.329;311.562;2.37317e+06;74666.1
400;0.025584;97.5726;283.526;2.37321e+06;74667.2
401;0.0255786;88.7033;258.003;2.37324e+06;74668.3
402;0.0255737;80.6402;234.771;2.37327e+06;74669.3
403;0.0255692;73.31;213.623;2.3733e+06;74670.1
404;0.0255652;66.6461;194.374;2.37332e+06;74670.9
405;0.0255615;60.588;176.855;2.37335e+06;74671.6
406;0.0255581;55.0805;160.91;2.37337e+06;74672.3
407;0.0255551;50.0737;146.398;2.37339e+06;74672.9
408;0.0255523;45.522;133.192;2.3734e+06;74673.4
409;0.0255497;41.3841;121.174;2.37342e+06;74673.9
410;0.0255474;37.6223;110.237;2.37343e+06;74674.4
411;0.0255453;34.2024;100.285;2.37345e+06;74674.8
412;0.0255434;31.0934;91.2297;2.37346e+06;74675.1
413;0.0255417;28.267;82.9899;2.37347e+06;74675.5
414;0.0255401;25.6975;75.4927;2.37348e+06;74675.8
415;0.0255387;23.3616;68.6713;2.37349e+06;74676.1
416;0.0255374;21.2381;62.4651;2.3735e+06;74676.3
417;0.0255362;19.3075;56.8186;2.3735e+06;74676.5
418;0.0255351;17.5525;51.6816;2.37351e+06;74676.8
419;0.0255341;15.957;47.0081;2.37352e+06;74677
420;0.0255333;14.5065;42.7565;2.37352e+06;74677.1
421;0.0255324;13.1878;38.8888;2.37353e+06;74677.3
422;0.0255317;11.9891;35.3703;2.37353e+06;74677.4
423;0.025531;10.8993;32.1697;2.37354e+06;74677.6
424;0.0255304;9.90851;29.2583;2.37354e+06;74677.7
425;0.0255299;9.00783;26.6099;2.37354e+06;74677.8
426;0.0255294;8.18902;24.201;2.37355e+06;74677.9
427;0.0255289;7.44464;22.0098;2.37355e+06;74678
428;0.0255285;6.76792;20.0167;2.37355e+06;74678.1
429;0.0255281;6.15272;18.2039;2.37355e+06;74678.1
430;0.0255278;5.59344;16.555;2.37356e+06;74678.2
431;0.0255274;5.08499;15.0553;2.37356e+06;74678.3
432;0.0255272;4.62277;13.6914;2.37356e+06;74678.3
433;0.0255269;4.20256;12.4508;2.37356e+06;74678.4
434;0.0255267;3.82055;11.3225;2.37356e+06;74678.4
435;0.0255264;3.47326;10.2964;2.37356e+06;74678.5
436;0.0255263;3.15754;9.36317;2.37356e+06;74678.5
437;0.0255261;2.87052;8.51444;2.37357e+06;74678.5
438;0.0255259;2.60959;7.74256;2.37357e+06;74678.6
439;0.0255258;2.37238;7.0406;2.37357e+06;74678.6
440;0.0255256;2.15673;6.40223;2.37357e+06;74678.6
441;0.0255255;1.96068;5.82168;2.37357e+06;74678.6
442;0.0255254;1.78246;5.29374;2.37357e+06;74678.7
443;0.0255253;1.62043;4.81363;2.37357e+06;74678.7
444;0.0255252;1.47313;4.37704;2.37357e+06;74678.7
445;0.0255251;1.33923;3.98001;2.37357e+06;74678.7
446;0.0255251;1.21749;3.61897;2.37357e+06;74678.7
447;0.025525;1.10682;3.29066;2.37357e+06;74678.7
448;0.0255249;1.00621;2.99211;2.37357e+06;74678.7
449;0.0255249;0.914746;2.72063;2.37357e+06;74678.8
450;0.0255248;0.831596;2.47377;2.37357e+06;74678.8
451;0.0255248;0.756004;2.2493;2.37357e+06;74678.8
452;0.0255247;0.687283;2.04518;2.37357e+06;74678.8
453;0.0255247;0.624809;1.85957;2.37357e+06;74678.8
454;0.0255246;0.568014;1.6908;2.37357e+06;74678.8
455;0.0255246;0.516382;1.53734;2.37358e+06;74678.8
456;0.0255246;0.469443;1.3978;2.37358e+06;74678.8
457;0.0255246;0.42677;1.27092;2.37358e+06;74678.8
458;0.0255245;0.387977;1.15555;2.37358e+06;74678.8
459;0.0255245;0.35271;1.05065;2.37358e+06;74678.8
460;0.0255245;0.320648;0.955265;2.37358e+06;74678.8
461;0.0255245;0.291502;0.868539;2.37358e+06;74678.8
462;0.0255245;0.265004;0.789682;2.37358e+06;74678.8
463;0.0255244;0.240915;0.717983;2.37358e+06;74678.8
464;0.0255244;0.219016;0.652791;2.37358e+06;74678.8
465;0.0255244;0.199107;0.593516;2.37358e+06;74678.8
466;0.0255244;0.181009;0.539621;2.37358e+06;74678.8
467;0.0255244;0.164555;0.490619;2.37358e+06;74678.9
