223;2.80879e+07;1.7647;0.8787;0.1176;0.0037
224;2.80879e+07;3.15493;0.932525;0.220935;0.00695119
225;2.80879e+07;4.51377;1.10619;0.3306;0.0104015
226;2.80879e+07;6.05557;1.38231;0.460688;0.0144944
227;2.80879e+07;7.94449;1.76509;0.623248;0.019609
228;2.80879e+07;10.3372;2.27314;0.830823;0.0261398
229;2.80879e+07;13.4089;2.93706;1.09814;0.0345505
230;2.80878e+07;17.3731;3.79967;1.44354;0.0454176
231;2.80878e+07;22.4991;4.91798;1.89038;0.0594763
232;2.80878e+07;29.1327;6.3666;2.46874;0.0776729
233;2.80878e+07;37.7197;8.2425;3.21745;0.101229
234;2.80878e+07;48.8365;10.6714;4.18677;0.131727
235;2.80878e+07;63.229;13.8162;5.44172;0.171211
236;2.80878e+07;81.8629;17.8878;7.06651;0.222331
237;2.80877e+07;105.988;23.1594;9.17011;0.288516
238;2.80877e+07;137.223;29.9844;11.8937;0.374205
239;2.80876e+07;177.662;38.8209;15.4198;0.485148
240;2.80876e+07;230.02;50.2614;19.9852;0.628785
241;2.80875e+07;297.806;65.0735;25.8959;0.814752
242;2.80874e+07;385.569;84.2507;33.5485;1.05552
243;2.80872e+07;499.195;109.079;43.4564;1.36725
244;2.8087e+07;646.306;141.225;56.2841;1.77084
245;2.80868e+07;836.769;182.844;72.8922;2.29338
246;2.80865e+07;1083.36;236.727;94.3946;2.9699
247;2.8086e+07;1402.61;306.489;122.234;3.84579
248;2.80855e+07;1815.94;396.809;158.277;4.9798
249;2.80848e+07;2351.06;513.745;204.942;6.44799
250;2.80839e+07;3043.86;665.14;265.358;8.34885
251;2.80827e+07;3940.78;861.145;343.578;10.8099
252;2.80812e+07;5101.94;1114.9;444.849;13.9961
253;2.80792e+07;6605.18;1443.43;575.962;18.1213
254;2.80767e+07;8551.22;1868.76;745.71;23.462
255;2.80734e+07;11070.4;2419.38;965.475;30.3764
256;2.80691e+07;14331.4;3132.21;1249.99;39.3281
257;2.80636e+07;18552.4;4054.99;1618.34;50.9172
258;2.80564e+07;24015.6;5249.54;2095.21;65.9207
259;2.80472e+07;31086.1;6795.79;2712.56;85.344
260;2.80352e+07;40235.6;8797.19;3511.74;110.488
261;2.80197e+07;52073.5;11387.5;4546.29;143.038
262;2.79997e+07;67386.9;14739.7;5885.46;185.172
263;2.79737e+07;87191.1;19077.2;7618.85;239.709
264;2.79402e+07;112794;24688.8;9862.33;310.294
265;2.78969e+07;145881;31947.1;12765.7;401.643
266;2.78409e+07;188615;41332.5;16522.7;519.847
267;2.77686e+07;243769;53464;21383.4;672.778
268;2.76753e+07;314888;69137.4;27670.8;870.594
269;2.75551e+07;406483;89374.4;35801.3;1126.4
270;2.74004e+07;524268;115483;46311.8;1457.09
271;2.72015e+07;675426;149131;59892.5;1884.37
272;2.69467e+07;868913;192437;77430.3;2436.16
273;2.66208e+07;1.11575e+06;248079;100061;3148.17
274;2.62059e+07;1.4293e+06;319409;129235;4066.07
275;2.56799e+07;1.82534e+06;410587;166797;5247.88
276;2.50173e+07;2.32199e+06;526707;215083;6767.05
277;2.41893e+07;2.93899e+06;673886;277023;8715.87
278;2.31648e+07;3.6963e+06;859298;356272;11209.2
279;2.19137e+07;4.61142e+06;1.09106e+06;457326;14388.6
280;2.04108e+07;5.69516e+06;1.37789e+06;585634;18425.6
281;1.86426e+07;6.94559e+06;1.72844e+06;747674;23523.8
282;1.66165e+07;8.34042e+06;2.15014e+06;950939;29919
283;1.43694e+07;9.82936e+06;2.64747e+06;1.20379e+06;37874.5
284;1.1976e+07;1.13292e+07;3.21982e+06;1.51514e+06;47670.1
285;9.54923e+06;1.27262e+07;3.85908e+06;1.89379e+06;59583.5
286;7.22902e+06;1.38896e+07;4.54779e+06;2.34762e+06;73862.1
287;5.15805e+06;1.4698e+07;5.2587e+06;2.88244e+06;90688.9
288;3.44835e+06;1.50716e+07;5.95687e+06;3.50086e+06;110146
289;2.1527e+06;1.49973e+07;6.60431e+06;4.20139e+06;132186
290;1.25525e+06;1.45315e+07;7.16646e+06;4.97805e+06;156622
291;686899;1.37789e+07;7.61808e+06;5.82083e+06;183138
292;355973;1.28573e+07;7.94651e+06;6.71672e+06;211325
293;176902;1.18677e+07;8.15133e+06;7.65123e+06;240727
294;85521.9;1.08803e+07;8.24135e+06;8.60982e+06;270887
295;40808.7;9.93598e+06;8.23069e+06;9.57901e+06;301380
296;19477;9.05413e+06;8.13549e+06;1.05469e+07;331834
297;9402.59;8.24119e+06;7.97168e+06;1.15037e+07;361935
298;4631.9;7.49683e+06;7.75384e+06;1.24411e+07;391430
299;2343.55;6.81766e+06;7.49476e+06;1.3353e+07;420120
300;1223.27;6.19906e+06;7.20537e+06;1.42344e+07;447850
301;660.524;5.63612e+06;6.89485e+06;1.50817e+07;474510
302;369.476;5.12409e+06;6.57083e+06;1.58926e+07;500021
303;214.18;4.65847e+06;6.23957e+06;1.66653e+07;524333
304;128.621;4.2351e+06;5.90616e+06;1.73991e+07;547419
305;79.9446;3.85018e+06;5.57472e+06;1.80936e+07;569272
306;51.365;3.50022e+06;5.24848e+06;1.87492e+07;589899
307;34.064;3.18207e+06;4.93001e+06;1.93664e+07;609318
308;23.279;2.89283e+06;4.62125e+06;1.99462e+07;627559
309;16.3657;2.62988e+06;4.32365e+06;2.04897e+07;644658
310;11.8156;2.39083e+06;4.03825e+06;2.09981e+07;660655
311;8.74558;2.17351e+06;3.76574e+06;2.1473e+07;675597
312;6.62544;1.97594e+06;3.50652e+06;2.19159e+07;689530
313;5.12908;1.79632e+06;3.2608e+06;2.23282e+07;702504
314;4.05134;1.63304e+06;3.02855e+06;2.27117e+07;714569
315;3.26034;1.4846e+06;2.80963e+06;2.30679e+07;725775
316;2.66955;1.34965e+06;2.60377e+06;2.33983e+07;736170
317;2.22109;1.22697e+06;2.41062e+06;2.37045e+07;745804
318;1.87552;1.11543e+06;2.22974e+06;2.3988e+07;754724
319;1.60552;1.01404e+06;2.06066e+06;2.42502e+07;762974
320;1.39186;921866;1.90288e+06;2.44925e+07;770598
321;1.22076;838068;1.75586e+06;2.47163e+07;777639
322;1.08226;761888;1.61905e+06;2.49228e+07;784135
323;0.969006;692632;1.49192e+06;2.51132e+07;790126
324;0.875549;629672;1.37391e+06;2.52886e+07;795646
325;0.797768;572435;1.26449e+06;2.54502e+07;800730
326;0.73253;520401;1.16314e+06;2.55989e+07;805408
327;0.677418;473096;1.06936e+06;2.57357e+07;809712
328;0.630554;430092;982650;2.58615e+07;813668
329;0.590464;390997;902550;2.5977e+07;817304
330;0.555978;355455;828612;2.60832e+07;820644
331;0.526163;323144;760412;2.61806e+07;823710
332;0.500266;293771;697548;2.627e+07;826523
333;0.477677;267067;639639;2.63521e+07;829104
334;0.457897;242790;586327;2.64273e+07;831471
335;0.440514;220721;537275;2.64962e+07;833640
336;0.42519;200657;492167;2.65594e+07;835628
337;0.411639;182418;450707;2.66173e+07;837449
338;0.399624;165836;412618;2.66703e+07;839117
339;0.388945;150761;377642;2.67188e+07;840643
340;0.379432;137057;345538;2.67632e+07;842041
341;0.370941;124599;316083;2.68039e+07;843319
342;0.363346;113273;289068;2.6841e+07;844489
343;0.356543;102976;264301;2.6875e+07;845558
344;0.350438;93615.7;241602;2.69061e+07;846536
345;0.344954;85106;220805;2.69345e+07;847430
346;0.340019;77369.9;201757;2.69605e+07;848247
347;0.335575;70336.9;184317;2.69842e+07;848993
348;0.331568;63943.3;168353;2.70059e+07;849675
349;0.327951;58130.9;153744;2.70257e+07;850298
350;0.324685;52846.8;140379;2.70438e+07;850867
351;0.321732;48043;128155;2.70603e+07;851387
352;0.31906;43675.9;116977;2.70754e+07;851861
353;0.316642;39705.8;106758;2.70891e+07;852294
354;0.314452;36096.5;97417.3;2.71017e+07;852689
355;0.312467;32815.3;88881.8;2.71131e+07;853049
356;0.310667;29832.4;81083.3;2.71236e+07;853378
357;0.309035;27120.7;73959.7;2.71331e+07;853678
358;0.307554;24655.4;67453.6;2.71418e+07;853952
359;0.30621;22414.2;61512.7;2.71497e+07;854201
360;0.304989;20376.8;56088.7;2.7157e+07;854429
361;0.303881;18524.5;51137.3;2.71636e+07;854636
362;0.302874;16840.6;46618.3;2.71696e+07;854825
363;0.301959;15309.8;42494.3;2.71751e+07;854998
364;0.301127;13918.2;38731.4;2.71801e+07;855155
365;0.300372;12653;35298.4;2.71846e+07;855298
366;0.299685;11502.9;32166.9;2.71888e+07;855429
367;0.29906;10457.2;29310.7;2.71926e+07;855548
368;0.298492;9506.68;26705.8;2.7196e+07;855657
369;0.297975;8642.52;24330.6;2.71991e+07;855755
370;0.297506;7856.92;22164.9;2.7202e+07;855845
371;0.297078;7142.73;20190.5;2.72046e+07;855927
372;0.29669;6493.45;18390.6;2.7207e+07;856002
373;0.296336;5903.2;16750.1;2.72091e+07;856070
374;0.296014;5366.6;15254.9;2.72111e+07;856132
375;0.295722;4878.77;13892.3;2.72129e+07;856189
376;0.295455;4435.29;12650.7;2.72145e+07;856240
377;0.295213;4032.13;11519.3;2.7216e+07;856287
378;0.294993;3665.61;10488.5;2.72174e+07;856329
379;0.294792;3332.4;9549.48;2.72186e+07;856368
380;0.29461;3029.49;8694.05;2.72197e+07;856404
381;0.294444;2754.11;7914.84;2.72208e+07;856436
382;0.294293;2503.76;7205.12;2.72217e+07;856465
383;0.294155;2276.17;6558.73;2.72225e+07;856492
384;0.29403;2069.26;5970.06;2.72233e+07;856516
385;0.293917;1881.17;5433.99;2.7224e+07;856538
386;0.293813;1710.17;4945.84;2.72247e+07;856558
387;0.293719;1554.72;4501.37;2.72252e+07;856576
388;0.293633;1413.39;4096.67;2.72258e+07;856593
389;0.293555;1284.91;3728.22;2.72263e+07;856608
390;0.293484;1168.12;3392.79;2.72267e+07;856622
391;0.29342;1061.93;3087.43;2.72271e+07;856635
392;0.293361;965.404;2809.45;2.72275e+07;856646
393;0.293308;877.649;2556.42;2.72278e+07;856656
394;0.293259;797.871;2326.1;2.72281e+07;856666
395;0.293215;725.345;2116.47;2.72284e+07;856674
396;0.293175;659.411;1925.68;2.72286e+07;856682
397;0.293138;599.47;1752.04;2.72288e+07;856689
398;0.293105;544.979;1594.01;2.7229e+07;856696
399;0.293075;495.44;1450.19;2.72292e+07;856702
400;0.293047;450.405;1319.32;2.72294e+07;856707
401;0.293022;409.463;1200.23;2.72295e+07;856712
402;0.292999;372.243;1091.86;2.72297e+07;856716
403;0.292979;338.406;993.254;2.72298e+07;856721
404;0.29296;307.645;903.533;2.72299e+07;856724
405;0.292943;279.68;821.899;2.723e+07;856728
406;0.292927;254.257;747.626;2.72301e+07;856731
407;0.292913;231.145;680.051;2.72302e+07;856733
408;0.2929;210.134;618.572;2.72303e+07;856736
409;0.292888;191.033;562.64;2.72304e+07;856738
410;0.292877;173.668;511.757;2.72304e+07;856740
411;0.292868;157.882;465.467;2.72305e+07;856742
412;0.292859;143.53;423.357;2.72306e+07;856744
413;0.292851;130.483;385.051;2.72306e+07;856745
414;0.292844;118.622;350.205;2.72307e+07;856747
415;0.292837;107.84;318.508;2.72307e+07;856748
416;0.292831;98.0369;289.676;2.72307e+07;856749
417;0.292825;89.1254;263.45;2.72308e+07;856750
418;0.29282;81.0239;239.595;2.72308e+07;856751
419;0.292816;73.6588;217.897;2.72308e+07;856752
420;0.292812;66.9632;198.162;2.72309e+07;856753
421;0.292808;60.8763;180.212;2.72309e+07;856754
422;0.292804;55.3426;163.886;2.72309e+07;856754
423;0.292801;50.312;149.037;2.72309e+07;856755
424;0.292799;45.7386;135.532;2.72309e+07;856756
425;0.292796;41.581;123.25;2.7231e+07;856756
426;0.292794;37.8013;112.079;2.7231e+07;856757
427;0.292791;34.3652;101.92;2.7231e+07;856757
428;0.29279;31.2414;92.681;2.7231e+07;856757
429;0.292788;28.4015;84.2786;2.7231e+07;856758
430;0.292786;25.8198;76.6373;2.7231e+07;856758
431;0.292785;23.4728;69.6883;2.7231e+07;856758
432;0.292783;21.3391;63.3687;2.7231e+07;856759
433;0.292782;19.3994;57.6218;2.7231e+07;856759
434;0.292781;17.636;52.3957;2.7231e+07;856759
435;0.29278;16.0329;47.6432;2.7231e+07;856759
436;0.292779;14.5755;43.3215;2.72311e+07;856759
437;0.292778;13.2506;39.3915;2.72311e+07;856760
438;0.292778;12.0461;35.8178;2.72311e+07;856760
439;0.292777;10.9511;32.5681;2.72311e+07;856760
440;0.292776;9.95566;29.613;2.72311e+07;856760
441;0.292776;9.05069;26.9259;2.72311e+07;856760
442;0.292775;8.22799;24.4825;2.72311e+07;856760
443;0.292775;7.48006;22.2607;2.72311e+07;856760
444;0.292774;6.80012;20.2404;2.72311e+07;856760
445;0.292774;6.18199;18.4034;2.72311e+07;856760
446;0.292774;5.62005;16.733;2.72311e+07;856760
447;0.292773;5.10919;15.2142;2.72311e+07;856761
448;0.292773;4.64476;13.8331;2.72311e+07;856761
449;0.292773;4.22256;12.5774;2.72311e+07;856761
450;0.292773;3.83872;11.4356;2.72311e+07;856761
451;0.292772;3.48979;10.3974;2.72311e+07;856761
452;0.292772;3.17256;9.45339;2.72311e+07;856761
453;0.292772;2.88418;8.59508;2.72311e+07;856761
454;0.292772;2.62201;7.81467;2.72311e+07;856761
455;0.292772;2.38367;7.10509;2.72311e+07;856761
456;0.292772;2.16699;6.45992;2.72311e+07;856761
457;0.292771;1.97001;5.87331;2.72311e+07;856761
458;0.292771;1.79094;5.33995;2.72311e+07;856761
459;0.292771;1.62814;4.85501;2.72311e+07;856761
460;0.292771;1.48014;4.4141;2.72311e+07;856761
461;0.292771;1.3456;4.01321;2.72311e+07;856761
462;0.292771;1.22328;3.64872;2.72311e+07;856761
463;0.292771;1.11209;3.31733;2.72311e+07;856761
464;0.292771;1.011;3.01603;2.72311e+07;856761
465;0.292771;0.919099;2.74208;2.72311e+07;856761
466;0.292771;0.835553;2.49301;2.72311e+07;856761
467;0.292771;0.759601;2.26656;2.72311e+07;856761
468;0.292771;0.690553;2.06068;2.72311e+07;856761
469;0.292771;0.627782;1.87349;2.72311e+07;856761
470;0.292771;0.570717;1.7033;2.72311e+07;856761
471;0.29277;0.518839;1.54857;2.72311e+07;856761
472;0.29277;0.471676;1.40789;2.72311e+07;856761
473;0.29277;0.428801;1.27999;2.72311e+07;856761
474;0.29277;0.389823;1.1637;2.72311e+07;856761
475;0.29277;0.354388;1.05798;2.72311e+07;856761
476;0.29277;0.322174;0.961861;2.72311e+07;856761
477;0.29277;0.292889;0.874473;2.72311e+07;856761
478;0.29277;0.266265;0.795023;2.72311e+07;856761
479;0.29277;0.242062;0.72279;2.72311e+07;856761
480;0.29277;0.220058;0.657119;2.72311e+07;856761
481;0.29277;0.200055;0.597414;2.72311e+07;856761
482;0.29277;0.18187;0.543133;2.72311e+07;856761
483;0.29277;0.165338;0.493783;2.72311e+07;856761
