130;1.72316e+07;1.7647;0.8787;0.1176;0.0037
131;1.72316e+07;3.15493;0.932525;0.220935;0.00695119
132;1.72316e+07;4.51377;1.10619;0.3306;0.0104015
133;1.72316e+07;6.05557;1.38231;0.460688;0.0144944
134;1.72316e+07;7.94449;1.76509;0.623248;0.019609
135;1.72316e+07;10.3372;2.27314;0.830823;0.0261398
136;1.72316e+07;13.4089;2.93706;1.09814;0.0345505
137;1.72316e+07;17.3731;3.79966;1.44354;0.0454176
138;1.72316e+07;22.4991;4.91798;1.89038;0.0594763
139;1.72316e+07;29.1327;6.3666;2.46874;0.0776728
140;1.72316e+07;37.7197;8.24249;3.21745;0.101229
141;1.72316e+07;48.8364;10.6714;4.18677;0.131726
142;1.72315e+07;63.2289;13.8162;5.44172;0.171211
143;1.72315e+07;81.8627;17.8878;7.06651;0.222331
144;1.72315e+07;105.988;23.1593;9.17011;0.288515
145;1.72314e+07;137.222;29.9844;11.8936;0.374205
146;1.72314e+07;177.662;38.8208;15.4198;0.485147
147;1.72313e+07;230.019;50.2613;19.9851;0.628784
148;1.72312e+07;297.804;65.0733;25.8959;0.814751
149;1.72311e+07;385.566;84.2503;33.5485;1.05552
150;1.7231e+07;499.191;109.079;43.4563;1.36725
151;1.72308e+07;646.298;141.224;56.284;1.77084
152;1.72305e+07;836.755;182.842;72.8919;2.29337
153;1.72302e+07;1083.33;236.724;94.3941;2.96988
154;1.72298e+07;1402.57;306.485;122.233;3.84576
155;1.72292e+07;1815.87;396.802;158.276;4.97976
156;1.72285e+07;2350.95;513.733;204.939;6.44792
157;1.72276e+07;3043.67;665.119;265.354;8.34874
158;1.72265e+07;3940.47;861.11;343.572;10.8097
159;1.72249e+07;5101.42;1114.85;444.839;13.9958
160;1.7223e+07;6604.31;1443.33;575.945;18.1207
161;1.72204e+07;8549.76;1868.59;745.681;23.461
162;1.72171e+07;11067.9;2419.1;965.427;30.3748
163;1.72129e+07;14327.3;3131.74;1249.91;39.3255
164;1.72074e+07;18545.5;4054.21;1618.21;50.913
165;1.72002e+07;24004.1;5248.22;2094.98;65.9135
166;1.7191e+07;31066.8;6793.59;2712.17;85.332
167;1.7179e+07;40203.3;8793.5;3511.1;110.468
168;1.71635e+07;52019.4;11381.3;4545.21;143.004
169;1.71435e+07;67296.3;14729.3;5883.66;185.115
170;1.71177e+07;87039.3;19059.9;7615.83;239.614
171;1.70843e+07;112540;24659.8;9857.27;310.135
172;1.70411e+07;145456;31898.5;12757.3;401.377
173;1.69854e+07;187904;41251.2;16508.5;519.401
174;1.69137e+07;242582;53327.9;21359.7;672.03
175;1.68213e+07;312906;68909.9;27631;869.344
176;1.67026e+07;403179;88994.3;35734.8;1124.31
177;1.65504e+07;518766;114848;46200.6;1453.59
178;1.63557e+07;666287;148073;59706.7;1878.53
179;1.61076e+07;853769;190677;77120.1;2426.4
180;1.5793e+07;1.09075e+06;245156;99543.8;3131.9
181;1.53965e+07;1.38818e+06;314567;128374;4038.98
182;1.49004e+07;1.7581e+06;402595;165367;5202.88
183;1.42858e+07;2.21282e+06;513572;212712;6692.48
184;1.35342e+07;2.76333e+06;652421;273108;8592.7
185;1.26294e+07;3.41688e+06;824469;349833;11006.7
186;1.15624e+07;4.17332e+06;1.03506e+06;446791;14057.2
187;1.03358e+07;5.02059e+06;1.28886e+06;568513;17886.9
188;8.97012e+06;5.92988e+06;1.58889e+06;720083;22655.7
189;7.50859e+06;6.85238e+06;1.93518e+06;906937;28534.6
190;6.01804e+06;7.72004e+06;2.32333e+06;1.13451e+06;35694.8
191;4.58318e+06;8.45316e+06;2.74326e+06;1.40774e+06;44291.1
192;3.29227e+06;8.97567e+06;3.1789e+06;1.73035e+06;54441.1
193;2.21707e+06;9.23499e+06;3.60918e+06;2.10418e+06;66203.1
194;1.39444e+06;9.21816e+06;4.01085e+06;2.52862e+06;79557
195;819013;8.95565e+06;4.36226e+06;3.0003e+06;94397.2
196;451111;8.50948e+06;4.64719e+06;3.5133e+06;110538
197;235032;7.95205e+06;4.857e+06;4.05981e+06;127732
198;117252;7.34699e+06;4.99068e+06;4.63099e+06;145703
199;56813.8;6.73959e+06;5.05316e+06;5.2179e+06;164169
200;27130.1;6.15664e+06;5.05284e+06;5.81215e+06;182865
201;12940.7;5.61119e+06;4.99957e+06;6.40636e+06;201561
202;6236.55;5.10784e+06;4.90318e+06;6.99431e+06;220059
203;3064.44;4.64671e+06;4.77272e+06;7.57093e+06;238201
204;1545.62;4.22584e+06;4.61618e+06;8.1322e+06;255860
205;803.924;3.84245e+06;4.44036e+06;8.67506e+06;272940
206;432.464;3.49355e+06;4.25103e+06;9.19725e+06;289369
207;240.976;3.17617e+06;4.05294e+06;9.69717e+06;305098
208;139.153;2.88756e+06;3.85003e+06;1.01738e+07;320094
209;83.2486;2.62514e+06;3.6455e+06;1.06266e+07;334339
210;51.5538;2.38655e+06;3.44193e+06;1.10553e+07;347827
211;33.0073;2.16963e+06;3.24136e+06;1.146e+07;360562
212;21.8164;1.97242e+06;3.0454e+06;1.18412e+07;372556
213;14.8619;1.79313e+06;2.85529e+06;1.21994e+07;383824
214;10.4171;1.63014e+06;2.67194e+06;1.25351e+07;394388
215;7.49988;1.48196e+06;2.49601e+06;1.28494e+07;404274
216;5.53672;1.34726e+06;2.32796e+06;1.31429e+07;413509
217;4.18428;1.22479e+06;2.16804e+06;1.34167e+07;422123
218;3.23191;1.11346e+06;2.01639e+06;1.36716e+07;430145
219;2.54744;1.01225e+06;1.87302e+06;1.39088e+07;437605
220;2.04607;920234;1.73783e+06;1.4129e+07;444535
221;1.67228;836585;1.61068e+06;1.43334e+07;450965
222;1.38902;760540;1.49135e+06;1.45228e+07;456925
223;1.1711;691407;1.37958e+06;1.46982e+07;462443
224;1.00108;628558;1.27509e+06;1.48604e+07;467547
225;0.866711;571422;1.17756e+06;1.50104e+07;472265
226;0.759246;519480;1.08666e+06;1.51489e+07;476622
227;0.672349;472259;1.00207e+06;1.52766e+07;480643
228;0.601371;429331;923448;1.53945e+07;484351
229;0.542855;390305;850460;1.55031e+07;487767
230;0.494197;354826;782778;1.56031e+07;490914
231;0.453418;322573;720080;1.56952e+07;493810
232;0.418995;293251;662057;1.57798e+07;496475
233;0.389744;266594;608406;1.58577e+07;498924
234;0.364736;242361;558839;1.59292e+07;501175
235;0.343236;220330;513083;1.5995e+07;503243
236;0.324658;200302;470874;1.60553e+07;505141
237;0.30853;182095;431964;1.61107e+07;506884
238;0.294468;165542;396120;1.61615e+07;508482
239;0.282159;150495;363118;1.62081e+07;509948
240;0.271346;136815;332752;1.62508e+07;511291
241;0.261817;124378;304825;1.62899e+07;512522
242;0.253393;113072;279156;1.63257e+07;513650
243;0.245926;102794;255573;1.63586e+07;514683
244;0.239291;93450.1;233916;1.63886e+07;515629
245;0.233382;84955.5;214036;1.64161e+07;516494
246;0.228109;77233;195796;1.64413e+07;517286
247;0.223393;70212.5;179067;1.64643e+07;518010
248;0.219169;63830.2;163728;1.64854e+07;518673
249;0.215381;58028.1;149670;1.65046e+07;519279
250;0.211977;52753.3;136790;1.65222e+07;519833
251;0.208915;47958;124993;1.65383e+07;520339
252;0.206157;43598.7;114190;1.6553e+07;520801
253;0.203671;39635.5;104302;1.65665e+07;521224
254;0.201428;36032.7;95253.2;1.65787e+07;521610
255;0.199402;32757.3;86974.3;1.65899e+07;521962
256;0.19757;29779.7;79402;1.66002e+07;522284
257;0.195913;27072.7;72477.5;1.66095e+07;522578
258;0.194414;24611.8;66146.9;1.6618e+07;522846
259;0.193056;22374.6;60360.5;1.66258e+07;523091
260;0.191825;20340.7;55072.6;1.66329e+07;523314
261;0.190709;18491.8;50241.3;1.66394e+07;523518
262;0.189697;16810.9;45827.9;1.66453e+07;523704
263;0.188779;15282.8;41797.1;1.66507e+07;523873
264;0.187945;13893.6;38116.3;1.66556e+07;524028
265;0.187189;12630.6;34755.7;1.66601e+07;524169
266;0.186502;11482.5;31688;1.66642e+07;524297
267;0.185877;10438.7;28888;1.66679e+07;524415
268;0.18531;9489.87;26332.8;1.66713e+07;524522
269;0.184795;8627.24;24001.2;1.66744e+07;524619
270;0.184326;7843.02;21874.1;1.66772e+07;524708
271;0.1839;7130.09;19933.7;1.66798e+07;524789
272;0.183513;6481.97;18163.9;1.66821e+07;524862
273;0.183161;5892.76;16549.8;1.66843e+07;524930
274;0.182841;5357.1;15078;1.66862e+07;524991
275;0.18255;4870.14;13736;1.6688e+07;525047
276;0.182285;4427.45;12512.5;1.66896e+07;525097
277;0.182044;4024.99;11397.2;1.66911e+07;525144
278;0.181825;3659.12;10380.6;1.66924e+07;525186
279;0.181625;3326.51;9454.02;1.66936e+07;525224
280;0.181444;3024.13;8609.63;1.66947e+07;525259
281;0.181279;2749.24;7840.17;1.66957e+07;525291
282;0.181129;2499.33;7139.07;1.66967e+07;525320
283;0.180992;2272.14;6500.29;1.66975e+07;525347
284;0.180868;2065.6;5918.34;1.66983e+07;525371
285;0.180755;1877.84;5388.21;1.6699e+07;525393
286;0.180652;1707.14;4905.31;1.66996e+07;525413
287;0.180558;1551.97;4465.48;1.67002e+07;525431
288;0.180473;1410.89;4064.89;1.67007e+07;525447
289;0.180396;1282.64;3700.07;1.67012e+07;525462
290;0.180325;1166.05;3367.84;1.67016e+07;525476
291;0.180261;1060.06;3065.32;1.6702e+07;525488
292;0.180203;963.697;2789.85;1.67024e+07;525500
293;0.18015;876.097;2539.04;1.67027e+07;525510
294;0.180101;796.46;2310.7;1.6703e+07;525519
295;0.180057;724.062;2102.81;1.67033e+07;525528
296;0.180017;658.244;1913.55;1.67035e+07;525536
297;0.179981;598.41;1741.27;1.67037e+07;525543
298;0.179948;544.015;1584.45;1.67039e+07;525549
299;0.179918;494.564;1441.71;1.67041e+07;525555
300;0.17989;449.608;1311.79;1.67043e+07;525560
301;0.179865;408.739;1193.54;1.67045e+07;525565
302;0.179843;371.584;1085.91;1.67046e+07;525570
303;0.179822;337.807;987.97;1.67047e+07;525574
304;0.179803;307.101;898.836;1.67048e+07;525577
305;0.179786;279.185;817.722;1.67049e+07;525581
306;0.179771;253.807;743.911;1.6705e+07;525584
307;0.179757;230.736;676.745;1.67051e+07;525587
308;0.179744;209.762;615.63;1.67052e+07;525589
309;0.179732;190.695;560.021;1.67053e+07;525591
310;0.179722;173.361;509.425;1.67053e+07;525593
311;0.179712;157.602;463.39;1.67054e+07;525595
312;0.179703;143.276;421.507;1.67055e+07;525597
313;0.179695;130.252;383.402;1.67055e+07;525599
314;0.179688;118.412;348.735;1.67056e+07;525600
315;0.179681;107.649;317.197;1.67056e+07;525601
316;0.179675;97.8635;288.507;1.67056e+07;525602
317;0.17967;88.9677;262.407;1.67057e+07;525603
318;0.179665;80.8806;238.664;1.67057e+07;525604
319;0.17966;73.5285;217.066;1.67057e+07;525605
320;0.179656;66.8448;197.42;1.67058e+07;525606
321;0.179652;60.7686;179.549;1.67058e+07;525607
322;0.179649;55.2447;163.293;1.67058e+07;525608
323;0.179646;50.223;148.508;1.67058e+07;525608
324;0.179643;45.6577;135.059;1.67058e+07;525609
325;0.17964;41.5074;122.827;1.67058e+07;525609
326;0.179638;37.7344;111.701;1.67059e+07;525610
327;0.179636;34.3044;101.582;1.67059e+07;525610
328;0.179634;31.1861;92.3779;1.67059e+07;525610
329;0.179632;28.3513;84.0073;1.67059e+07;525611
330;0.179631;25.7742;76.3944;1.67059e+07;525611
331;0.179629;23.4313;69.4706;1.67059e+07;525611
332;0.179628;21.3014;63.1737;1.67059e+07;525612
333;0.179627;19.3651;57.447;1.67059e+07;525612
334;0.179626;17.6048;52.239;1.67059e+07;525612
335;0.179625;16.0045;47.5027;1.67059e+07;525612
336;0.179624;14.5497;43.1954;1.6706e+07;525612
337;0.179623;13.2271;39.2784;1.6706e+07;525613
338;0.179622;12.0248;35.7163;1.6706e+07;525613
339;0.179621;10.9317;32.4769;1.6706e+07;525613
340;0.179621;9.93805;29.5312;1.6706e+07;525613
341;0.17962;9.03468;26.8524;1.6706e+07;525613
342;0.17962;8.21343;24.4165;1.6706e+07;525613
343;0.179619;7.46683;22.2014;1.6706e+07;525613
344;0.179619;6.7881;20.1871;1.6706e+07;525613
345;0.179619;6.17106;18.3554;1.6706e+07;525613
346;0.179618;5.61011;16.6899;1.6706e+07;525614
347;0.179618;5.10015;15.1753;1.6706e+07;525614
348;0.179618;4.63655;13.7982;1.6706e+07;525614
349;0.179617;4.21509;12.5459;1.6706e+07;525614
350;0.179617;3.83194;11.4072;1.6706e+07;525614
351;0.179617;3.48361;10.3719;1.6706e+07;525614
352;0.179617;3.16695;9.43042;1.6706e+07;525614
353;0.179616;2.87908;8.57439;1.6706e+07;525614
354;0.179616;2.61737;7.79602;1.6706e+07;525614
355;0.179616;2.37945;7.08828;1.6706e+07;525614
356;0.179616;2.16316;6.44477;1.6706e+07;525614
357;0.179616;1.96653;5.85965;1.6706e+07;525614
358;0.179616;1.78777;5.32763;1.6706e+07;525614
359;0.179616;1.62526;4.8439;1.6706e+07;525614
360;0.179616;1.47753;4.40407;1.6706e+07;525614
361;0.179616;1.34322;4.00416;1.6706e+07;525614
362;0.179615;1.22112;3.64056;1.6706e+07;525614
363;0.179615;1.11012;3.30996;1.6706e+07;525614
364;0.179615;1.00921;3.00937;1.6706e+07;525614
365;0.179615;0.917473;2.73607;1.6706e+07;525614
366;0.179615;0.834075;2.48758;1.6706e+07;525614
367;0.179615;0.758258;2.26166;1.6706e+07;525614
368;0.179615;0.689332;2.05624;1.6706e+07;525614
369;0.179615;0.626672;1.86948;1.6706e+07;525614
370;0.179615;0.569707;1.69968;1.6706e+07;525614
371;0.179615;0.517921;1.54529;1.6706e+07;525614
372;0.179615;0.470842;1.40493;1.6706e+07;525614
373;0.179615;0.428043;1.27731;1.6706e+07;525614
374;0.179615;0.389133;1.16128;1.6706e+07;525614
375;0.179615;0.353761;1.05579;1.6706e+07;525614
376;0.179615;0.321604;0.959879;1.6706e+07;525614
377;0.179615;0.292371;0.87268;1.6706e+07;525614
378;0.179615;0.265794;0.7934;1.6706e+07;525614
379;0.179615;0.241633;0.721322;1.6706e+07;525614
380;0.179615;0.219669;0.65579;1.6706e+07;525614
381;0.179615;0.199701;0.59621;1.6706e+07;525614
382;0.179615;0.181548;0.542043;1.6706e+07;525614
383;0.179615;0.165046;0.492796;1.6706e+07;525614
