193;284058;1.7647;0.8787;0.1176;0.0037
194;284057;3.15492;0.932525;0.220935;0.00695119
195;284055;4.51375;1.10619;0.3306;0.0104015
196;284053;6.05551;1.38231;0.460688;0.0144944
197;284051;7.94437;1.76508;0.623248;0.019609
198;284048;10.337;2.27312;0.830822;0.0261398
199;284044;13.4085;2.93702;1.09814;0.0345503
200;284038;17.3724;3.7996;1.44353;0.0454173
201;284032;22.4978;4.91785;1.89037;0.0594758
202;284023;29.1305;6.36637;2.46871;0.0776719
203;284012;37.7158;8.24209;3.21739;0.101227
204;283997;48.8297;10.6707;4.18666;0.131723
205;283978;63.2175;13.815;5.44153;0.171205
206;283954;81.8433;17.8857;7.06617;0.22232
207;283922;105.955;23.1557;9.16953;0.288497
208;283882;137.167;29.9782;11.8926;0.374173
209;283829;177.567;38.8103;15.4181;0.485092
210;283760;229.859;50.2435;19.9822;0.628691
211;283672;297.536;65.0432;25.8908;0.814591
212;283557;385.115;84.1995;33.5399;1.05525
213;283409;498.432;108.993;43.4417;1.36679
214;283217;645.023;141.08;56.2593;1.77006
215;282969;834.615;182.599;72.8503;2.29206
216;282648;1079.74;236.316;94.3239;2.96768
217;282233;1396.55;305.8;122.115;3.84205
218;281697;1805.78;395.653;158.077;4.97351
219;281004;2334.03;511.805;204.606;6.43742
220;280111;3015.34;661.887;264.794;8.3311
221;278959;3893.05;855.694;342.632;10.7801
222;277476;5022.13;1105.78;443.261;13.9462
223;275570;6471.8;1428.16;573.301;18.0375
224;273125;8328.56;1843.21;741.252;23.3217
225;269997;10699.2;2376.69;958.014;30.1416
226;266010;13713.5;3060.96;1237.51;38.9353
227;260951;17525.9;3936.21;1597.48;50.2609
228;254569;22314.9;5051.85;2060.38;64.8249
229;246578;28277.5;6467.49;2654.48;83.5167
230;236668;35616.8;8253.4;3415.05;107.446
231;224529;44518.3;10489.8;4385.65;137.984
232;209891;55110;13264.1;5619.26;176.796
233;192585;67406.1;16664.7;7179.12;225.874
234;172632;81231.9;20770.5;9138.89;287.533
235;150335;96145.1;25635;11581.5;364.384
236;126364;111377;31265.1;14596.2;459.233
237;101781;125835;37596.8;18272.9;574.914
238;77961.7;138216;44474.7;22694.3;714.022
239;56368.1;147246;51643.8;27924.5;878.578
240;38228.3;152001;58764;33997.8;1069.66
241;24220.4;152192;65452.9;40908.5;1287.09
242;14327.6;148251;71347.7;48605.8;1529.26
243;7943.02;141159;76169.2;56996.2;1793.25
244;4160.77;132110;79761.3;65953.7;2075.08
245;2084.03;122178;82095;75333.7;2370.19
246;1012.28;112144;83242.9;84988;2673.94
247;483.851;102478;83339.4;94777.4;2981.94
248;230.703;93416.3;82545.6;104578;3290.3
249;111.019;85044.4;81024.4;114285;3595.72
250;54.4244;77370.5;78926.7;123814;3895.51
251;27.3698;70364.5;76385.8;133096;4187.54
252;14.1884;63981.6;73516.4;142079;4470.16
253;7.60525;58172.2;70414.8;150724;4742.17
254;4.22215;52887.8;67161.3;159005;5002.71
255;2.42909;48082.1;63822.1;166903;5251.21
256;1.44792;43712.4;60451.2;174409;5487.35
257;0.893493;39739.5;57091.9;181518;5711.02
258;0.570116;36127.5;53779;188232;5922.26
259;0.375603;32843.7;50539.6;194556;6121.24
260;0.255087;29858.3;47394.6;200500;6308.23
261;0.178282;27144.3;44359.8;206073;6483.6
262;0.128008;24676.9;41446.3;211290;6647.73
263;0.0942618;22433.8;38662;216164;6801.08
264;0.0710684;20394.6;36011.6;220711;6944.13
265;0.0547723;18540.8;33497.2;224946;7077.37
266;0.0430841;16855.4;31119.4;228885;7201.31
267;0.034539;15323.3;28876.7;232545;7316.45
268;0.0281798;13930.4;26766.9;235940;7423.3
269;0.0233686;12664.1;24786.3;239088;7522.33
270;0.0196727;11513;22930.9;242003;7614.04
271;0.0167934;10466.4;21195.9;244700;7698.89
272;0.0145207;9515.03;19576.3;247192;7777.31
273;0.0127052;8650.12;18066.6;249495;7849.74
274;0.0112389;7863.82;16661.4;251619;7916.59
275;0.0100424;7149;15355.2;253579;7978.24
276;0.00905683;6499.16;14142.4;255384;8035.05
277;0.00823805;5908.39;13017.7;257047;8087.38
278;0.00755238;5371.31;11975.8;258578;8135.54
279;0.006974;4883.06;11011.4;259987;8179.85
280;0.00648285;4439.19;10119.5;261282;8220.6
281;0.0060632;4035.67;9295.57;262472;8258.04
282;0.00570263;3668.83;8534.86;263565;8292.43
283;0.00539121;3335.33;7833.08;264569;8324.01
284;0.00512098;3032.15;7186.11;265490;8352.99
285;0.00488547;2756.53;6590.05;266335;8379.58
286;0.0046794;2505.96;6041.25;267110;8403.97
287;0.00449845;2278.17;5536.24;267820;8426.32
288;0.00433903;2071.08;5071.78;268471;8446.8
289;0.00419815;1882.82;4644.83;269068;8465.57
290;0.0040733;1711.67;4252.56;269614;8482.75
291;0.00396239;1556.08;3892.32;270114;8498.49
292;0.00386364;1414.63;3561.63;270572;8512.89
293;0.00377553;1286.04;3258.19;270991;8526.07
294;0.00369675;1169.14;2979.88;271374;8538.12
295;0.00362621;1062.87;2724.69;271724;8549.15
296;0.00356293;966.253;2490.8;272045;8559.23
297;0.00350609;878.421;2276.5;272338;8568.45
298;0.00345497;798.573;2080.21;272605;8576.87
299;0.00340894;725.982;1900.47;272850;8584.57
300;0.00336745;659.991;1735.93;273073;8591.6
301;0.00333;599.998;1585.36;273278;8598.02
302;0.00329619;545.458;1447.59;273464;8603.89
303;0.00326563;495.876;1321.58;273634;8609.24
304;0.00323798;450.801;1206.35;273790;8614.13
305;0.00321296;409.823;1101;273932;8618.6
306;0.0031903;372.57;1004.7;274061;8622.67
307;0.00316977;338.703;916.696;274179;8626.39
308;0.00315115;307.915;836.289;274287;8629.78
309;0.00313427;279.926;762.837;274385;8632.87
310;0.00311896;254.481;695.75;274475;8635.7
311;0.00310505;231.348;634.488;274557;8638.27
312;0.00309243;210.319;578.554;274632;8640.62
313;0.00308097;191.201;527.493;274700;8642.76
314;0.00307056;173.821;480.889;274762;8644.71
315;0.0030611;158.02;438.357;274818;8646.49
316;0.0030525;143.656;399.548;274870;8648.11
317;0.00304469;130.598;364.142;274917;8649.59
318;0.00303759;118.727;331.843;274959;8650.94
319;0.00303113;107.934;302.382;274999;8652.16
320;0.00302526;98.1232;275.515;275034;8653.28
321;0.00301992;89.2038;251.014;275066;8654.3
322;0.00301506;81.0951;228.675;275096;8655.23
323;0.00301065;73.7236;208.308;275123;8656.08
324;0.00300663;67.0221;189.742;275147;8656.85
325;0.00300297;60.9298;172.818;275170;8657.55
326;0.00299965;55.3913;157.394;275190;8658.19
327;0.00299662;50.3562;143.337;275209;8658.77
328;0.00299387;45.7789;130.528;275225;8659.3
329;0.00299137;41.6176;118.856;275241;8659.79
330;0.00298909;37.8345;108.222;275255;8660.22
331;0.00298702;34.3954;98.5337;275267;8660.63
332;0.00298513;31.2688;89.7081;275279;8660.99
333;0.00298342;28.4265;81.6688;275290;8661.32
334;0.00298186;25.8425;74.3464;275299;8661.62
335;0.00298044;23.4934;67.6772;275308;8661.9
336;0.00297914;21.3579;61.6035;275316;8662.15
337;0.00297797;19.4165;56.0725;275323;8662.38
338;0.0029769;17.6515;51.0358;275330;8662.58
339;0.00297593;16.047;46.4497;275336;8662.77
340;0.00297504;14.5883;42.274;275341;8662.95
341;0.00297423;13.2622;38.4723;275346;8663.1
342;0.0029735;12.0567;35.0111;275351;8663.24
343;0.00297283;10.9607;31.8602;275355;8663.37
344;0.00297223;9.96442;28.9919;275359;8663.49
345;0.00297168;9.05865;26.381;275362;8663.6
346;0.00297117;8.23522;24.0044;275365;8663.7
347;0.00297072;7.48664;21.8412;275368;8663.79
348;0.0029703;6.80611;19.8724;275370;8663.87
349;0.00296992;6.18743;18.0806;275373;8663.94
350;0.00296958;5.62499;16.4498;275375;8664.01
351;0.00296927;5.11368;14.9658;275377;8664.07
352;0.00296898;4.64885;13.6153;275379;8664.12
353;0.00296872;4.22627;12.3863;275380;8664.17
354;0.00296849;3.8421;11.268;275382;8664.22
355;0.00296827;3.49285;10.2505;275383;8664.26
356;0.00296808;3.17535;9.32458;275384;8664.3
357;0.0029679;2.88671;8.48215;275385;8664.33
358;0.00296774;2.62431;7.71567;275386;8664.36
359;0.00296759;2.38576;7.01831;275387;8664.39
360;0.00296746;2.1689;6.38385;275388;8664.42
361;0.00296734;1.97174;5.80664;275389;8664.44
362;0.00296723;1.79251;5.28153;275389;8664.46
363;0.00296713;1.62957;4.80382;275390;8664.48
364;0.00296704;1.48145;4.36924;275391;8664.5
365;0.00296695;1.34678;3.97392;275391;8664.52
366;0.00296688;1.22436;3.6143;275392;8664.53
367;0.00296681;1.11307;3.28718;275392;8664.55
368;0.00296675;1.01189;2.98963;275392;8664.56
369;0.00296669;0.919907;2.71896;275393;8664.57
370;0.00296664;0.836288;2.47277;275393;8664.58
371;0.00296659;0.760269;2.24884;275393;8664.59
372;0.00296655;0.691161;2.04517;275394;8664.6
373;0.00296651;0.628334;1.85992;275394;8664.6
374;0.00296647;0.571219;1.69142;275394;8664.61
375;0.00296644;0.519295;1.53818;275394;8664.62
376;0.00296641;0.472091;1.3988;275395;8664.62
377;0.00296638;0.429178;1.27204;275395;8664.63
378;0.00296636;0.390166;1.15675;275395;8664.63
379;0.00296634;0.3547;1.05191;275395;8664.64
380;0.00296632;0.322458;0.956551;275395;8664.64
381;0.0029663;0.293146;0.869833;275395;8664.64
382;0.00296628;0.266499;0.790969;275395;8664.65
383;0.00296627;0.242274;0.719249;275395;8664.65
384;0.00296626;0.220252;0.654027;275395;8664.65
385;0.00296624;0.200231;0.594715;275396;8664.66
386;0.00296623;0.18203;0.540777;275396;8664.66
387;0.00296622;0.165483;0.491727;275396;8664.66
