153;4.841e+06;1.7647;0.8787;0.1176;0.0037
154;4.841e+06;3.15493;0.932525;0.220935;0.00695119
155;4.841e+06;4.51377;1.10619;0.3306;0.0104015
156;4.84099e+06;6.05557;1.38231;0.460688;0.0144944
157;4.84099e+06;7.94448;1.76509;0.623248;0.019609
158;4.84099e+06;10.3372;2.27314;0.830823;0.0261398
159;4.84098e+06;13.4089;2.93706;1.09814;0.0345504
160;4.84098e+06;17.3731;3.79966;1.44354;0.0454176
161;4.84097e+06;22.4991;4.91797;1.89038;0.0594763
162;4.84096e+06;29.1326;6.36659;2.46874;0.0776728
163;4.84095e+06;37.7195;8.24248;3.21745;0.101229
164;4.84094e+06;48.8361;10.6714;4.18676;0.131726
165;4.84092e+06;63.2285;13.8161;5.44171;0.17121
166;4.84089e+06;81.8619;17.8877;7.06649;0.22233
167;4.84086e+06;105.986;23.1592;9.17009;0.288515
168;4.84082e+06;137.22;29.9841;11.8936;0.374204
169;4.84077e+06;177.658;38.8204;15.4197;0.485145
170;4.8407e+06;230.012;50.2605;19.985;0.62878
171;4.84061e+06;297.793;65.072;25.8957;0.814744
172;4.8405e+06;385.547;84.2481;33.5481;1.05551
173;4.84035e+06;499.158;109.075;43.4557;1.36723
174;4.84016e+06;646.243;141.218;56.2829;1.77081
175;4.83991e+06;836.663;182.832;72.8901;2.29331
176;4.83958e+06;1083.18;236.707;94.3911;2.96979
177;4.83917e+06;1402.31;306.455;122.228;3.8456
178;4.83863e+06;1815.44;396.753;158.267;4.97949
179;4.83793e+06;2350.22;513.65;204.925;6.44747
180;4.83702e+06;3042.45;664.979;265.33;8.34798
181;4.83585e+06;3938.42;860.876;343.532;10.8084
182;4.83433e+06;5097.99;1114.45;444.771;13.9936
183;4.83237e+06;6598.55;1442.68;575.831;18.1171
184;4.82982e+06;8540.1;1867.49;745.49;23.455
185;4.82654e+06;11051.8;2417.26;965.106;30.3647
186;4.82228e+06;14300.2;3128.65;1249.38;39.3086
187;4.81678e+06;18500.1;4049.03;1617.31;50.8846
188;4.80967e+06;23928.1;5239.54;2093.47;65.866
189;4.80049e+06;30939.5;6779.05;2709.64;85.2523
190;4.78862e+06;39990.2;8769.15;3506.86;110.335
191;4.77332e+06;51662.9;11340.6;4538.11;142.781
192;4.75358e+06;66700.2;14661.1;5871.76;184.741
193;4.72818e+06;86043.3;18945.8;7595.91;238.987
194;4.69552e+06;110878;24469;9823.93;309.086
195;4.65364e+06;142684;31579.7;12701.5;399.621
196;4.60006e+06;183290;40719.1;16415.3;516.466
197;4.53177e+06;234917;52441;21203.8;667.127
198;4.44513e+06;300206;67433.8;27370.9;861.158
199;4.33584e+06;382206;86542.8;35301.1;1110.66
200;4.19903e+06;484278;110787;45478.4;1430.87
201;4.0294e+06;609886;141369;58506.9;1840.78
202;3.82167e+06;762175;179660;75132;2363.85
203;3.57126e+06;943303;227149;96260;3028.59
204;3.27536e+06;1.15345e+06;285342;122973;3869.04
205;2.9344e+06;1.38957e+06;355579;156529;4924.8
206;2.55366e+06;1.644e+06;438758;198345;6240.44
207;2.1447e+06;1.90352e+06;534976;249943;7863.85
208;1.72577e+06;2.14942e+06;643114;312856;9843.26
209;1.32036e+06;2.35944e+06;760486;388486;12222.8
210;953406;2.51193e+06;882711;477919;15036.6
211;645668;2.59133e+06;1.00397e+06;581726;18302.6
212;408470;2.59298e+06;1.11774e+06;699793;22017.3
213;241278;2.52447e+06;1.21786e+06;831240;26153
214;133582;2.40269e+06;1.29961e+06;974460;30659
215;69894.5;2.24797e+06;1.36037e+06;1.12729e+06;35467.6
216;34978.3;2.07855e+06;1.3997e+06;1.28727e+06;40500.9
217;16980.7;1.9076e+06;1.41885e+06;1.45188e+06;45679.8
218;8114.34;1.74307e+06;1.42015e+06;1.61874e+06;50929.6
219;3868.99;1.58887e+06;1.40633e+06;1.78574e+06;56184.1
220;1862.26;1.44645e+06;1.38017e+06;1.95113e+06;61387.6
221;913.3;1.31592e+06;1.34424e+06;2.11344e+06;66494.2
222;459.537;1.19675e+06;1.3008e+06;2.27152e+06;71467.9
223;238.368;1.08819e+06;1.2518e+06;2.42449e+06;76280.8
224;127.855;989383;1.19887e+06;2.5717e+06;80912.5
225;71.0298;899505;1.14338e+06;2.71269e+06;85348.3
226;40.8935;817770;1.08645e+06;2.84715e+06;89578.8
227;24.3925;743451;1.029e+06;2.97492e+06;93598.7
228;15.0624;675881;971764;3.09593e+06;97406
229;9.61719;614449;915326;3.21021e+06;101002
230;6.33991;558599;860150;3.31785e+06;104388
231;4.30822;507824;806591;3.41901e+06;107571
232;3.0127;461664;754913;3.51386e+06;110555
233;2.16427;419700;705307;3.60264e+06;113348
234;1.59448;381550;657904;3.68558e+06;115958
235;1.2027;346867;612783;3.76295e+06;118392
236;0.927309;315337;569983;3.83502e+06;120660
237;0.729712;286673;529508;3.90205e+06;122768
238;0.585197;260615;491337;3.96432e+06;124728
239;0.477612;236925;455428;4.0221e+06;126546
240;0.396192;215389;421721;4.07566e+06;128231
241;0.333629;195810;390145;4.12525e+06;129791
242;0.284873;178011;360620;4.17113e+06;131235
243;0.246381;161830;333058;4.21354e+06;132569
244;0.215626;147119;307368;4.25271e+06;133801
245;0.19078;133746;283457;4.28885e+06;134938
246;0.170501;121589;261232;4.32219e+06;135987
247;0.153796;110536;240597;4.35291e+06;136954
248;0.139915;100489;221460;4.3812e+06;137844
249;0.128288;91354.2;203731;4.40725e+06;138663
250;0.11848;83050.1;187323;4.43121e+06;139417
251;0.11015;75500.8;172150;4.45323e+06;140110
252;0.103031;68637.8;158131;4.47348e+06;140747
253;0.0969145;62398.6;145189;4.49208e+06;141332
254;0.091631;56726.6;133250;4.50915e+06;141870
255;0.0870458;51570.2;122243;4.52482e+06;142363
256;0.0830494;46882.4;112102;4.5392e+06;142815
257;0.0795525;42620.8;102766;4.55238e+06;143230
258;0.0764815;38746.6;94174.8;4.56446e+06;143610
259;0.0737756;35224.5;86273.4;4.57554e+06;143958
260;0.0713844;32022.6;79010.4;4.58569e+06;144278
261;0.0692652;29111.8;72337.3;4.59498e+06;144570
262;0.0673825;26465.5;66209;4.60348e+06;144838
263;0.0657061;24059.8;60583.6;4.61127e+06;145082
264;0.0642102;21872.8;55421.8;4.61839e+06;145307
265;0.0628728;19884.5;50687.4;4.62491e+06;145512
266;0.0616751;18077;46346.5;4.63087e+06;145699
267;0.0606008;16433.8;42367.9;4.63632e+06;145871
268;0.0596358;14940;38722.5;4.64131e+06;146027
269;0.0587678;13582;35383.5;4.64586e+06;146171
270;0.0579862;12347.4;32326.1;4.65002e+06;146302
271;0.0572816;11225;29527.3;4.65382e+06;146421
272;0.0566458;10204.6;26966;4.65729e+06;146531
273;0.0560716;9277.03;24622.6;4.66047e+06;146630
274;0.0555526;8433.75;22479.2;4.66336e+06;146721
275;0.0550832;7667.12;20519.1;4.66601e+06;146805
276;0.0546583;6970.18;18727.1;4.66842e+06;146881
277;0.0542735;6336.59;17089.1;4.67062e+06;146950
278;0.0539248;5760.6;15592.2;4.67263e+06;147013
279;0.0536087;5236.96;14224.5;4.67446e+06;147071
280;0.053322;4760.92;12975.1;4.67614e+06;147123
281;0.0530619;4328.15;11834;4.67766e+06;147171
282;0.0528259;3934.72;10791.9;4.67905e+06;147215
283;0.0526115;3577.06;9840.54;4.68032e+06;147255
284;0.0524169;3251.9;8972.04;4.68148e+06;147291
285;0.0522401;2956.3;8179.33;4.68254e+06;147325
286;0.0520794;2687.58;7455.9;4.6835e+06;147355
287;0.0519334;2443.28;6795.8;4.68437e+06;147383
288;0.0518007;2221.18;6193.56;4.68517e+06;147408
289;0.0516801;2019.28;5644.19;4.6859e+06;147431
290;0.0515704;1835.72;5143.1;4.68657e+06;147451
291;0.0514707;1668.86;4686.11;4.68717e+06;147470
292;0.05138;1517.16;4269.39;4.68772e+06;147488
293;0.0512976;1379.25;3889.42;4.68822e+06;147504
294;0.0512225;1253.88;3543.01;4.68868e+06;147518
295;0.0511543;1139.9;3227.22;4.6891e+06;147531
296;0.0510922;1036.28;2939.37;4.68948e+06;147543
297;0.0510358;942.083;2677.02;4.68982e+06;147554
298;0.0509844;856.448;2437.94;4.69014e+06;147564
299;0.0509377;778.597;2220.07;4.69042e+06;147573
300;0.0508952;707.823;2021.55;4.69069e+06;147581
301;0.0508565;643.482;1840.67;4.69092e+06;147589
302;0.0508213;584.989;1675.89;4.69114e+06;147595
303;0.0507893;531.814;1525.78;4.69134e+06;147602
304;0.0507601;483.472;1389.05;4.69152e+06;147607
305;0.0507336;439.524;1264.5;4.69168e+06;147612
306;0.0507095;399.572;1151.07;4.69183e+06;147617
307;0.0506875;363.25;1047.77;4.69196e+06;147621
308;0.0506676;330.231;953.693;4.69209e+06;147625
309;0.0506494;300.213;868.028;4.6922e+06;147629
310;0.0506329;272.924;790.026;4.6923e+06;147632
311;0.0506178;248.115;719.004;4.69239e+06;147635
312;0.0506041;225.561;654.343;4.69248e+06;147638
313;0.0505917;205.058;595.474;4.69256e+06;147640
314;0.0505804;186.418;541.883;4.69263e+06;147642
315;0.0505701;169.473;493.098;4.69269e+06;147644
316;0.0505607;154.068;448.69;4.69275e+06;147646
317;0.0505522;140.063;408.269;4.6928e+06;147648
318;0.0505444;127.331;371.478;4.69285e+06;147649
319;0.0505373;115.757;337.992;4.69289e+06;147651
320;0.0505309;105.234;307.516;4.69293e+06;147652
321;0.0505251;95.6687;279.78;4.69297e+06;147653
322;0.0505198;86.9724;254.539;4.693e+06;147654
323;0.0505149;79.0666;231.569;4.69303e+06;147655
324;0.0505105;71.8795;210.667;4.69306e+06;147656
325;0.0505065;65.3456;191.647;4.69308e+06;147657
326;0.0505029;59.4057;174.34;4.6931e+06;147657
327;0.0504996;54.0057;158.593;4.69313e+06;147658
328;0.0504966;49.0966;144.264;4.69314e+06;147658
329;0.0504938;44.6337;131.228;4.69316e+06;147659
330;0.0504913;40.5765;119.367;4.69318e+06;147659
331;0.0504891;36.8881;108.576;4.69319e+06;147660
332;0.050487;33.535;98.7592;4.6932e+06;147660
333;0.0504851;30.4867;89.8281;4.69321e+06;147661
334;0.0504834;27.7154;81.7032;4.69323e+06;147661
335;0.0504819;25.1961;74.3119;4.69324e+06;147661
336;0.0504805;22.9058;67.5882;4.69324e+06;147662
337;0.0504792;20.8236;61.4719;4.69325e+06;147662
338;0.050478;18.9308;55.9082;4.69326e+06;147662
339;0.050477;17.21;50.8473;4.69327e+06;147662
340;0.050476;15.6456;46.244;4.69327e+06;147662
341;0.0504751;14.2234;42.0567;4.69328e+06;147663
342;0.0504743;12.9305;38.2482;4.69328e+06;147663
343;0.0504736;11.7551;34.784;4.69329e+06;147663
344;0.0504729;10.6866;31.6333;4.69329e+06;147663
345;0.0504723;9.71517;28.7676;4.69329e+06;147663
346;0.0504718;8.83206;26.1612;4.6933e+06;147663
347;0.0504713;8.02922;23.7907;4.6933e+06;147663
348;0.0504708;7.29937;21.6347;4.6933e+06;147663
349;0.0504704;6.63586;19.6739;4.69331e+06;147664
350;0.05047;6.03266;17.8907;4.69331e+06;147664
351;0.0504697;5.48429;16.2689;4.69331e+06;147664
352;0.0504694;4.98577;14.794;4.69331e+06;147664
353;0.0504691;4.53256;13.4527;4.69331e+06;147664
354;0.0504689;4.12055;12.2329;4.69332e+06;147664
355;0.0504686;3.74599;11.1236;4.69332e+06;147664
356;0.0504684;3.40548;10.1148;4.69332e+06;147664
357;0.0504682;3.09593;9.19746;4.69332e+06;147664
358;0.0504681;2.81451;8.36323;4.69332e+06;147664
359;0.0504679;2.55867;7.6046;4.69332e+06;147664
360;0.0504677;2.32608;6.91475;4.69332e+06;147664
361;0.0504676;2.11464;6.28743;4.69332e+06;147664
362;0.0504675;1.92242;5.71699;4.69332e+06;147664
363;0.0504674;1.74767;5.19826;4.69332e+06;147664
364;0.0504673;1.58881;4.72658;4.69333e+06;147664
365;0.0504672;1.44439;4.29767;4.69333e+06;147664
366;0.0504671;1.31309;3.90766;4.69333e+06;147664
367;0.050467;1.19373;3.55302;4.69333e+06;147664
368;0.050467;1.08522;3.23055;4.69333e+06;147664
369;0.0504669;0.986576;2.93733;4.69333e+06;147664
370;0.0504669;0.896897;2.67071;4.69333e+06;147664
371;0.0504668;0.815369;2.42828;4.69333e+06;147664
372;0.0504668;0.741252;2.20785;4.69333e+06;147664
373;0.0504667;0.673872;2.00742;4.69333e+06;147664
374;0.0504667;0.612617;1.82517;4.69333e+06;147664
375;0.0504667;0.55693;1.65946;4.69333e+06;147664
376;0.0504666;0.506305;1.5088;4.69333e+06;147664
377;0.0504666;0.460282;1.3718;4.69333e+06;147664
378;0.0504666;0.418443;1.24724;4.69333e+06;147664
379;0.0504665;0.380406;1.13399;4.69333e+06;147664
380;0.0504665;0.345827;1.03101;4.69333e+06;147664
381;0.0504665;0.314392;0.937388;4.69333e+06;147664
382;0.0504665;0.285813;0.852261;4.69333e+06;147664
383;0.0504665;0.259833;0.774862;4.69333e+06;147664
384;0.0504665;0.236214;0.70449;4.69333e+06;147664
385;0.0504664;0.214742;0.640507;4.69333e+06;147664
386;0.0504664;0.195222;0.582334;4.69333e+06;147664
387;0.0504664;0.177477;0.529443;4.69333e+06;147664
388;0.0504664;0.161344;0.481354;4.69333e+06;147664
