202;6.46551e+06;1.7647;0.8787;0.1176;0.0037
203;6.46551e+06;3.15493;0.932525;0.220935;0.00695119
204;6.46551e+06;4.51377;1.10619;0.3306;0.0104015
205;6.46551e+06;6.05557;1.38231;0.460688;0.0144944
206;6.4655e+06;7.94448;1.76509;0.623248;0.019609
207;6.4655e+06;10.3372;2.27314;0.830823;0.0261398
208;6.4655e+06;13.4089;2.93706;1.09814;0.0345505
209;6.46549e+06;17.3731;3.79966;1.44354;0.0454176
210;6.46548e+06;22.4991;4.91798;1.89038;0.0594763
211;6.46548e+06;29.1326;6.36659;2.46874;0.0776728
212;6.46546e+06;37.7195;8.24248;3.21745;0.101229
213;6.46545e+06;48.8362;10.6714;4.18676;0.131726
214;6.46543e+06;63.2286;13.8162;5.44172;0.17121
215;6.46541e+06;81.8622;17.8877;7.0665;0.22233
216;6.46538e+06;105.987;23.1592;9.17009;0.288515
217;6.46533e+06;137.221;29.9842;11.8936;0.374204
218;6.46528e+06;177.659;38.8205;15.4198;0.485146
219;6.46521e+06;230.014;50.2608;19.9851;0.628782
220;6.46512e+06;297.797;65.0725;25.8957;0.814747
221;6.46501e+06;385.554;84.2489;33.5482;1.05551
222;6.46486e+06;499.169;109.076;43.4559;1.36724
223;6.46467e+06;646.262;141.22;56.2833;1.77082
224;6.46442e+06;836.695;182.835;72.8908;2.29333
225;6.4641e+06;1083.23;236.713;94.3922;2.96982
226;6.46368e+06;1402.4;306.466;122.23;3.84566
227;6.46314e+06;1815.59;396.77;158.27;4.97958
228;6.46244e+06;2350.48;513.679;204.93;6.44763
229;6.46153e+06;3042.88;665.028;265.339;8.34824
230;6.46036e+06;3939.13;860.958;343.546;10.8088
231;6.45884e+06;5099.19;1114.59;444.795;13.9944
232;6.45688e+06;6600.56;1442.91;575.871;18.1184
233;6.45433e+06;8543.47;1867.87;745.556;23.4571
234;6.45104e+06;11057.4;2417.9;965.218;30.3683
235;6.44679e+06;14309.6;3129.73;1249.56;39.3145
236;6.44128e+06;18516;4050.84;1617.62;50.8945
237;6.43416e+06;23954.6;5242.57;2094;65.8826
238;6.42495e+06;30983.9;6784.12;2710.53;85.2801
239;6.41305e+06;40064.5;8777.65;3508.34;110.381
240;6.39769e+06;51787.1;11354.8;4540.59;142.859
241;6.37786e+06;66907.6;14684.9;5875.91;184.871
242;6.3523e+06;86389.5;18985.5;7602.86;239.205
243;6.31938e+06;111455;24535.4;9835.55;309.452
244;6.27706e+06;143645;31690.5;12720.9;400.233
245;6.22276e+06;184885;40903.7;16447.7;517.488
246;6.15328e+06;237557;52748.1;21258;668.831
247;6.06468e+06;304561;67943.7;27461.2;863.999
248;5.9522e+06;389358;87386.7;35451.3;1115.39
249;5.81021e+06;495958;112179;45728;1438.72
250;5.63227e+06;628813;143655;58920.3;1853.79
251;5.41137e+06;792554;183388;75814.1;2385.31
252;5.14041e+06;991472;233187;97380.6;3063.85
253;4.81309e+06;1.22867e+06;295026;124803;3926.64
254;4.42528e+06;1.50479e+06;370925;159498;5018.23
255;3.97692e+06;1.81637e+06;462717;203119;6390.65
256;3.47416e+06;2.15402e+06;571697;257535;8102.71
257;2.93138e+06;2.501e+06;698151;324766;10218
258;2.37191e+06;2.83313e+06;840806;406869;12801.1
259;1.8265e+06;3.121e+06;996348;505748;15912.1
260;1.32857e+06;3.33523e+06;1.15919e+06;622918;19598.6
261;906949;3.45369e+06;1.32175e+06;759239;23887.6
262;578546;3.46815e+06;1.47536e+06;914677;28778.1
263;344532;3.38691e+06;1.61166e+06;1.08818e+06;34237
264;192171;3.2314e+06;1.72403e+06;1.27771e+06;40200.1
265;101178;3.02866e+06;1.80864e+06;1.48046e+06;46579
266;50868.9;2.80366e+06;1.86456e+06;1.69315e+06;53271
267;24766;2.57491e+06;1.89324e+06;1.91243e+06;60169.9
268;11848.2;2.35377e+06;1.89765e+06;2.13507e+06;67174.8
269;5647.08;2.14601e+06;1.88142e+06;2.35823e+06;74196.2
270;2713.56;1.95387e+06;1.84828e+06;2.57949e+06;81157.4
271;1327.25;1.77765e+06;1.80169e+06;2.79685e+06;87996
272;665.568;1.61673e+06;1.74473e+06;3.00873e+06;94662.3
273;343.911;1.47009e+06;1.68006e+06;3.21391e+06;101118
274;183.704;1.33662e+06;1.6099e+06;3.41148e+06;107334
275;101.621;1.2152e+06;1.53612e+06;3.60081e+06;113291
276;58.2548;1.10478e+06;1.46025e+06;3.78145e+06;118974
277;34.6016;1.00438e+06;1.38354e+06;3.95318e+06;124377
278;21.2789;913096;1.30702e+06;4.11588e+06;129496
279;13.5328;830104;1.23148e+06;4.26959e+06;134332
280;8.88768;754652;1.15756e+06;4.41441e+06;138889
281;6.01804;686057;1.08574e+06;4.55054e+06;143172
282;4.19426;623696;1.0164e+06;4.67822e+06;147189
283;3.0036;567003;949808;4.79775e+06;150950
284;2.20633;515463;886137;4.90945e+06;154464
285;1.65965;468608;825504;5.01366e+06;157743
286;1.27636;426012;767967;5.11074e+06;160797
287;1.002;387288;713537;5.20105e+06;163638
288;0.80179;352084;662189;5.28496e+06;166279
289;0.653051;320079;613870;5.36283e+06;168729
290;0.540701;290984;568503;5.43503e+06;171000
291;0.454523;264534;525994;5.50188e+06;173103
292;0.387475;240488;486237;5.56374e+06;175050
293;0.334621;218628;449117;5.62092e+06;176849
294;0.292449;198754;414512;5.67374e+06;178510
295;0.258423;180688;382299;5.72248e+06;180044
296;0.230685;164263;352350;5.76744e+06;181459
297;0.20786;149332;324542;5.80888e+06;182762
298;0.188912;135757;298749;5.84704e+06;183963
299;0.173057;123417;274851;5.88218e+06;185068
300;0.159692;112199;252730;5.9145e+06;186085
301;0.14835;102000;232273;5.94422e+06;187021
302;0.138665;92727.9;213370;5.97154e+06;187880
303;0.130348;84299;195917;5.99663e+06;188669
304;0.123168;76636.2;179815;6.01967e+06;189394
305;0.116941;69670;164970;6.04081e+06;190060
306;0.111516;63337;151292;6.06021e+06;190670
307;0.106771;57579.6;138698;6.07801e+06;191230
308;0.102606;52345.7;127108;6.09432e+06;191743
309;0.0989376;47587.4;116448;6.10927e+06;192213
310;0.0956967;43261.7;106648;6.12296e+06;192644
311;0.0928256;39329.3;97644.3;6.1355e+06;193039
312;0.0902756;35754.2;89375.1;6.14698e+06;193400
313;0.0880055;32504.2;81784;6.1575e+06;193731
314;0.0859804;29549.5;74818.2;6.16711e+06;194033
315;0.0841703;26863.5;68428.8;6.17591e+06;194310
316;0.0825495;24421.6;62570.3;6.18396e+06;194563
317;0.081096;22201.7;57200.4;6.19132e+06;194795
318;0.0797906;20183.5;52280.2;6.19804e+06;195006
319;0.0786166;18348.9;47773.3;6.20419e+06;195200
320;0.0775596;16681;43646.3;6.20981e+06;195377
321;0.0766069;15164.7;39868.3;6.21494e+06;195538
322;0.0757473;13786.2;36410.7;6.21963e+06;195686
323;0.074971;12533;33247.3;6.22391e+06;195820
324;0.0742695;11393.8;30353.6;6.22782e+06;195943
325;0.0736349;10358.1;27707.4;6.23139e+06;196056
326;0.0730607;9416.53;25288.1;6.23465e+06;196158
327;0.0725406;8560.57;23076.6;6.23762e+06;196252
328;0.0720694;7782.42;21055.6;6.24034e+06;196337
329;0.0716423;7074.99;19208.9;6.24281e+06;196415
330;0.0712549;6431.88;17522;6.24507e+06;196486
331;0.0709034;5847.22;15981.2;6.24713e+06;196551
332;0.0705845;5315.71;14574.2;6.24901e+06;196610
333;0.0702949;4832.51;13289.6;6.25073e+06;196664
334;0.0700319;4393.24;12116.8;6.25229e+06;196713
335;0.069793;3993.89;11046.4;6.25372e+06;196758
336;0.069576;3630.85;10069.5;6.25501e+06;196799
337;0.0693788;3300.8;9178.13;6.2562e+06;196836
338;0.0691995;3000.76;8364.86;6.25728e+06;196870
339;0.0690366;2727.99;7622.98;6.25826e+06;196901
340;0.0688884;2480.02;6946.28;6.25916e+06;196929
341;0.0687537;2254.58;6329.13;6.25998e+06;196955
342;0.0686312;2049.64;5766.35;6.26072e+06;196978
343;0.0685198;1863.33;5253.2;6.2614e+06;197000
344;0.0684185;1693.95;4785.37;6.26202e+06;197019
345;0.0683263;1539.97;4358.88;6.26258e+06;197037
346;0.0682425;1399.99;3970.13;6.26309e+06;197053
347;0.0681662;1272.73;3615.82;6.26356e+06;197068
348;0.0680968;1157.04;3292.91;6.26398e+06;197081
349;0.0680337;1051.86;2998.65;6.26437e+06;197093
350;0.0679763;956.25;2730.53;6.26472e+06;197104
351;0.067924;869.327;2486.24;6.26504e+06;197114
352;0.0678765;790.305;2263.68;6.26534e+06;197124
353;0.0678332;718.466;2060.94;6.2656e+06;197132
354;0.0677938;653.158;1876.25;6.26584e+06;197140
355;0.067758;593.786;1708.04;6.26607e+06;197147
356;0.0677255;539.811;1554.83;6.26627e+06;197153
357;0.0676958;490.742;1415.29;6.26645e+06;197159
358;0.0676688;446.134;1288.23;6.26662e+06;197164
359;0.0676443;405.58;1172.52;6.26677e+06;197169
360;0.067622;368.713;1067.16;6.26691e+06;197173
361;0.0676017;335.197;971.229;6.26703e+06;197177
362;0.0675832;304.727;883.889;6.26714e+06;197181
363;0.0675664;277.028;804.373;6.26725e+06;197184
364;0.0675511;251.846;731.984;6.26734e+06;197187
365;0.0675371;228.953;666.087;6.26743e+06;197190
366;0.0675245;208.141;606.103;6.26751e+06;197192
367;0.0675129;189.221;551.502;6.26758e+06;197194
368;0.0675025;172.021;501.805;6.26764e+06;197196
369;0.0674929;156.384;456.573;6.2677e+06;197198
370;0.0674843;142.169;415.406;6.26776e+06;197200
371;0.0674764;129.246;377.941;6.26781e+06;197201
372;0.0674692;117.497;343.845;6.26785e+06;197203
373;0.0674626;106.817;312.817;6.26789e+06;197204
374;0.0674567;97.1073;284.582;6.26793e+06;197205
375;0.0674513;88.2802;258.889;6.26796e+06;197206
376;0.0674464;80.2556;235.511;6.26799e+06;197207
377;0.0674419;72.9603;214.238;6.26802e+06;197208
378;0.0674378;66.3283;194.883;6.26804e+06;197209
379;0.0674341;60.299;177.273;6.26807e+06;197210
380;0.0674308;54.8178;161.251;6.26809e+06;197210
381;0.0674277;49.8349;146.674;6.26811e+06;197211
382;0.0674249;45.3049;133.413;6.26812e+06;197211
383;0.0674224;41.1867;121.348;6.26814e+06;197212
384;0.0674201;37.4428;110.372;6.26815e+06;197212
385;0.067418;34.0393;100.388;6.26817e+06;197213
386;0.0674161;30.9451;91.3049;6.26818e+06;197213
387;0.0674144;28.1322;83.0425;6.26819e+06;197213
388;0.0674128;25.575;75.5267;6.2682e+06;197214
389;0.0674114;23.2502;68.6901;6.26821e+06;197214
390;0.0674101;21.1368;62.4714;6.26822e+06;197214
391;0.0674089;19.2154;56.815;6.26822e+06;197215
392;0.0674078;17.4688;51.67;6.26823e+06;197215
393;0.0674068;15.8809;46.9903;6.26824e+06;197215
394;0.0674059;14.4373;42.734;6.26824e+06;197215
395;0.0674051;13.1249;38.8627;6.26825e+06;197215
396;0.0674044;11.9319;35.3417;6.26825e+06;197215
397;0.0674037;10.8473;32.1394;6.26826e+06;197216
398;0.0674031;9.86126;29.2269;6.26826e+06;197216
399;0.0674025;8.96487;26.578;6.26826e+06;197216
400;0.067402;8.14996;24.169;6.26827e+06;197216
401;0.0674016;7.40913;21.9782;6.26827e+06;197216
402;0.0674012;6.73564;19.9857;6.26827e+06;197216
403;0.0674008;6.12337;18.1737;6.26827e+06;197216
404;0.0674004;5.56676;16.5258;6.26828e+06;197216
405;0.0674001;5.06074;15.0273;6.26828e+06;197216
406;0.0673998;4.60072;13.6645;6.26828e+06;197216
407;0.0673996;4.18251;12.4252;6.26828e+06;197216
408;0.0673993;3.80232;11.2982;6.26828e+06;197216
409;0.0673991;3.45669;10.2734;6.26828e+06;197216
410;0.0673989;3.14248;9.34142;6.26828e+06;197216
411;0.0673988;2.85683;8.49396;6.26829e+06;197216
412;0.0673986;2.59714;7.72333;6.26829e+06;197217
413;0.0673984;2.36106;7.02257;6.26829e+06;197217
414;0.0673983;2.14644;6.38535;6.26829e+06;197217
415;0.0673982;1.95133;5.80592;6.26829e+06;197217
416;0.0673981;1.77396;5.27904;6.26829e+06;197217
417;0.067398;1.6127;4.79994;6.26829e+06;197217
418;0.0673979;1.46611;4.3643;6.26829e+06;197217
419;0.0673978;1.33284;3.96818;6.26829e+06;197217
420;0.0673977;1.21168;3.608;6.26829e+06;197217
421;0.0673977;1.10154;3.28049;6.26829e+06;197217
422;0.0673976;1.00141;2.9827;6.26829e+06;197217
423;0.0673975;0.910384;2.71192;6.26829e+06;197217
424;0.0673975;0.82763;2.46572;6.26829e+06;197217
425;0.0673974;0.752398;2.24186;6.26829e+06;197217
426;0.0673974;0.684005;2.03832;6.26829e+06;197217
427;0.0673974;0.621829;1.85324;6.26829e+06;197217
428;0.0673973;0.565305;1.68497;6.26829e+06;197217
429;0.0673973;0.513919;1.53197;6.2683e+06;197217
430;0.0673973;0.467204;1.39286;6.2683e+06;197217
431;0.0673972;0.424735;1.26637;6.2683e+06;197217
432;0.0673972;0.386126;1.15137;6.2683e+06;197217
433;0.0673972;0.351028;1.04681;6.2683e+06;197217
434;0.0673972;0.319119;0.951738;6.2683e+06;197217
435;0.0673972;0.290111;0.8653;6.2683e+06;197217
436;0.0673971;0.26374;0.78671;6.2683e+06;197217
437;0.0673971;0.239766;0.715256;6.2683e+06;197217
438;0.0673971;0.217971;0.650291;6.2683e+06;197217
439;0.0673971;0.198158;0.591224;6.2683e+06;197217
440;0.0673971;0.180145;0.537521;6.2683e+06;197217
441;0.0673971;0.16377;0.488695;6.2683e+06;197217
