197;1.95875e+08;1.7647;0.8787;0.1176;0.0037
198;1.95875e+08;3.15493;0.932525;0.220935;0.00695119
199;1.95875e+08;4.51377;1.10619;0.3306;0.0104015
200;1.95875e+08;6.05557;1.38231;0.460688;0.0144944
201;1.95875e+08;7.94449;1.76509;0.623248;0.019609
202;1.95875e+08;10.3372;2.27314;0.830823;0.0261398
203;1.95875e+08;13.4089;2.93706;1.09814;0.0345505
204;1.95875e+08;17.3731;3.79967;1.44354;0.0454176
205;1.95875e+08;22.4992;4.91798;1.89038;0.0594763
206;1.95875e+08;29.1327;6.3666;2.46874;0.0776729
207;1.95875e+08;37.7197;8.2425;3.21745;0.101229
208;1.95875e+08;48.8365;10.6714;4.18677;0.131727
209;1.95875e+08;63.2291;13.8162;5.44173;0.171211
210;1.95875e+08;81.863;17.8878;7.06651;0.222331
211;1.95875e+08;105.988;23.1594;9.17012;0.288516
212;1.95875e+08;137.223;29.9845;11.8937;0.374205
213;1.95875e+08;177.663;38.821;15.4198;0.485148
214;1.95874e+08;230.021;50.2616;19.9852;0.628786
215;1.95874e+08;297.809;65.0738;25.8959;0.814753
216;1.95874e+08;385.573;84.2511;33.5486;1.05553
217;1.95874e+08;499.202;109.08;43.4566;1.36726
218;1.95874e+08;646.318;141.226;56.2844;1.77085
219;1.95874e+08;836.788;182.846;72.8926;2.29339
220;1.95873e+08;1083.39;236.731;94.3952;2.96992
221;1.95873e+08;1402.67;306.495;122.235;3.84582
222;1.95872e+08;1816.03;396.82;158.279;4.97985
223;1.95872e+08;2351.21;513.763;204.945;6.44808
224;1.95871e+08;3044.11;665.168;265.363;8.34901
225;1.9587e+08;3941.2;861.193;343.587;10.8101
226;1.95868e+08;5102.65;1114.99;444.863;13.9965
227;1.95866e+08;6606.37;1443.57;575.985;18.122
228;1.95864e+08;8553.2;1868.98;745.749;23.4632
229;1.9586e+08;11073.7;2419.76;965.541;30.3784
230;1.95856e+08;14337;3132.84;1250.11;39.3315
231;1.9585e+08;18561.7;4056.06;1618.53;50.9231
232;1.95843e+08;24031.3;5251.32;2095.52;65.9305
233;1.95834e+08;31112.4;6798.78;2713.08;85.3604
234;1.95822e+08;40279.6;8802.21;3512.61;110.516
235;1.95807e+08;52147.3;11395.9;4547.75;143.084
236;1.95786e+08;67510.4;14753.8;5887.91;185.249
237;1.9576e+08;87398;19100.8;7622.95;239.838
238;1.95727e+08;113141;24728.4;9869.21;310.511
239;1.95683e+08;146462;32013.4;12777.3;402.006
240;1.95627e+08;189587;41443.5;16542;520.455
241;1.95554e+08;245397;53649.9;21415.8;673.797
242;1.95459e+08;317611;69448.7;27725;872.301
243;1.95337e+08;411037;89895.5;35892.2;1129.26
244;1.95179e+08;531878;116354;46463.9;1461.87
245;1.94974e+08;688132;150588;60147.2;1892.39
246;1.94709e+08;890105;194873;77856.4;2449.56
247;1.94368e+08;1.15105e+06;252146;100773;3170.59
248;1.93926e+08;1.48796e+06;326190;130426;4103.53
249;1.93356e+08;1.92262e+06;421879;168786;5310.44
250;1.92621e+08;2.48279e+06;545471;218399;6871.39
251;1.91675e+08;3.20374e+06;704991;282546;8889.63
252;1.90457e+08;4.13e+06;910696;365453;11498.1
253;1.88894e+08;5.31732e+06;1.17564e+06;472551;14867.7
254;1.86893e+08;6.83486e+06;1.51638e+06;610807;19217.6
255;1.8434e+08;8.76708e+06;1.95374e+06;789133;24828.2
256;1.81095e+08;1.12153e+07;2.51367e+06;1.01889e+06;32057
257;1.76993e+08;1.42977e+07;3.22824e+06;1.3145e+06;41357.6
258;1.71844e+08;1.81468e+07;4.13631e+06;1.69414e+06;53302.1
259;1.65439e+08;2.29028e+07;5.28412e+06;2.18057e+06;68606.4
260;1.5756e+08;2.86997e+07;6.72502e+06;2.80198e+06;88157.6
261;1.48009e+08;3.56414e+07;8.51807e+06;3.59285e+06;113040
262;1.36644e+08;4.37667e+07;1.07246e+07;4.59457e+06;144557
263;1.23432e+08;5.30009e+07;1.34021e+07;5.85579e+06;184238
264;1.08514e+08;6.31008e+07;1.65942e+07;7.43188e+06;233826
265;9.22715e+07;7.36075e+07;2.03172e+07;9.38336e+06;295225
266;7.53562e+07;8.38318e+07;2.45436e+07;1.17727e+07;370398
267;5.86617e+07;9.2906e+07;2.91868e+07;1.4659e+07;461210
268;4.32e+07;9.99225e+07;3.40916e+07;1.80914e+07;569201
269;2.98928e+07;1.04147e+08;3.90393e+07;2.21005e+07;695340
270;1.93415e+07;1.05231e+08;4.37707e+07;2.66916e+07;839785
271;1.16814e+07;1.03326e+08;4.80269e+07;3.1839e+07;1.00174e+06
272;6.60102e+06;9.90138e+07;5.15935e+07;3.7487e+07;1.17944e+06
273;3.51413e+06;9.31004e+07;5.43356e+07;4.35544e+07;1.37033e+06
274;1.78175e+06;8.63699e+07;5.62075e+07;4.99442e+07;1.57137e+06
275;872189;7.94284e+07;5.72405e+07;5.65542e+07;1.77934e+06
276;418279;7.26623e+07;5.75173e+07;6.32857e+07;1.99113e+06
277;199304;6.62763e+07;5.71455e+07;7.00497e+07;2.20395e+06
278;95526.2;6.03555e+07;5.62382e+07;7.677e+07;2.41538e+06
279;46521.8;5.49182e+07;5.49029e+07;8.33837e+07;2.62347e+06
280;23198;4.99495e+07;5.32352e+07;8.98402e+07;2.82661e+06
281;11909;4.54204e+07;5.13182e+07;9.61007e+07;3.02358e+06
282;6316.64;4.12973e+07;4.9222e+07;1.02136e+08;3.21345e+06
283;3468.76;3.75462e+07;4.70053e+07;1.07924e+08;3.39558e+06
284;1973.87;3.41347e+07;4.47165e+07;1.13452e+08;3.56949e+06
285;1163.91;3.10327e+07;4.23952e+07;1.18711e+08;3.73495e+06
286;710.708;2.82123e+07;4.00736e+07;1.23696e+08;3.89181e+06
287;448.916;2.5648e+07;3.77771e+07;1.28409e+08;4.04008e+06
288;292.911;2.33168e+07;3.55262e+07;1.32852e+08;4.17986e+06
289;197.116;2.11974e+07;3.33363e+07;1.3703e+08;4.3113e+06
290;136.582;1.92706e+07;3.12195e+07;1.4095e+08;4.43465e+06
291;97.2761;1.75189e+07;2.91843e+07;1.44621e+08;4.55016e+06
292;71.091;1.59265e+07;2.72367e+07;1.48053e+08;4.65814e+06
293;53.2214;1.44788e+07;2.53806e+07;1.51256e+08;4.75892e+06
294;40.7487;1.31627e+07;2.36181e+07;1.54241e+08;4.85282e+06
295;31.8578;1.19662e+07;2.19497e+07;1.57019e+08;4.94021e+06
296;25.3948;1.08785e+07;2.03749e+07;1.596e+08;5.02143e+06
297;20.6106;9.88964e+06;1.88923e+07;1.61996e+08;5.09681e+06
298;17.0088;8.99067e+06;1.74996e+07;1.64218e+08;5.16671e+06
299;14.2546;8.17342e+06;1.61942e+07;1.66276e+08;5.23146e+06
300;12.1178;7.43046e+06;1.49728e+07;1.6818e+08;5.29138e+06
301;10.4378;6.75503e+06;1.3832e+07;1.69941e+08;5.34678e+06
302;9.10054;6.141e+06;1.27682e+07;1.71568e+08;5.39796e+06
303;8.02401;5.58279e+06;1.17777e+07;1.73069e+08;5.4452e+06
304;7.14825;5.07531e+06;1.08565e+07;1.74454e+08;5.48878e+06
305;6.42892;4.61397e+06;1.00009e+07;1.75731e+08;5.52895e+06
306;5.83284;4.19456e+06;9.20724e+06;1.76907e+08;5.56595e+06
307;5.33485;3.81327e+06;8.47169e+06;1.7799e+08;5.60002e+06
308;4.91569;3.46665e+06;7.7907e+06;1.78986e+08;5.63136e+06
309;4.56045;3.15153e+06;7.16081e+06;1.79902e+08;5.66019e+06
310;4.25748;2.86506e+06;6.57868e+06;1.80744e+08;5.68668e+06
311;3.99759;2.60462e+06;6.04112e+06;1.81518e+08;5.71102e+06
312;3.77349;2.36786e+06;5.54509e+06;1.82228e+08;5.73338e+06
313;3.57929;2.15262e+06;5.08771e+06;1.82881e+08;5.75389e+06
314;3.41026;1.95695e+06;4.66624e+06;1.83479e+08;5.77272e+06
315;3.26254;1.77906e+06;4.27811e+06;1.84028e+08;5.78998e+06
316;3.13296;1.61735e+06;3.9209e+06;1.84531e+08;5.80581e+06
317;3.01891;1.47033e+06;3.59231e+06;1.84992e+08;5.82032e+06
318;2.91821;1.33668e+06;3.29021e+06;1.85414e+08;5.83361e+06
319;2.82905;1.21517e+06;3.01262e+06;1.85801e+08;5.84578e+06
320;2.74991;1.10471e+06;2.75764e+06;1.86155e+08;5.85693e+06
321;2.67948;1.0043e+06;2.52356e+06;1.8648e+08;5.86713e+06
322;2.61668;913005;2.30874e+06;1.86777e+08;5.87647e+06
323;2.56057;830013;2.11168e+06;1.87048e+08;5.88501e+06
324;2.51035;754565;1.93099e+06;1.87296e+08;5.89283e+06
325;2.46532;685975;1.76535e+06;1.87523e+08;5.89997e+06
326;2.42489;623620;1.61357e+06;1.87731e+08;5.9065e+06
327;2.38854;566933;1.47453e+06;1.87921e+08;5.91247e+06
328;2.35583;515399;1.3472e+06;1.88094e+08;5.91793e+06
329;2.32634;468549;1.23064e+06;1.88253e+08;5.92291e+06
330;2.29975;425958;1.12395e+06;1.88397e+08;5.92747e+06
331;2.27573;387239;1.02633e+06;1.8853e+08;5.93163e+06
332;2.25403;352039;937040;1.8865e+08;5.93542e+06
333;2.23441;320038;855378;1.8876e+08;5.93889e+06
334;2.21665;290947;780712;1.88861e+08;5.94206e+06
335;2.20057;264500;712459;1.88953e+08;5.94494e+06
336;2.186;240457;650080;1.89037e+08;5.94758e+06
337;2.1728;218599;593083;1.89113e+08;5.94999e+06
338;2.16083;198729;541013;1.89183e+08;5.95218e+06
339;2.14996;180664;493452;1.89246e+08;5.95418e+06
340;2.14011;164242;450019;1.89304e+08;5.95601e+06
341;2.13116;149312;410361;1.89357e+08;5.95767e+06
342;2.12303;135740;374157;1.89406e+08;5.95919e+06
343;2.11565;123401;341110;1.8945e+08;5.96058e+06
344;2.10894;112184;310951;1.8949e+08;5.96184e+06
345;2.10285;101986;283430;1.89526e+08;5.96299e+06
346;2.09731;92715.8;258321;1.8956e+08;5.96404e+06
347;2.09228;84288;235414;1.8959e+08;5.96499e+06
348;2.0877;76626.2;214520;1.89618e+08;5.96586e+06
349;2.08354;69660.9;195464;1.89643e+08;5.96666e+06
350;2.07976;63328.7;178087;1.89666e+08;5.96738e+06
351;2.07631;57572.1;162241;1.89687e+08;5.96804e+06
352;2.07318;52338.8;147795;1.89706e+08;5.96864e+06
353;2.07034;47581.2;134625;1.89723e+08;5.96919e+06
354;2.06775;43256.1;122620;1.89739e+08;5.96969e+06
355;2.06539;39324.1;111678;1.89754e+08;5.97014e+06
356;2.06325;35749.6;101706;1.89767e+08;5.97055e+06
357;2.0613;32499.9;92618.8;1.89779e+08;5.97093e+06
358;2.05952;29545.7;84338.4;1.8979e+08;5.97127e+06
359;2.05791;26860;76793.8;1.898e+08;5.97158e+06
360;2.05644;24418.4;69920.3;1.89809e+08;5.97187e+06
361;2.0551;22198.8;63658.6;1.89817e+08;5.97213e+06
362;2.05389;20180.9;57954.7;1.89824e+08;5.97236e+06
363;2.05278;18346.5;52759.2;1.89831e+08;5.97258e+06
364;2.05178;16678.8;48027.2;1.89837e+08;5.97277e+06
365;2.05086;15162.7;43717.6;1.89843e+08;5.97295e+06
366;2.05003;13784.4;39793;1.89848e+08;5.97311e+06
367;2.04927;12531.4;36219.1;1.89853e+08;5.97326e+06
368;2.04858;11392.3;32964.8;1.89857e+08;5.97339e+06
369;2.04795;10356.7;30001.7;1.89861e+08;5.97351e+06
370;2.04738;9415.3;27304;1.89864e+08;5.97362e+06
371;2.04686;8559.45;24847.8;1.89868e+08;5.97373e+06
372;2.04639;7781.4;22611.8;1.89871e+08;5.97382e+06
373;2.04596;7074.07;20576.4;1.89873e+08;5.9739e+06
374;2.04557;6431.04;18723.5;1.89876e+08;5.97398e+06
375;2.04521;5846.46;17036.9;1.89878e+08;5.97405e+06
376;2.04489;5315.01;15501.8;1.8988e+08;5.97411e+06
377;2.04459;4831.88;14104.5;1.89882e+08;5.97417e+06
378;2.04432;4392.66;12832.9;1.89883e+08;5.97422e+06
379;2.04408;3993.37;11675.5;1.89885e+08;5.97427e+06
380;2.04386;3630.37;10622.3;1.89886e+08;5.97431e+06
381;2.04366;3300.37;9663.81;1.89887e+08;5.97435e+06
382;2.04347;3000.37;8791.6;1.89889e+08;5.97439e+06
383;2.04331;2727.63;7997.91;1.8989e+08;5.97442e+06
384;2.04316;2479.69;7275.7;1.89891e+08;5.97445e+06
385;2.04302;2254.29;6618.57;1.89891e+08;5.97447e+06
386;2.04289;2049.37;6020.65;1.89892e+08;5.9745e+06
387;2.04278;1863.09;5476.63;1.89893e+08;5.97452e+06
388;2.04267;1693.73;4981.67;1.89894e+08;5.97454e+06
389;2.04258;1539.77;4531.35;1.89894e+08;5.97456e+06
390;2.04249;1399.81;4121.67;1.89895e+08;5.97458e+06
391;2.04241;1272.56;3748.95;1.89895e+08;5.97459e+06
392;2.04234;1156.89;3409.88;1.89896e+08;5.97461e+06
393;2.04228;1051.73;3101.42;1.89896e+08;5.97462e+06
394;2.04222;956.125;2820.82;1.89896e+08;5.97463e+06
395;2.04217;869.213;2565.57;1.89897e+08;5.97464e+06
396;2.04212;790.202;2333.38;1.89897e+08;5.97465e+06
397;2.04207;718.373;2122.17;1.89897e+08;5.97466e+06
398;2.04203;653.072;1930.05;1.89897e+08;5.97467e+06
399;2.042;593.708;1755.3;1.89898e+08;5.97467e+06
400;2.04196;539.74;1596.35;1.89898e+08;5.97468e+06
401;2.04193;490.678;1451.77;1.89898e+08;5.97469e+06
402;2.04191;446.075;1320.28;1.89898e+08;5.97469e+06
403;2.04188;405.527;1200.67;1.89898e+08;5.9747e+06
404;2.04186;368.665;1091.9;1.89899e+08;5.9747e+06
405;2.04184;335.153;992.96;1.89899e+08;5.9747e+06
406;2.04182;304.688;902.979;1.89899e+08;5.97471e+06
407;2.0418;276.992;821.144;1.89899e+08;5.97471e+06
408;2.04178;251.813;746.718;1.89899e+08;5.97471e+06
409;2.04177;228.923;679.031;1.89899e+08;5.97472e+06
410;2.04176;208.114;617.473;1.89899e+08;5.97472e+06
411;2.04175;189.197;561.491;1.89899e+08;5.97472e+06
412;2.04174;171.999;510.58;1.89899e+08;5.97472e+06
413;2.04173;156.364;464.282;1.89899e+08;5.97473e+06
414;2.04172;142.15;422.178;1.89899e+08;5.97473e+06
415;2.04171;129.229;383.889;1.89899e+08;5.97473e+06
416;2.0417;117.482;349.07;1.899e+08;5.97473e+06
417;2.0417;106.803;317.407;1.899e+08;5.97473e+06
418;2.04169;97.0946;288.614;1.899e+08;5.97473e+06
419;2.04168;88.2687;262.431;1.899e+08;5.97473e+06
420;2.04168;80.2451;238.622;1.899e+08;5.97473e+06
421;2.04167;72.9508;216.971;1.899e+08;5.97474e+06
422;2.04167;66.3196;197.284;1.899e+08;5.97474e+06
423;2.04167;60.2911;179.382;1.899e+08;5.97474e+06
424;2.04166;54.8107;163.103;1.899e+08;5.97474e+06
425;2.04166;49.8284;148.301;1.899e+08;5.97474e+06
426;2.04166;45.299;134.842;1.899e+08;5.97474e+06
427;2.04165;41.1813;122.603;1.899e+08;5.97474e+06
428;2.04165;37.4379;111.475;1.899e+08;5.97474e+06
429;2.04165;34.0348;101.356;1.899e+08;5.97474e+06
430;2.04165;30.9411;92.1552;1.899e+08;5.97474e+06
431;2.04165;28.1285;83.7893;1.899e+08;5.97474e+06
432;2.04164;25.5716;76.1825;1.899e+08;5.97474e+06
433;2.04164;23.2472;69.2661;1.899e+08;5.97474e+06
434;2.04164;21.134;62.9773;1.899e+08;5.97474e+06
435;2.04164;19.2129;57.2592;1.899e+08;5.97474e+06
436;2.04164;17.4665;52.0601;1.899e+08;5.97474e+06
437;2.04164;15.8788;47.3329;1.899e+08;5.97474e+06
438;2.04164;14.4354;43.0348;1.899e+08;5.97474e+06
439;2.04164;13.1232;39.1269;1.899e+08;5.97474e+06
440;2.04164;11.9303;35.5737;1.899e+08;5.97474e+06
441;2.04164;10.8459;32.3431;1.899e+08;5.97474e+06
442;2.04163;9.85997;29.4057;1.899e+08;5.97474e+06
443;2.04163;8.9637;26.7351;1.899e+08;5.97474e+06
444;2.04163;8.1489;24.3069;1.899e+08;5.97474e+06
445;2.04163;7.40816;22.0992;1.899e+08;5.97474e+06
446;2.04163;6.73476;20.092;1.899e+08;5.97474e+06
447;2.04163;6.12257;18.267;1.899e+08;5.97474e+06
448;2.04163;5.56603;16.6078;1.899e+08;5.97474e+06
449;2.04163;5.06008;15.0992;1.899e+08;5.97474e+06
450;2.04163;4.60012;13.7276;1.899e+08;5.97474e+06
451;2.04163;4.18197;12.4806;1.899e+08;5.97474e+06
452;2.04163;3.80183;11.3469;1.899e+08;5.97474e+06
453;2.04163;3.45624;10.3161;1.899e+08;5.97474e+06
454;2.04163;3.14207;9.37891;1.899e+08;5.97474e+06
455;2.04163;2.85646;8.52686;1.899e+08;5.97474e+06
456;2.04163;2.5968;7.7522;1.899e+08;5.97474e+06
457;2.04163;2.36075;7.04791;1.899e+08;5.97474e+06
458;2.04163;2.14616;6.40759;1.899e+08;5.97474e+06
459;2.04163;1.95108;5.82544;1.899e+08;5.97474e+06
460;2.04163;1.77372;5.29616;1.899e+08;5.97474e+06
461;2.04163;1.61249;4.81497;1.899e+08;5.97474e+06
462;2.04163;1.46592;4.37749;1.899e+08;5.97474e+06
463;2.04163;1.33266;3.97975;1.899e+08;5.97474e+06
464;2.04163;1.21153;3.61815;1.899e+08;5.97474e+06
465;2.04163;1.1014;3.28939;1.899e+08;5.97474e+06
466;2.04163;1.00128;2.99051;1.899e+08;5.97474e+06
467;2.04163;0.910265;2.71878;1.899e+08;5.97474e+06
468;2.04163;0.827522;2.47173;1.899e+08;5.97474e+06
469;2.04163;0.7523;2.24713;1.899e+08;5.97474e+06
470;2.04163;0.683916;2.04294;1.899e+08;5.97474e+06
471;2.04163;0.621748;1.8573;1.899e+08;5.97474e+06
472;2.04163;0.565231;1.68853;1.899e+08;5.97474e+06
473;2.04163;0.513852;1.53509;1.899e+08;5.97474e+06
474;2.04163;0.467143;1.39559;1.899e+08;5.97474e+06
475;2.04163;0.424679;1.26877;1.899e+08;5.97474e+06
476;2.04163;0.386076;1.15347;1.899e+08;5.97474e+06
477;2.04163;0.350982;1.04865;1.899e+08;5.97474e+06
478;2.04163;0.319077;0.953351;1.899e+08;5.97474e+06
479;2.04163;0.290073;0.866714;1.899e+08;5.97474e+06
480;2.04163;0.263706;0.787949;1.899e+08;5.97474e+06
481;2.04163;0.239735;0.716342;1.899e+08;5.97474e+06
482;2.04163;0.217943;0.651241;1.899e+08;5.97474e+06
483;2.04163;0.198132;0.592057;1.899e+08;5.97474e+06
484;2.04163;0.180122;0.538251;1.899e+08;5.97474e+06
485;2.04163;0.163749;0.489334;1.899e+08;5.97474e+06
