213;2.24429e+07;1.7647;0.8787;0.1176;0.0037
214;2.24429e+07;3.15493;0.932525;0.220935;0.00695119
215;2.24429e+07;4.51377;1.10619;0.3306;0.0104015
216;2.24429e+07;6.05557;1.38231;0.460688;0.0144944
217;2.24429e+07;7.94449;1.76509;0.623248;0.019609
218;2.24429e+07;10.3372;2.27314;0.830823;0.0261398
219;2.24429e+07;13.4089;2.93706;1.09814;0.0345505
220;2.24429e+07;17.3731;3.79967;1.44354;0.0454176
221;2.24429e+07;22.4991;4.91798;1.89038;0.0594763
222;2.24429e+07;29.1327;6.3666;2.46874;0.0776729
223;2.24429e+07;37.7197;8.2425;3.21745;0.101229
224;2.24429e+07;48.8365;10.6714;4.18677;0.131727
225;2.24429e+07;63.229;13.8162;5.44172;0.171211
226;2.24428e+07;81.8628;17.8878;7.06651;0.222331
227;2.24428e+07;105.988;23.1593;9.17011;0.288515
228;2.24428e+07;137.223;29.9844;11.8937;0.374205
229;2.24427e+07;177.662;38.8208;15.4198;0.485147
230;2.24426e+07;230.019;50.2614;19.9852;0.628785
231;2.24426e+07;297.805;65.0734;25.8959;0.814752
232;2.24424e+07;385.568;84.2505;33.5485;1.05552
233;2.24423e+07;499.193;109.079;43.4564;1.36725
234;2.24421e+07;646.303;141.224;56.2841;1.77084
235;2.24419e+07;836.764;182.843;72.8921;2.29337
236;2.24415e+07;1083.35;236.726;94.3944;2.96989
237;2.24411e+07;1402.6;306.487;122.233;3.84578
238;2.24406e+07;1815.91;396.806;158.276;4.97978
239;2.24399e+07;2351.02;513.74;204.941;6.44797
240;2.2439e+07;3043.78;665.131;265.357;8.3488
241;2.24378e+07;3940.65;861.131;343.576;10.8098
242;2.24363e+07;5101.74;1114.88;444.845;13.996
243;2.24343e+07;6604.84;1443.39;575.955;18.121
244;2.24318e+07;8550.63;1868.69;745.698;23.4616
245;2.24285e+07;11069.4;2419.27;965.456;30.3757
246;2.24242e+07;14329.7;3132.02;1249.96;39.327
247;2.24187e+07;18549.6;4054.68;1618.29;50.9155
248;2.24115e+07;24011;5249.01;2095.12;65.9179
249;2.24023e+07;31078.4;6794.91;2712.4;85.3392
250;2.23903e+07;40222.7;8795.72;3511.48;110.48
251;2.23748e+07;52051.9;11385;4545.86;143.025
252;2.23548e+07;67350.7;14735.6;5884.74;185.149
253;2.23289e+07;87130.4;19070.3;7617.64;239.671
254;2.22954e+07;112693;24677.2;9860.31;310.231
255;2.22521e+07;145711;31927.7;12762.4;401.537
256;2.21963e+07;188331;41300;16517;519.669
257;2.21242e+07;243294;53409.6;21373.9;672.479
258;2.20313e+07;314095;69046.5;27654.9;870.095
259;2.19117e+07;405160;89222.4;35774.8;1125.57
260;2.17579e+07;522062;115229;46267.3;1455.69
261;2.15608e+07;671756;148707;59818.2;1882.04
262;2.13087e+07;862823;191731;77306.1;2432.25
263;2.09874e+07;1.10567e+06;246905;99853.7;3141.66
264;2.05799e+07;1.41268e+06;317461;128890;4055.21
265;2.00661e+07;1.79808e+06;407366;166223;5229.81
266;1.94232e+07;2.27752e+06;521398;214129;6737.07
267;1.86266e+07;2.86704e+06;665179;275446;8666.24
268;1.7652e+07;3.58104e+06;845107;353671;11127.4
269;1.64784e+07;4.4291e+06;1.06811e+06;453055;14254.3
270;1.50936e+07;5.41133e+06;1.34115e+06;578665;18206.3
271;1.35006e+07;6.51244e+06;1.67036e+06;736385;23168.6
272;1.17256e+07;7.69548e+06;2.05973e+06;932820;29348.9
273;9.82405e+06;8.89749e+06;2.5094e+06;1.17504e+06;36969.9
274;7.88241e+06;1.00303e+07;3.01379e+06;1.47015e+06;46254.7
275;6.01061e+06;1.09904e+07;3.55998e+06;1.82457e+06;57405.7
276;4.32379e+06;1.16782e+07;4.12718e+06;2.24323e+06;70577.7
277;2.9162e+06;1.20242e+07;4.6881e+06;2.72858e+06;85848.2
278;1.83708e+06;1.20103e+07;5.21243e+06;3.2799e+06;103194
279;1.08067e+06;1.1675e+07;5.6719e+06;3.89288e+06;122480
280;596061;1.10984e+07;6.04516e+06;4.5599e+06;143466
281;310911;1.03747e+07;6.32072e+06;5.27081e+06;165833
282;155237;9.58729e+06;6.49708e+06;6.01413e+06;189220
283;75257.3;8.79578e+06;6.58047e+06;6.77818e+06;213259
284;35943.7;8.03556e+06;6.58179e+06;7.55205e+06;237607
285;17142.8;7.32393e+06;6.51385e+06;8.32607e+06;261960
286;8258.76;6.66707e+06;6.38947e+06;9.09209e+06;286061
287;4055.94;6.06523e+06;6.22046e+06;9.8435e+06;309702
288;2044.35;5.51591e+06;6.01725e+06;1.0575e+07;332718
289;1062.53;5.0155e+06;5.78875e+06;1.12827e+07;354981
290;571.125;4.56008e+06;5.54249e+06;1.19634e+07;376400
291;317.979;4.14582e+06;5.28469e+06;1.26152e+07;396907
292;183.468;3.7691e+06;5.02052e+06;1.32367e+07;416460
293;109.672;3.42657e+06;4.75414e+06;1.38271e+07;435036
294;67.8638;3.11513e+06;4.48894e+06;1.43862e+07;452627
295;43.4171;2.83199e+06;4.22759e+06;1.49141e+07;469236
296;28.6763;2.57458e+06;3.97222e+06;1.54112e+07;484878
297;19.5218;2.34056e+06;3.72441e+06;1.58784e+07;499575
298;13.6747;2.12781e+06;3.4854e+06;1.63164e+07;513355
299;9.83928;1.93439e+06;3.25604e+06;1.67263e+07;526251
300;7.25971;1.75856e+06;3.03692e+06;1.71092e+07;538299
301;5.48353;1.59871e+06;2.82839e+06;1.74663e+07;549535
302;4.2334;1.45339e+06;2.63063e+06;1.77989e+07;560000
303;3.33532;1.32128e+06;2.44365e+06;1.81083e+07;569734
304;2.67776;1.20117e+06;2.26734e+06;1.83957e+07;578775
305;2.18773;1.09199e+06;2.1015e+06;1.86623e+07;587164
306;1.81651;992725;1.94585e+06;1.89094e+07;594940
307;1.53101;902486;1.80005e+06;1.91383e+07;602139
308;1.30834;820450;1.66374e+06;1.935e+07;608800
309;1.13241;745872;1.53651e+06;1.95456e+07;614955
310;0.991743;678072;1.41793e+06;1.97263e+07;620641
311;0.878026;616435;1.30757e+06;1.98931e+07;625887
312;0.785162;560402;1.205e+06;2.00468e+07;630725
313;0.708618;509461;1.10977e+06;2.01885e+07;635183
314;0.644981;463151;1.02147e+06;2.0319e+07;639290
315;0.591659;421051;939664;2.04392e+07;643069
316;0.546654;382777;863956;2.05497e+07;646546
317;0.508416;347983;793953;2.06513e+07;649742
318;0.47573;316351;729278;2.07446e+07;652680
319;0.447633;287595;669573;2.08304e+07;655378
320;0.423357;261453;614496;2.09091e+07;657856
321;0.402283;237687;563724;2.09814e+07;660129
322;0.383911;216081;516950;2.10477e+07;662215
323;0.367832;196439;473885;2.11085e+07;664128
324;0.353708;178583;434259;2.11642e+07;665881
325;0.341261;162350;397817;2.12153e+07;667488
326;0.330259;147592;364319;2.12621e+07;668960
327;0.320507;134176;333544;2.13049e+07;670308
328;0.311843;121979;305281;2.13441e+07;671542
329;0.304126;110891;279339;2.138e+07;672672
330;0.29724;100811;255535;2.14129e+07;673705
331;0.291083;91647.7;233702;2.14429e+07;674651
332;0.285568;83316.9;213685;2.14704e+07;675515
333;0.280621;75743.4;195338;2.14956e+07;676306
334;0.276177;68858.4;178529;2.15185e+07;677029
335;0.272179;62599.1;163133;2.15395e+07;677689
336;0.268579;56908.9;149035;2.15587e+07;678293
337;0.265334;51735.9;136130;2.15762e+07;678844
338;0.262405;47033.1;124320;2.15922e+07;679348
339;0.25976;42757.8;113515;2.16069e+07;679808
340;0.257369;38871.1;103633;2.16202e+07;680228
341;0.255206;35337.7;94595.5;2.16324e+07;680611
342;0.253249;32125.5;86333.2;2.16435e+07;680961
343;0.251476;29205.3;78781.2;2.16537e+07;681281
344;0.249869;26550.5;71879.8;2.16629e+07;681572
345;0.248413;24137.1;65574.2;2.16714e+07;681838
346;0.247092;21943;59814.2;2.16791e+07;682081
347;0.245893;19948.4;54553.3;2.16861e+07;682302
348;0.244805;18135.1;49749.3;2.16926e+07;682504
349;0.243817;16486.6;45363.2;2.16984e+07;682688
350;0.242921;14988;41359.3;2.17037e+07;682856
351;0.242106;13625.6;37704.8;2.17086e+07;683009
352;0.241365;12387;34369.8;2.1713e+07;683148
353;0.240693;11261;31326.7;2.17171e+07;683276
354;0.240081;10237.4;28550.4;2.17208e+07;683392
355;0.239525;9306.84;26017.8;2.17241e+07;683497
356;0.23902;8460.84;23707.9;2.17272e+07;683593
357;0.23856;7691.75;21601.2;2.173e+07;683681
358;0.238142;6992.57;19680.1;2.17325e+07;683761
359;0.237762;6356.95;17928.6;2.17348e+07;683834
360;0.237417;5779.1;16331.7;2.17369e+07;683900
361;0.237102;5253.78;14876;2.17389e+07;683961
362;0.236816;4776.21;13549.1;2.17406e+07;684016
363;0.236556;4342.06;12339.7;2.17422e+07;684066
364;0.236319;3947.36;11237.6;2.17437e+07;684112
365;0.236104;3588.55;10233.3;2.1745e+07;684153
366;0.235908;3262.35;9318.21;2.17462e+07;684191
367;0.235729;2965.8;8484.46;2.17473e+07;684225
368;0.235567;2696.21;7724.88;2.17483e+07;684257
369;0.23542;2451.13;7032.94;2.17492e+07;684285
370;0.235285;2228.32;6402.65;2.175e+07;684311
371;0.235163;2025.76;5828.56;2.17508e+07;684335
372;0.235052;1841.62;5305.7;2.17514e+07;684357
373;0.234951;1674.22;4829.52;2.17521e+07;684376
374;0.234859;1522.03;4395.89;2.17526e+07;684394
375;0.234775;1383.68;4001.02;2.17532e+07;684410
376;0.234699;1257.9;3641.47;2.17536e+07;684425
377;0.23463;1143.56;3314.11;2.17541e+07;684439
378;0.234567;1039.61;3016.05;2.17544e+07;684451
379;0.234509;945.11;2744.71;2.17548e+07;684462
380;0.234457;859.2;2497.69;2.17551e+07;684472
381;0.234409;781.099;2272.82;2.17554e+07;684482
382;0.234366;710.097;2068.13;2.17557e+07;684490
383;0.234327;645.549;1881.81;2.17559e+07;684498
384;0.234291;586.869;1712.23;2.17561e+07;684505
385;0.234259;533.522;1557.88;2.17563e+07;684511
386;0.234229;485.025;1417.41;2.17565e+07;684517
387;0.234202;440.936;1289.56;2.17567e+07;684522
388;0.234178;400.855;1173.22;2.17568e+07;684527
389;0.234155;364.418;1067.35;2.1757e+07;684531
390;0.234135;331.292;971.003;2.17571e+07;684535
391;0.234117;301.178;883.335;2.17572e+07;684539
392;0.2341;273.801;803.564;2.17573e+07;684542
393;0.234085;248.912;730.98;2.17574e+07;684545
394;0.234071;226.286;664.938;2.17575e+07;684548
395;0.234058;205.717;604.851;2.17576e+07;684550
396;0.234047;187.017;550.182;2.17577e+07;684552
397;0.234036;170.017;500.445;2.17577e+07;684554
398;0.234027;154.563;455.195;2.17578e+07;684556
399;0.234018;140.513;414.03;2.17578e+07;684558
400;0.23401;127.74;376.581;2.17579e+07;684559
401;0.234003;116.129;342.513;2.17579e+07;684561
402;0.233997;105.573;311.522;2.1758e+07;684562
403;0.233991;95.9761;283.331;2.1758e+07;684563
404;0.233985;87.2518;257.687;2.1758e+07;684564
405;0.23398;79.3206;234.361;2.17581e+07;684565
406;0.233976;72.1104;213.143;2.17581e+07;684566
407;0.233972;65.5556;193.844;2.17581e+07;684567
408;0.233968;59.5966;176.29;2.17581e+07;684567
409;0.233965;54.1792;160.323;2.17582e+07;684568
410;0.233962;49.2544;145.801;2.17582e+07;684569
411;0.233959;44.7771;132.592;2.17582e+07;684569
412;0.233957;40.7069;120.579;2.17582e+07;684570
413;0.233954;37.0066;109.653;2.17582e+07;684570
414;0.233952;33.6427;99.7161;2.17582e+07;684571
415;0.23395;30.5846;90.6786;2.17583e+07;684571
416;0.233949;27.8045;82.4595;2.17583e+07;684571
417;0.233947;25.2771;74.9846;2.17583e+07;684572
418;0.233946;22.9794;68.1866;2.17583e+07;684572
419;0.233944;20.8905;62.0044;2.17583e+07;684572
420;0.233943;18.9916;56.3822;2.17583e+07;684572
421;0.233942;17.2653;51.2694;2.17583e+07;684573
422;0.233941;15.6959;46.6198;2.17583e+07;684573
423;0.23394;14.2691;42.3916;2.17583e+07;684573
424;0.233939;12.972;38.5466;2.17583e+07;684573
425;0.233939;11.7929;35.05;2.17583e+07;684573
426;0.233938;10.7209;31.8704;2.17583e+07;684573
427;0.233937;9.74638;28.9791;2.17583e+07;684574
428;0.233937;8.86043;26.3499;2.17583e+07;684574
429;0.233936;8.05502;23.959;2.17583e+07;684574
430;0.233936;7.32282;21.785;2.17583e+07;684574
431;0.233935;6.65718;19.8081;2.17583e+07;684574
432;0.233935;6.05204;18.0105;2.17584e+07;684574
433;0.233935;5.50191;16.376;2.17584e+07;684574
434;0.233934;5.00179;14.8897;2.17584e+07;684574
435;0.233934;4.54712;13.5382;2.17584e+07;684574
436;0.233934;4.13379;12.3094;2.17584e+07;684574
437;0.233934;3.75803;11.192;2.17584e+07;684574
438;0.233933;3.41642;10.176;2.17584e+07;684574
439;0.233933;3.10587;9.25224;2.17584e+07;684574
440;0.233933;2.82355;8.41226;2.17584e+07;684574
441;0.233933;2.56689;7.64852;2.17584e+07;684574
442;0.233933;2.33356;6.95408;2.17584e+07;684574
443;0.233933;2.12144;6.32267;2.17584e+07;684574
444;0.233933;1.9286;5.74857;2.17584e+07;684574
445;0.233932;1.75329;5.22658;2.17584e+07;684574
446;0.233932;1.59392;4.75197;2.17584e+07;684575
447;0.233932;1.44903;4.32044;2.17584e+07;684575
448;0.233932;1.31731;3.92809;2.17584e+07;684575
449;0.233932;1.19757;3.57136;2.17584e+07;684575
450;0.233932;1.08871;3.24701;2.17584e+07;684575
451;0.233932;0.989746;2.95211;2.17584e+07;684575
452;0.233932;0.899778;2.68399;2.17584e+07;684575
453;0.233932;0.817988;2.44021;2.17584e+07;684575
454;0.233932;0.743633;2.21857;2.17584e+07;684575
455;0.233932;0.676037;2.01705;2.17584e+07;684575
456;0.233932;0.614585;1.83383;2.17584e+07;684575
457;0.233932;0.55872;1.66726;2.17584e+07;684575
458;0.233932;0.507932;1.51581;2.17584e+07;684575
459;0.233932;0.461761;1.37811;2.17584e+07;684575
460;0.233932;0.419787;1.25292;2.17584e+07;684575
461;0.233932;0.381628;1.1391;2.17584e+07;684575
462;0.233932;0.346938;1.03562;2.17584e+07;684575
463;0.233932;0.315402;0.941532;2.17584e+07;684575
464;0.233931;0.286732;0.855994;2.17584e+07;684575
465;0.233931;0.260668;0.778226;2.17584e+07;684575
466;0.233931;0.236973;0.707522;2.17584e+07;684575
467;0.233931;0.215432;0.643241;2.17584e+07;684575
468;0.233931;0.195849;0.584798;2.17584e+07;684575
469;0.233931;0.178047;0.531665;2.17584e+07;684575
470;0.233931;0.161862;0.483358;2.17584e+07;684575
