240;2.55498e+07;1.7647;0.8787;0.1176;0.0037
241;2.55498e+07;3.15493;0.932525;0.220935;0.00695119
242;2.55498e+07;4.51377;1.10619;0.3306;0.0104015
243;2.55498e+07;6.05557;1.38231;0.460688;0.0144944
244;2.55498e+07;7.94449;1.76509;0.623248;0.019609
245;2.55498e+07;10.3372;2.27314;0.830823;0.0261398
246;2.55498e+07;13.4089;2.93706;1.09814;0.0345505
247;2.55498e+07;17.3731;3.79967;1.44354;0.0454176
248;2.55498e+07;22.4991;4.91798;1.89038;0.0594763
249;2.55498e+07;29.1327;6.3666;2.46874;0.0776729
250;2.55498e+07;37.7197;8.2425;3.21745;0.101229
251;2.55498e+07;48.8365;10.6714;4.18677;0.131727
252;2.55497e+07;63.229;13.8162;5.44172;0.171211
253;2.55497e+07;81.8628;17.8878;7.06651;0.222331
254;2.55497e+07;105.988;23.1593;9.17011;0.288515
255;2.55496e+07;137.223;29.9844;11.8937;0.374205
256;2.55496e+07;177.662;38.8209;15.4198;0.485147
257;2.55495e+07;230.019;50.2614;19.9852;0.628785
258;2.55494e+07;297.806;65.0735;25.8959;0.814752
259;2.55493e+07;385.569;84.2506;33.5485;1.05552
260;2.55492e+07;499.195;109.079;43.4564;1.36725
261;2.5549e+07;646.305;141.225;56.2841;1.77084
262;2.55487e+07;836.767;182.843;72.8921;2.29338
263;2.55484e+07;1083.35;236.726;94.3945;2.9699
264;2.5548e+07;1402.61;306.488;122.234;3.84578
265;2.55474e+07;1815.93;396.808;158.277;4.97979
266;2.55467e+07;2351.04;513.743;204.941;6.44798
267;2.55458e+07;3043.83;665.136;265.357;8.34883
268;2.55447e+07;3940.73;861.139;343.578;10.8098
269;2.55431e+07;5101.86;1114.9;444.848;13.9961
270;2.55412e+07;6605.05;1443.42;575.959;18.1212
271;2.55386e+07;8550.99;1868.73;745.705;23.4618
272;2.55353e+07;11070;2419.34;965.468;30.3761
273;2.55311e+07;14330.7;3132.14;1249.98;39.3277
274;2.55255e+07;18551.3;4054.87;1618.32;50.9166
275;2.55184e+07;24013.8;5249.33;2095.17;65.9196
276;2.55091e+07;31083.1;6795.44;2712.49;85.3421
277;2.54972e+07;40230.5;8796.61;3511.64;110.485
278;2.54817e+07;52065;11386.5;4546.12;143.033
279;2.54616e+07;67372.6;14738.1;5885.18;185.163
280;2.54357e+07;87167.1;19074.5;7618.37;239.694
281;2.54022e+07;112754;24684.2;9861.53;310.269
282;2.53589e+07;145814;31939.4;12764.4;401.601
283;2.5303e+07;188503;41319.7;16520.5;519.777
284;2.52307e+07;243582;53442.5;21379.7;672.66
285;2.51376e+07;314575;69101.5;27664.5;870.397
286;2.50176e+07;405960;89314.3;35790.8;1126.07
287;2.48633e+07;523395;115382;46294.2;1456.54
288;2.46651e+07;673973;148963;59863.2;1883.45
289;2.44113e+07;866500;192158;77381.2;2434.61
290;2.40873e+07;1.11176e+06;247614;99979;3145.6
291;2.36753e+07;1.4227e+06;318637;129098;4061.77
292;2.31542e+07;1.81451e+06;409310;166570;5240.73
293;2.24995e+07;2.30428e+06;524599;214705;6755.17
294;2.1684e+07;2.91028e+06;670425;276398;8696.19
295;2.06796e+07;3.65016e+06;853646;355240;11176.8
296;1.94598e+07;4.53818e+06;1.0819e+06;455629;14335.3
297;1.80048e+07;5.58062e+06;1.36318e+06;582860;18338.3
298;1.63084e+07;6.76978e+06;1.70511e+06;743171;23382.1
299;1.4386e+07;8.0768e+06;2.11365e+06;943691;29691
300;1.22834e+07;9.44524e+06;2.59145e+06;1.19226e+06;37511.5
301;1.00816e+07;1.07885e+07;3.13568e+06;1.49701e+06;47099.8
302;7.89408e+06;1.19953e+07;3.73599e+06;1.86577e+06;58701.8
303;5.85239e+06;1.29466e+07;4.37319e+06;2.30512e+06;72525
304;4.07964e+06;1.35425e+07;5.01957e+06;2.81941e+06;88705.8
305;2.66032e+06;1.37308e+07;5.64171e+06;3.40971e+06;107278
306;1.61931e+06;1.35237e+07;6.2055e+06;4.07317e+06;128152
307;921763;1.29919e+07;6.68207e+06;4.80294e+06;151113
308;493817;1.22389e+07;7.05251e+06;5.58875e+06;175837
309;251607;1.13686e+07;7.30955e+06;6.41812e+06;201931
310;123568;1.04632e+07;7.45631e+06;7.27773e+06;228976
311;59355.2;9.57634e+06;7.50297e+06;8.15459e+06;256564
312;28284;8.73692e+06;7.46335e+06;9.03694e+06;284325
313;13539.9;7.95748e+06;7.35223e+06;9.91463e+06;311940
314;6579.23;7.24111e+06;7.18374e+06;1.07793e+07;339143
315;3270.88;6.5862e+06;6.97057e+06;1.16241e+07;365723
316;1673.25;5.98911e+06;6.72372e+06;1.24438e+07;391514
317;884.099;5.44549e+06;6.45255e+06;1.32345e+07;416392
318;483.554;4.9509e+06;6.16485e+06;1.39933e+07;440266
319;274.047;4.50107e+06;5.86709e+06;1.47183e+07;463076
320;160.944;4.09203e+06;5.56456e+06;1.54083e+07;484784
321;97.8908;3.72013e+06;5.26154e+06;1.60627e+07;505373
322;61.5986;3.38201e+06;4.96148e+06;1.66814e+07;524841
323;40.047;3.0746e+06;4.66707e+06;1.72649e+07;543198
324;26.8575;2.79514e+06;4.38044e+06;1.78137e+07;560467
325;18.5494;2.54107e+06;4.10317e+06;1.83289e+07;576674
326;13.1711;2.31009e+06;3.83644e+06;1.88114e+07;591856
327;9.59828;2.10011e+06;3.58107e+06;1.92626e+07;606051
328;7.16656;1.90921e+06;3.33758e+06;1.96837e+07;619301
329;5.47346;1.73566e+06;3.10628e+06;2.00762e+07;631650
330;4.26938;1.57789e+06;2.88726e+06;2.04415e+07;643143
331;3.39599;1.43446e+06;2.68047e+06;2.07811e+07;653826
332;2.75076;1.30407e+06;2.48572e+06;2.10963e+07;663744
333;2.2659;1.18553e+06;2.30274e+06;2.13886e+07;672941
334;1.89576;1.07777e+06;2.13118e+06;2.16594e+07;681461
335;1.60906;979798;1.97064e+06;2.191e+07;689346
336;1.38398;890735;1.82066e+06;2.21418e+07;696638
337;1.20506;809767;1.68079e+06;2.23559e+07;703374
338;1.06121;736160;1.55051e+06;2.25536e+07;709593
339;0.944315;669243;1.42935e+06;2.27359e+07;715330
340;0.848403;608409;1.31681e+06;2.2904e+07;720619
341;0.769001;553104;1.21238e+06;2.30588e+07;725491
342;0.702725;502827;1.1156e+06;2.32014e+07;729977
343;0.646985;457120;1.02598e+06;2.33326e+07;734104
344;0.599781;415568;943084;2.34533e+07;737900
345;0.559551;377793;866463;2.35642e+07;741390
346;0.525063;343452;795702;2.36661e+07;744596
347;0.495341;312232;730403;2.37596e+07;747540
348;0.469599;283850;670187;2.38455e+07;750242
349;0.447204;258048;614696;2.39244e+07;752722
350;0.427641;234592;563590;2.39966e+07;754996
351;0.410487;213267;516550;2.40629e+07;757082
352;0.395395;193881;473279;2.41237e+07;758993
353;0.382074;176257;433494;2.41793e+07;760744
354;0.370283;160236;396933;2.42303e+07;762348
355;0.35982;145670;363350;2.4277e+07;763817
356;0.350511;132429;332517;2.43197e+07;765161
357;0.342213;120391;304221;2.43588e+07;766391
358;0.3348;109448;278262;2.43946e+07;767517
359;0.328166;99498.8;254458;2.44273e+07;768547
360;0.322219;90454.3;232637;2.44572e+07;769488
361;0.316881;82232;212640;2.44846e+07;770349
362;0.312083;74757.1;194322;2.45096e+07;771136
363;0.307764;67961.7;177546;2.45325e+07;771855
364;0.303872;61784;162187;2.45533e+07;772511
365;0.300362;56167.8;148130;2.45724e+07;773112
366;0.297193;51062.2;135268;2.45898e+07;773660
367;0.29433;46420.6;123501;2.46057e+07;774160
368;0.29174;42201;112740;2.46203e+07;774617
369;0.289398;38364.9;102901;2.46335e+07;775034
370;0.287276;34877.6;93906.4;2.46456e+07;775415
371;0.285355;31707.2;85685.9;2.46567e+07;775762
372;0.283613;28825;78174.4;2.46667e+07;776079
373;0.282034;26204.8;71312;2.46759e+07;776369
374;0.280601;23822.8;65043.9;2.46843e+07;776633
375;0.279301;21657.3;59319.6;2.4692e+07;776873
376;0.278121;19688.7;54092.7;2.46989e+07;777093
377;0.277049;17899;49321;2.47053e+07;777293
378;0.276076;16272;44965.4;2.47111e+07;777475
379;0.275191;14792.8;40990.2;2.47164e+07;777642
380;0.274388;13448.2;37362.8;2.47212e+07;777793
381;0.273658;12225.7;34053.1;2.47256e+07;777932
382;0.272994;11114.4;31033.8;2.47296e+07;778058
383;0.27239;10104.1;28279.7;2.47333e+07;778172
384;0.271841;9185.65;25767.8;2.47366e+07;778277
385;0.271342;8350.67;23477.2;2.47396e+07;778372
386;0.270889;7591.6;21388.4;2.47424e+07;778459
387;0.270476;6901.52;19484.1;2.47449e+07;778538
388;0.2701;6274.17;17748;2.47472e+07;778610
389;0.269759;5703.85;16165.5;2.47493e+07;778676
390;0.269448;5185.37;14723.1;2.47512e+07;778736
391;0.269166;4714.02;13408.6;2.47529e+07;778790
392;0.268909;4285.52;12210.6;2.47545e+07;778840
393;0.268675;3895.96;11119;2.47559e+07;778885
394;0.268462;3541.82;10124.4;2.47572e+07;778926
395;0.268268;3219.87;9218.28;2.47584e+07;778964
396;0.268092;2927.18;8392.79;2.47595e+07;778998
397;0.267932;2661.1;7640.82;2.47605e+07;779029
398;0.267786;2419.21;6955.89;2.47614e+07;779057
399;0.267653;2199.3;6332.04;2.47622e+07;779083
400;0.267532;1999.39;5763.88;2.4763e+07;779106
401;0.267423;1817.64;5246.47;2.47636e+07;779128
402;0.267323;1652.42;4775.29;2.47642e+07;779147
403;0.267232;1502.21;4346.26;2.47648e+07;779165
404;0.267149;1365.66;3955.61;2.47653e+07;779181
405;0.267074;1241.52;3599.93;2.47658e+07;779196
406;0.267005;1128.67;3276.11;2.47662e+07;779209
407;0.266943;1026.07;2981.32;2.47666e+07;779221
408;0.266886;932.804;2712.95;2.47669e+07;779232
409;0.266835;848.012;2468.66;2.47673e+07;779242
410;0.266788;770.928;2246.3;2.47676e+07;779251
411;0.266745;700.85;2043.9;2.47678e+07;779260
412;0.266706;637.143;1859.68;2.47681e+07;779267
413;0.266671;579.227;1692.02;2.47683e+07;779274
414;0.266639;526.575;1539.43;2.47685e+07;779280
415;0.266609;478.709;1400.56;2.47687e+07;779286
416;0.266583;435.195;1274.19;2.47688e+07;779291
417;0.266559;395.636;1159.19;2.4769e+07;779296
418;0.266537;359.672;1054.54;2.47691e+07;779300
419;0.266517;326.978;959.321;2.47692e+07;779304
420;0.266498;297.256;872.677;2.47693e+07;779308
421;0.266482;270.235;793.842;2.47694e+07;779311
422;0.266467;245.671;722.113;2.47695e+07;779314
423;0.266453;223.339;656.853;2.47696e+07;779316
424;0.26644;203.038;597.478;2.47697e+07;779319
425;0.266429;184.582;543.46;2.47698e+07;779321
426;0.266419;167.803;494.317;2.47698e+07;779323
427;0.266409;152.55;449.609;2.47699e+07;779325
428;0.266401;138.683;408.939;2.47699e+07;779327
429;0.266393;126.077;371.941;2.477e+07;779328
430;0.266386;114.617;338.285;2.477e+07;779329
431;0.26638;104.198;307.669;2.47701e+07;779331
432;0.266374;94.7263;279.821;2.47701e+07;779332
433;0.266369;86.1157;254.489;2.47701e+07;779333
434;0.266364;78.2878;231.447;2.47702e+07;779334
435;0.266359;71.1714;210.489;2.47702e+07;779335
436;0.266355;64.7019;191.426;2.47702e+07;779335
437;0.266352;58.8205;174.088;2.47703e+07;779336
438;0.266348;53.4738;158.318;2.47703e+07;779337
439;0.266345;48.613;143.975;2.47703e+07;779337
440;0.266343;44.1941;130.929;2.47703e+07;779338
441;0.26634;40.1768;119.065;2.47703e+07;779338
442;0.266338;36.5248;108.274;2.47703e+07;779339
443;0.266336;33.2047;98.4608;2.47703e+07;779339
444;0.266334;30.1864;89.5358;2.47704e+07;779340
445;0.266332;27.4424;81.419;2.47704e+07;779340
446;0.266331;24.9479;74.0374;2.47704e+07;779340
447;0.266329;22.6801;67.3245;2.47704e+07;779340
448;0.266328;20.6185;61.2196;2.47704e+07;779341
449;0.266327;18.7443;55.6679;2.47704e+07;779341
450;0.266326;17.0404;50.6192;2.47704e+07;779341
451;0.266325;15.4915;46.0281;2.47704e+07;779341
452;0.266324;14.0833;41.8531;2.47704e+07;779342
453;0.266323;12.8031;38.0565;2.47704e+07;779342
454;0.266322;11.6393;34.604;2.47704e+07;779342
455;0.266322;10.5813;31.4646;2.47704e+07;779342
456;0.266321;9.61947;28.6098;2.47704e+07;779342
457;0.266321;8.74506;26.0138;2.47704e+07;779342
458;0.26632;7.95013;23.6533;2.47704e+07;779342
459;0.26632;7.22747;21.5068;2.47704e+07;779342
460;0.266319;6.57049;19.555;2.47705e+07;779342
461;0.266319;5.97323;17.7802;2.47705e+07;779342
462;0.266319;5.43027;16.1664;2.47705e+07;779343
463;0.266318;4.93666;14.6991;2.47705e+07;779343
464;0.266318;4.48791;13.3648;2.47705e+07;779343
465;0.266318;4.07996;12.1516;2.47705e+07;779343
466;0.266318;3.70909;11.0485;2.47705e+07;779343
467;0.266317;3.37194;10.0455;2.47705e+07;779343
468;0.266317;3.06543;9.13346;2.47705e+07;779343
469;0.266317;2.78678;8.30422;2.47705e+07;779343
470;0.266317;2.53346;7.55024;2.47705e+07;779343
471;0.266317;2.30317;6.86468;2.47705e+07;779343
472;0.266317;2.09381;6.24136;2.47705e+07;779343
473;0.266316;1.90349;5.67461;2.47705e+07;779343
474;0.266316;1.73046;5.1593;2.47705e+07;779343
475;0.266316;1.57316;4.69078;2.47705e+07;779343
476;0.266316;1.43016;4.26479;2.47705e+07;779343
477;0.266316;1.30016;3.87747;2.47705e+07;779343
478;0.266316;1.18197;3.52532;2.47705e+07;779343
479;0.266316;1.07453;3.20514;2.47705e+07;779343
480;0.266316;0.976858;2.91403;2.47705e+07;779343
481;0.266316;0.888062;2.64935;2.47705e+07;779343
482;0.266316;0.807337;2.40871;2.47705e+07;779343
483;0.266316;0.73395;2.18992;2.47705e+07;779343
484;0.266316;0.667234;1.991;2.47705e+07;779343
485;0.266316;0.606583;1.81014;2.47705e+07;779343
486;0.266316;0.551444;1.64571;2.47705e+07;779343
487;0.266316;0.501318;1.49621;2.47705e+07;779343
488;0.266316;0.455748;1.36029;2.47705e+07;779343
489;0.266315;0.414321;1.23672;2.47705e+07;779343
490;0.266315;0.376659;1.12436;2.47705e+07;779343
491;0.266315;0.342421;1.02222;2.47705e+07;779343
492;0.266315;0.311295;0.929349;2.47705e+07;779343
493;0.266315;0.282998;0.844915;2.47705e+07;779343
494;0.266315;0.257273;0.768152;2.47705e+07;779343
495;0.266315;0.233887;0.698361;2.47705e+07;779343
496;0.266315;0.212627;0.63491;2.47705e+07;779343
497;0.266315;0.193299;0.577223;2.47705e+07;779343
498;0.266315;0.175728;0.524777;2.47705e+07;779343
499;0.266315;0.159755;0.477095;2.47705e+07;779343
