251;5.31191e+06;1.7647;0.8787;0.1176;0.0037
252;5.31191e+06;3.15493;0.932525;0.220935;0.00695119
253;5.31191e+06;4.51377;1.10619;0.3306;0.0104015
254;5.31191e+06;6.05557;1.38231;0.460688;0.0144944
255;5.31191e+06;7.94448;1.76509;0.623248;0.019609
256;5.3119e+06;10.3372;2.27314;0.830823;0.0261398
257;5.3119e+06;13.4089;2.93706;1.09814;0.0345504
258;5.31189e+06;17.3731;3.79966;1.44354;0.0454176
259;5.31189e+06;22.4991;4.91797;1.89038;0.0594763
260;5.31188e+06;29.1326;6.36659;2.46874;0.0776728
261;5.31187e+06;37.7195;8.24248;3.21745;0.101229
262;5.31185e+06;48.8362;10.6714;4.18676;0.131726
263;5.31183e+06;63.2285;13.8161;5.44172;0.17121
264;5.31181e+06;81.862;17.8877;7.06649;0.22233
265;5.31178e+06;105.987;23.1592;9.17009;0.288515
266;5.31174e+06;137.22;29.9842;11.8936;0.374204
267;5.31168e+06;177.658;38.8204;15.4197;0.485145
268;5.31162e+06;230.013;50.2606;19.985;0.628781
269;5.31153e+06;297.794;65.0722;25.8957;0.814745
270;5.31141e+06;385.549;84.2484;33.5482;1.05551
271;5.31126e+06;499.162;109.076;43.4558;1.36723
272;5.31107e+06;646.25;141.218;56.2831;1.77081
273;5.31082e+06;836.675;182.833;72.8904;2.29332
274;5.3105e+06;1083.2;236.709;94.3915;2.9698
275;5.31008e+06;1402.35;306.459;122.228;3.84562
276;5.30954e+06;1815.49;396.759;158.268;4.97952
277;5.30884e+06;2350.31;513.66;204.927;6.44753
278;5.30794e+06;3042.6;664.997;265.333;8.34807
279;5.30676e+06;3938.67;860.905;343.537;10.8086
280;5.30525e+06;5098.41;1114.5;444.779;13.9939
281;5.30328e+06;6599.26;1442.76;575.845;18.1176
282;5.30074e+06;8541.29;1867.62;745.513;23.4558
283;5.29745e+06;11053.8;2417.49;965.146;30.366
284;5.2932e+06;14303.5;3129.03;1249.44;39.3107
285;5.28769e+06;18505.7;4049.67;1617.42;50.8881
286;5.28058e+06;23937.4;5240.61;2093.66;65.8719
287;5.27139e+06;30955.2;6780.84;2709.95;85.2621
288;5.25951e+06;40016.4;8772.15;3507.38;110.351
289;5.24418e+06;51706.7;11345.6;4538.98;142.808
290;5.22442e+06;66773.3;14669.5;5873.22;184.787
291;5.19895e+06;86165.2;18959.8;7598.36;239.064
292;5.16621e+06;111081;24492.4;9828.03;309.215
293;5.12417e+06;143022;31618.7;12708.3;399.837
294;5.07034e+06;183851;40784.1;16426.7;516.826
295;5.00163e+06;235844;52549;21222.9;667.727
296;4.91431e+06;301733;67613;27402.7;862.158
297;4.8039e+06;384708;86839.1;35353.9;1112.33
298;4.66529e+06;488356;111275;45566.2;1433.63
299;4.49278e+06;616474;142169;58652.2;1845.35
300;4.28051e+06;772707;180962;75371.3;2371.38
301;4.02305e+06;959919;229250;96652.4;3040.93
302;3.71648e+06;1.17923e+06;288699;123612;3889.16
303;3.35977e+06;1.42875e+06;360872;157563;4957.35
304;2.95661e+06;1.70205e+06;446972;200002;6292.57
305;2.51706e+06;1.98688e+06;547470;252566;7946.37
306;2.05858e+06;2.26475e+06;661669;316948;9972
307;1.60522e+06;2.51224e+06;787274;394760;12420.2
308;1.1844e+06;2.7047e+06;920141;487344;15333.1
309;821299;2.82194e+06;1.05439e+06;595552;18737.6
310;532595;2.85413e+06;1.183e+06;719548;22638.8
311;322384;2.8049e+06;1.29895e+06;858669;27016
312;182555;2.68977e+06;1.39635e+06;1.01143e+06;31822.1
313;97359.8;2.53046e+06;1.47147e+06;1.17564e+06;36988.5
314;49432.4;2.34837e+06;1.523e+06;1.34868e+06;42433
315;24220.1;2.16012e+06;1.55173e+06;1.52779e+06;48068.1
316;11620.5;1.97636e+06;1.55986e+06;1.71027e+06;53809.5
317;5537.04;1.80279e+06;1.5503e+06;1.89371e+06;59581
318;2652.95;1.6418e+06;1.52612e+06;2.07602e+06;65317.1
319;1291.16;1.49392e+06;1.49024e+06;2.2555e+06;70963.7
320;643.28;1.35878e+06;1.44527e+06;2.43075e+06;76477.6
321;329.904;1.23558e+06;1.39347e+06;2.60071e+06;81825.1
322;174.792;1.12342e+06;1.33676e+06;2.76458e+06;86981
323;95.8761;1.02138e+06;1.27673e+06;2.92179e+06;91927
324;54.4944;928576;1.21471e+06;3.07193e+06;96650.9
325;32.0961;844190;1.15177e+06;3.21478e+06;101145
326;19.5767;767466;1.0888e+06;3.35023e+06;105407
327;12.3522;697711;1.02649e+06;3.47827e+06;109435
328;8.05132;634293;965397;3.59899e+06;113233
329;5.41287;576638;905952;3.71252e+06;116805
330;3.74714;524224;848476;3.81906e+06;120157
331;2.66647;476573;793208;3.91884e+06;123297
332;1.94712;433253;740312;4.01212e+06;126232
333;1.45658;393871;689895;4.09918e+06;128971
334;1.11444;358068;642014;4.18031e+06;131523
335;0.87071;325520;596686;4.25581e+06;133899
336;0.693648;295931;553898;4.32598e+06;136107
337;0.562652;269031;513610;4.39112e+06;138156
338;0.464084;244576;475764;4.45152e+06;140056
339;0.388747;222344;440286;4.50747e+06;141817
340;0.330326;202133;407090;4.55925e+06;143446
341;0.284413;183759;376084;4.60712e+06;144952
342;0.247881;167055;347169;4.65135e+06;146343
343;0.218482;151870;320242;4.69218e+06;147628
344;0.194574;138065;295202;4.72984e+06;148813
345;0.174942;125515;271944;4.76455e+06;149905
346;0.158678;114106;250367;4.79653e+06;150911
347;0.145094;103734;230369;4.82598e+06;151838
348;0.133663;94304.2;211855;4.85307e+06;152690
349;0.123977;85731.9;194729;4.87798e+06;153474
350;0.115718;77938.9;178902;4.90088e+06;154194
351;0.108635;70854.3;164285;4.92192e+06;154856
352;0.102528;64413.6;150798;4.94124e+06;155464
353;0.0972369;58558.4;138362;4.95897e+06;156022
354;0.0926321;53235.5;126901;4.97525e+06;156534
355;0.0886083;48396.4;116347;4.99017e+06;157004
356;0.0850791;43997.1;106634;5.00385e+06;157434
357;0.0819731;39997.8;97698.3;5.01639e+06;157829
358;0.0792311;36362;89483.3;5.02788e+06;158190
359;0.0768034;33056.7;81934.3;5.0384e+06;158521
360;0.0746486;30051.9;75000.5;5.04804e+06;158824
361;0.0727313;27320.1;68634.7;5.05686e+06;159102
362;0.0710217;24836.7;62792.7;5.06493e+06;159356
363;0.0694943;22579.1;57433.6;5.07232e+06;159588
364;0.0681273;20526.6;52519.3;5.07907e+06;159801
365;0.0669018;18660.8;48014.6;5.08525e+06;159995
366;0.0658015;16964.5;43886.7;5.09089e+06;160173
367;0.0648123;15422.4;40105.3;5.09605e+06;160335
368;0.0639219;14020.5;36642.4;5.10077e+06;160483
369;0.0631195;12746.1;33472.2;5.10508e+06;160619
370;0.0623958;11587.5;30570.6;5.10902e+06;160743
371;0.0617423;10534.2;27915.7;5.11261e+06;160856
372;0.0611518;9576.6;25487.1;5.11589e+06;160959
373;0.0606179;8706.09;23266;5.11889e+06;161054
374;0.0601347;7914.71;21235.2;5.12163e+06;161140
375;0.0596972;7195.26;19378.8;5.12412e+06;161218
376;0.0593008;6541.21;17682.2;5.1264e+06;161290
377;0.0589416;5946.62;16132;5.12848e+06;161355
378;0.0586158;5406.07;14715.7;5.13038e+06;161415
379;0.0583203;4914.66;13422.1;5.13211e+06;161469
380;0.0580521;4467.92;12240.8;5.13369e+06;161519
381;0.0578086;4061.78;11162.1;5.13513e+06;161564
382;0.0575875;3692.57;10177.3;5.13644e+06;161606
383;0.0573867;3356.91;9278.48;5.13764e+06;161643
384;0.0572042;3051.77;8458.15;5.13873e+06;161678
385;0.0570385;2774.36;7709.58;5.13972e+06;161709
386;0.0568878;2522.17;7026.6;5.14063e+06;161738
387;0.0567508;2292.91;6403.54;5.14146e+06;161764
388;0.0566263;2084.48;5835.21;5.14221e+06;161787
389;0.0565131;1895;5316.88;5.1429e+06;161809
390;0.0564101;1722.75;4844.2;5.14352e+06;161828
391;0.0563165;1566.15;4413.2;5.14409e+06;161846
392;0.0562313;1423.79;4020.24;5.14461e+06;161863
393;0.0561539;1294.37;3662.01;5.14508e+06;161878
394;0.0560834;1176.71;3335.46;5.14551e+06;161891
395;0.0560193;1069.74;3037.83;5.14591e+06;161904
396;0.055961;972.505;2766.58;5.14626e+06;161915
397;0.0559079;884.105;2519.4;5.14659e+06;161925
398;0.0558597;803.739;2294.16;5.14688e+06;161934
399;0.0558158;730.68;2088.94;5.14715e+06;161943
400;0.0557758;664.261;1901.97;5.1474e+06;161951
401;0.0557395;603.88;1731.64;5.14762e+06;161958
402;0.0557064;548.987;1576.49;5.14783e+06;161964
403;0.0556763;499.084;1435.16;5.14801e+06;161970
404;0.0556489;453.717;1306.44;5.14818e+06;161975
405;0.055624;412.474;1189.21;5.14834e+06;161980
406;0.0556013;374.981;1082.46;5.14848e+06;161984
407;0.0555807;340.895;985.24;5.1486e+06;161988
408;0.055562;309.908;896.718;5.14872e+06;161992
409;0.0555449;281.737;816.117;5.14882e+06;161995
410;0.0555293;256.127;742.732;5.14892e+06;161998
411;0.0555152;232.845;675.92;5.14901e+06;162001
412;0.0555024;211.68;615.097;5.14909e+06;162004
413;0.0554907;192.438;559.727;5.14916e+06;162006
414;0.05548;174.945;509.325;5.14922e+06;162008
415;0.0554703;159.043;463.446;5.14928e+06;162010
416;0.0554615;144.586;421.687;5.14934e+06;162012
417;0.0554535;131.443;383.679;5.14939e+06;162013
418;0.0554462;119.495;349.087;5.14943e+06;162015
419;0.0554396;108.633;317.605;5.14947e+06;162016
420;0.0554336;98.758;288.954;5.14951e+06;162017
421;0.0554281;89.7809;262.881;5.14955e+06;162018
422;0.0554231;81.6198;239.155;5.14958e+06;162019
423;0.0554185;74.2006;217.565;5.14961e+06;162020
424;0.0554144;67.4558;197.919;5.14963e+06;162021
425;0.0554106;61.324;180.043;5.14965e+06;162021
426;0.0554072;55.7497;163.778;5.14968e+06;162022
427;0.0554041;50.682;148.98;5.14969e+06;162023
428;0.0554013;46.0751;135.515;5.14971e+06;162023
429;0.0553987;41.8868;123.266;5.14973e+06;162024
430;0.0553964;38.0793;112.121;5.14974e+06;162024
431;0.0553942;34.6179;101.982;5.14976e+06;162025
432;0.0553923;31.4711;92.7584;5.14977e+06;162025
433;0.0553905;28.6104;84.3675;5.14978e+06;162025
434;0.0553889;26.0097;76.7344;5.14979e+06;162026
435;0.0553875;23.6455;69.7908;5.1498e+06;162026
436;0.0553862;21.4961;63.4746;5.14981e+06;162026
437;0.055385;19.5421;57.7291;5.14981e+06;162026
438;0.0553839;17.7657;52.5029;5.14982e+06;162027
439;0.0553829;16.1508;47.7492;5.14983e+06;162027
440;0.055382;14.6827;43.4254;5.14983e+06;162027
441;0.0553811;13.348;39.4925;5.14984e+06;162027
442;0.0553804;12.1347;35.9154;5.14984e+06;162027
443;0.0553797;11.0317;32.6619;5.14985e+06;162027
444;0.0553791;10.0289;29.7028;5.14985e+06;162028
445;0.0553785;9.11726;27.0115;5.14985e+06;162028
446;0.055378;8.2885;24.5638;5.14986e+06;162028
447;0.0553775;7.53508;22.3376;5.14986e+06;162028
448;0.0553771;6.85014;20.313;5.14986e+06;162028
449;0.0553767;6.22746;18.4717;5.14986e+06;162028
450;0.0553764;5.66139;16.7972;5.14987e+06;162028
451;0.0553761;5.14677;15.2743;5.14987e+06;162028
452;0.0553758;4.67893;13.8894;5.14987e+06;162028
453;0.0553755;4.25361;12.6299;5.14987e+06;162028
454;0.0553753;3.86696;11.4845;5.14987e+06;162028
455;0.0553751;3.51545;10.443;5.14987e+06;162028
456;0.0553749;3.1959;9.49579;5.14988e+06;162028
457;0.0553747;2.90539;8.63446;5.14988e+06;162028
458;0.0553745;2.64129;7.8512;5.14988e+06;162028
459;0.0553744;2.4012;7.13894;5.14988e+06;162029
460;0.0553742;2.18293;6.49126;5.14988e+06;162029
461;0.0553741;1.9845;5.9023;5.14988e+06;162029
462;0.055374;1.80411;5.36674;5.14988e+06;162029
463;0.0553739;1.64012;4.87975;5.14988e+06;162029
464;0.0553738;1.49103;4.43692;5.14988e+06;162029
465;0.0553737;1.3555;4.03426;5.14988e+06;162029
466;0.0553736;1.23228;3.66812;5.14988e+06;162029
467;0.0553736;1.12027;3.33519;5.14988e+06;162029
468;0.0553735;1.01843;3.03246;5.14988e+06;162029
469;0.0553734;0.925859;2.7572;5.14988e+06;162029
470;0.0553734;0.841699;2.50691;5.14988e+06;162029
471;0.0553733;0.765188;2.27933;5.14989e+06;162029
472;0.0553733;0.695633;2.07241;5.14989e+06;162029
473;0.0553733;0.6324;1.88426;5.14989e+06;162029
474;0.0553732;0.574915;1.71318;5.14989e+06;162029
475;0.0553732;0.522655;1.55763;5.14989e+06;162029
476;0.0553732;0.475146;1.4162;5.14989e+06;162029
477;0.0553731;0.431955;1.28761;5.14989e+06;162029
478;0.0553731;0.39269;1.17068;5.14989e+06;162029
479;0.0553731;0.356995;1.06438;5.14989e+06;162029
480;0.0553731;0.324544;0.967718;5.14989e+06;162029
481;0.0553731;0.295043;0.879835;5.14989e+06;162029
482;0.055373;0.268223;0.79993;5.14989e+06;162029
483;0.055373;0.243842;0.72728;5.14989e+06;162029
484;0.055373;0.221677;0.661226;5.14989e+06;162029
485;0.055373;0.201526;0.60117;5.14989e+06;162029
486;0.055373;0.183208;0.546567;5.14989e+06;162029
487;0.055373;0.166554;0.496922;5.14989e+06;162029
