190;4.82948e+06;1.7647;0.8787;0.1176;0.0037
191;4.82948e+06;3.15493;0.932525;0.220935;0.00695119
192;4.82948e+06;4.51377;1.10619;0.3306;0.0104015
193;4.82948e+06;6.05557;1.38231;0.460688;0.0144944
194;4.82947e+06;7.94448;1.76509;0.623248;0.019609
195;4.82947e+06;10.3372;2.27314;0.830823;0.0261398
196;4.82947e+06;13.4089;2.93706;1.09814;0.0345504
197;4.82946e+06;17.3731;3.79966;1.44354;0.0454176
198;4.82945e+06;22.4991;4.91797;1.89038;0.0594763
199;4.82945e+06;29.1326;6.36659;2.46874;0.0776728
200;4.82943e+06;37.7195;8.24248;3.21745;0.101229
201;4.82942e+06;48.8361;10.6714;4.18676;0.131726
202;4.8294e+06;63.2284;13.8161;5.44171;0.17121
203;4.82938e+06;81.8619;17.8877;7.06649;0.22233
204;4.82935e+06;105.986;23.1592;9.17009;0.288515
205;4.8293e+06;137.22;29.9841;11.8936;0.374204
206;4.82925e+06;177.658;38.8204;15.4197;0.485145
207;4.82918e+06;230.012;50.2605;19.985;0.62878
208;4.82909e+06;297.793;65.072;25.8957;0.814744
209;4.82898e+06;385.547;84.2481;33.5481;1.05551
210;4.82883e+06;499.158;109.075;43.4557;1.36723
211;4.82864e+06;646.243;141.218;56.2829;1.77081
212;4.82839e+06;836.663;182.831;72.8901;2.29331
213;4.82807e+06;1083.18;236.707;94.3911;2.96979
214;4.82765e+06;1402.31;306.455;122.228;3.8456
215;4.82711e+06;1815.44;396.752;158.267;4.97949
216;4.82641e+06;2350.22;513.65;204.925;6.44747
217;4.8255e+06;3042.45;664.979;265.33;8.34798
218;4.82433e+06;3938.41;860.875;343.532;10.8084
219;4.82281e+06;5097.98;1114.45;444.771;13.9936
220;4.82085e+06;6598.53;1442.68;575.83;18.1171
221;4.81831e+06;8540.07;1867.49;745.489;23.455
222;4.81502e+06;11051.7;2417.25;965.105;30.3647
223;4.81077e+06;14300.1;3128.64;1249.37;39.3085
224;4.80527e+06;18500;4049.01;1617.3;50.8845
225;4.79816e+06;23927.8;5239.51;2093.47;65.8659
226;4.78897e+06;30939.1;6779;2709.63;85.2521
227;4.77711e+06;39989.5;8769.07;3506.84;110.334
228;4.7618e+06;51661.7;11340.4;4538.09;142.78
229;4.74207e+06;66698.2;14660.9;5871.72;184.74
230;4.71666e+06;86040;18945.4;7595.84;238.985
231;4.68401e+06;110872;24468.3;9823.82;309.083
232;4.64213e+06;142675;31578.6;12701.3;399.616
233;4.58856e+06;183275;40717.3;16414.9;516.457
234;4.52028e+06;234892;52438.1;21203.3;667.111
235;4.43366e+06;300165;67429;27370;861.132
236;4.3244e+06;382139;86534.9;35299.7;1110.62
237;4.18763e+06;484171;110775;45476.2;1430.8
238;4.01808e+06;609713;141349;58503.3;1840.66
239;3.81047e+06;761898;179626;75125.9;2363.65
240;3.56025e+06;942866;227094;96249.9;3028.27
241;3.26463e+06;1.15277e+06;285254;122956;3868.52
242;2.92408e+06;1.38854e+06;355440;156502;4923.96
243;2.54392e+06;1.64248e+06;438543;198302;6239.09
244;2.13574e+06;1.90135e+06;534649;249874;7861.7
245;1.71782e+06;2.14644e+06;642630;312749;9839.9
246;1.31363e+06;2.35553e+06;759790;388322;12217.6
247;948003;2.50703e+06;881745;477674;15028.9
248;641613;2.58553e+06;1.00268e+06;581367;18291.3
249;405646;2.58648e+06;1.11608e+06;699282;22001.2
250;239460;2.51755e+06;1.21581e+06;830533;26130.7
251;132500;2.39567e+06;1.29718e+06;973512;30629.2
252;69295.6;2.2411e+06;1.3576e+06;1.12606e+06;35428.8
253;34666.4;2.07202e+06;1.39664e+06;1.28571e+06;40451.9
254;16825.7;1.90151e+06;1.41557e+06;1.44996e+06;45619.4
255;8039.62;1.73745e+06;1.41671e+06;1.61643e+06;50857
256;3833.5;1.58372e+06;1.4028e+06;1.78303e+06;56098.8
257;1845.43;1.44175e+06;1.3766e+06;1.948e+06;61289.2
258;905.231;1.31163e+06;1.34067e+06;2.10989e+06;66382.6
259;455.596;1.19286e+06;1.29728e+06;2.26755e+06;71343.1
260;236.394;1.08465e+06;1.24835e+06;2.42011e+06;76143
261;126.837;986161;1.19552e+06;2.56692e+06;80761.9
262;70.4871;896575;1.14014e+06;2.70751e+06;85185.3
263;40.5944;815106;1.08334e+06;2.84159e+06;89403.8
264;24.2219;741029;1.02603e+06;2.96899e+06;93412.2
265;14.9618;673679;968928;3.08965e+06;97208.5
266;9.55583;612447;912635;3.2036e+06;100794
267;6.30127;556779;857603;3.31093e+06;104170
268;4.28312;506170;804187;3.41178e+06;107343
269;2.99592;460160;752650;3.50635e+06;110319
270;2.15273;418332;703182;3.59486e+06;113104
271;1.58634;380307;655913;3.67756e+06;115705
272;1.19681;345737;610920;3.75469e+06;118132
273;0.922946;314310;568243;3.82654e+06;120393
274;0.726411;285739;527886;3.89336e+06;122495
275;0.582648;259766;489827;3.95544e+06;124448
276;0.475606;236153;454024;4.01305e+06;126261
277;0.394585;214687;420417;4.06644e+06;127941
278;0.332319;195172;388936;4.11588e+06;129496
279;0.28379;177431;359499;4.16162e+06;130935
280;0.245472;161302;332020;4.2039e+06;132265
281;0.214853;146640;306408;4.24294e+06;133494
282;0.190114;133311;282571;4.27897e+06;134628
283;0.169922;121193;260413;4.31221e+06;135673
284;0.153286;110176;239841;4.34283e+06;136637
285;0.139461;100161;220763;4.37104e+06;137524
286;0.127881;91056.6;203089;4.397e+06;138341
287;0.118112;82779.5;186732;4.42088e+06;139092
288;0.109814;75254.9;171606;4.44284e+06;139783
289;0.102723;68414.2;157631;4.46302e+06;140418
290;0.0966288;62195.4;144729;4.48156e+06;141001
291;0.091365;56541.8;132827;4.49858e+06;141537
292;0.0867968;51402.2;121855;4.5142e+06;142028
293;0.082815;46729.7;111746;4.52853e+06;142479
294;0.0793307;42482;102439;4.54167e+06;142893
295;0.0762707;38620.4;93874.8;4.55372e+06;143272
296;0.0735745;35109.8;85998.4;4.56476e+06;143619
297;0.0711917;31918.3;78758.3;4.57487e+06;143937
298;0.06908;29016.9;72106.3;4.58413e+06;144229
299;0.0672039;26379.3;65997.4;4.59261e+06;144495
300;0.0655333;23981.4;60389.8;4.60037e+06;144740
301;0.0640425;21801.5;55244.4;4.60747e+06;144963
302;0.0627097;19819.8;50525;4.61397e+06;145167
303;0.0615161;18018.1;46198;4.61991e+06;145354
304;0.0604455;16380.3;42232;4.62535e+06;145525
305;0.0594837;14891.3;38598.2;4.63031e+06;145682
306;0.0586187;13537.7;35269.9;4.63485e+06;145824
307;0.0578397;12307.1;32222.2;4.639e+06;145955
308;0.0571375;11188.4;29432.4;4.64279e+06;146074
309;0.0565038;10171.4;26879.3;4.64625e+06;146183
310;0.0559316;9246.81;24543.4;4.64941e+06;146282
311;0.0554143;8406.27;22406.8;4.6523e+06;146373
312;0.0549464;7642.15;20453;4.65493e+06;146456
313;0.0545229;6947.47;18666.7;4.65734e+06;146532
314;0.0541394;6315.95;17034;4.65953e+06;146601
315;0.0537919;5741.83;15541.9;4.66154e+06;146664
316;0.0534768;5219.9;14178.6;4.66336e+06;146721
317;0.0531911;4745.41;12933.2;4.66503e+06;146774
318;0.0529319;4314.05;11795.8;4.66655e+06;146822
319;0.0526966;3921.9;10757.1;4.66794e+06;146865
320;0.0524829;3565.4;9808.75;4.6692e+06;146905
321;0.0522889;3241.31;8943.05;4.67036e+06;146942
322;0.0521127;2946.67;8152.89;4.67141e+06;146975
323;0.0519526;2678.82;7431.8;4.67237e+06;147005
324;0.0518071;2435.32;6773.82;4.67324e+06;147032
325;0.0516748;2213.95;6173.53;4.67404e+06;147057
326;0.0515546;2012.7;5625.93;4.67477e+06;147080
327;0.0514453;1829.74;5126.46;4.67543e+06;147101
328;0.0513459;1663.42;4670.94;4.67603e+06;147120
329;0.0512555;1512.22;4255.56;4.67658e+06;147137
330;0.0511733;1374.76;3876.82;4.67708e+06;147153
331;0.0510985;1249.79;3531.53;4.67754e+06;147167
332;0.0510305;1136.18;3216.76;4.67795e+06;147180
333;0.0509686;1032.91;2929.85;4.67833e+06;147192
334;0.0509124;939.015;2668.35;4.67867e+06;147203
335;0.0508612;853.658;2430.03;4.67899e+06;147213
336;0.0508146;776.061;2212.87;4.67927e+06;147222
337;0.0507722;705.517;2014.99;4.67953e+06;147230
338;0.0507336;641.385;1834.7;4.67977e+06;147238
339;0.0506986;583.083;1670.46;4.67999e+06;147244
340;0.0506666;530.081;1520.83;4.68018e+06;147251
341;0.0506376;481.897;1384.54;4.68036e+06;147256
342;0.0506112;438.092;1260.4;4.68052e+06;147261
343;0.0505871;398.27;1147.34;4.68067e+06;147266
344;0.0505653;362.067;1044.37;4.68081e+06;147270
345;0.0505454;329.155;950.597;4.68093e+06;147274
346;0.0505273;299.235;865.21;4.68104e+06;147278
347;0.0505108;272.035;787.46;4.68114e+06;147281
348;0.0504958;247.307;716.669;4.68124e+06;147284
349;0.0504821;224.827;652.217;4.68132e+06;147286
350;0.0504697;204.39;593.54;4.6814e+06;147289
351;0.0504584;185.811;540.123;4.68147e+06;147291
352;0.0504482;168.921;491.496;4.68153e+06;147293
353;0.0504388;153.566;447.232;4.68159e+06;147295
354;0.0504303;139.607;406.942;4.68164e+06;147297
355;0.0504226;126.916;370.27;4.68169e+06;147298
356;0.0504156;115.38;336.893;4.68173e+06;147299
357;0.0504092;104.892;306.516;4.68177e+06;147301
358;0.0504033;95.357;278.87;4.68181e+06;147302
359;0.050398;86.6891;253.711;4.68184e+06;147303
360;0.0503932;78.8091;230.816;4.68187e+06;147304
361;0.0503888;71.6453;209.982;4.6819e+06;147305
362;0.0503848;65.1328;191.024;4.68192e+06;147305
363;0.0503812;59.2122;173.773;4.68194e+06;147306
364;0.0503779;53.8298;158.077;4.68197e+06;147307
365;0.0503749;48.9367;143.795;4.68198e+06;147307
366;0.0503722;44.4883;130.801;4.682e+06;147308
367;0.0503697;40.4444;118.979;4.68202e+06;147308
368;0.0503674;36.768;108.223;4.68203e+06;147309
369;0.0503654;33.4258;98.438;4.68204e+06;147309
370;0.0503635;30.3874;89.5359;4.68205e+06;147310
371;0.0503618;27.6251;81.4374;4.68207e+06;147310
372;0.0503603;25.114;74.0701;4.68207e+06;147310
373;0.0503589;22.8312;67.3683;4.68208e+06;147310
374;0.0503576;20.7558;61.2719;4.68209e+06;147311
375;0.0503564;18.8691;55.7263;4.6821e+06;147311
376;0.0503554;17.1539;50.6819;4.6821e+06;147311
377;0.0503544;15.5946;46.0935;4.68211e+06;147311
378;0.0503535;14.1771;41.9199;4.68212e+06;147311
379;0.0503527;12.8884;38.1237;4.68212e+06;147312
380;0.050352;11.7168;34.6709;4.68213e+06;147312
381;0.0503514;10.6518;31.5303;4.68213e+06;147312
382;0.0503508;9.68352;28.674;4.68213e+06;147312
383;0.0503502;8.80329;26.076;4.68214e+06;147312
384;0.0503497;8.00307;23.7132;4.68214e+06;147312
385;0.0503493;7.27559;21.5643;4.68214e+06;147312
386;0.0503489;6.61424;19.6099;4.68215e+06;147312
387;0.0503485;6.01301;17.8324;4.68215e+06;147312
388;0.0503482;5.46642;16.216;4.68215e+06;147313
389;0.0503478;4.96953;14.7459;4.68215e+06;147313
390;0.0503476;4.5178;13.4089;4.68215e+06;147313
391;0.0503473;4.10713;12.1931;4.68215e+06;147313
392;0.0503471;3.73379;11.0874;4.68216e+06;147313
393;0.0503469;3.39439;10.0819;4.68216e+06;147313
394;0.0503467;3.08584;9.16751;4.68216e+06;147313
395;0.0503465;2.80534;8.336;4.68216e+06;147313
396;0.0503463;2.55033;7.57985;4.68216e+06;147313
397;0.0503462;2.31851;6.89224;4.68216e+06;147313
398;0.0503461;2.10775;6.26696;4.68216e+06;147313
399;0.0503459;1.91616;5.69837;4.68216e+06;147313
400;0.0503458;1.74198;5.18134;4.68216e+06;147313
401;0.0503457;1.58364;4.71119;4.68216e+06;147313
402;0.0503457;1.43968;4.28367;4.68217e+06;147313
403;0.0503456;1.30882;3.89493;4.68217e+06;147313
404;0.0503455;1.18984;3.54145;4.68217e+06;147313
405;0.0503454;1.08169;3.22003;4.68217e+06;147313
406;0.0503454;0.983362;2.92776;4.68217e+06;147313
407;0.0503453;0.893975;2.66201;4.68217e+06;147313
408;0.0503453;0.812713;2.42037;4.68217e+06;147313
409;0.0503452;0.738837;2.20066;4.68217e+06;147313
410;0.0503452;0.671677;2.00088;4.68217e+06;147313
411;0.0503451;0.610621;1.81923;4.68217e+06;147313
412;0.0503451;0.555116;1.65406;4.68217e+06;147313
413;0.0503451;0.504656;1.50388;4.68217e+06;147313
414;0.050345;0.458783;1.36734;4.68217e+06;147313
415;0.050345;0.417079;1.24318;4.68217e+06;147313
416;0.050345;0.379167;1.1303;4.68217e+06;147313
417;0.050345;0.344701;1.02766;4.68217e+06;147313
418;0.050345;0.313367;0.934335;4.68217e+06;147313
419;0.0503449;0.284882;0.849486;4.68217e+06;147313
420;0.0503449;0.258987;0.772339;4.68217e+06;147313
421;0.0503449;0.235445;0.702196;4.68217e+06;147313
422;0.0503449;0.214043;0.638421;4.68217e+06;147313
423;0.0503449;0.194586;0.580437;4.68217e+06;147313
424;0.0503449;0.176898;0.527718;4.68217e+06;147313
425;0.0503449;0.160818;0.479786;4.68217e+06;147313
