186;2.12215e+08;1.7647;0.8787;0.1176;0.0037
187;2.12215e+08;3.15493;0.932525;0.220935;0.00695119
188;2.12215e+08;4.51377;1.10619;0.3306;0.0104015
189;2.12215e+08;6.05557;1.38231;0.460688;0.0144944
190;2.12215e+08;7.94449;1.76509;0.623248;0.019609
191;2.12215e+08;10.3372;2.27314;0.830823;0.0261398
192;2.12215e+08;13.4089;2.93706;1.09814;0.0345505
193;2.12215e+08;17.3731;3.79967;1.44354;0.0454176
194;2.12215e+08;22.4992;4.91798;1.89038;0.0594763
195;2.12215e+08;29.1327;6.3666;2.46874;0.0776729
196;2.12215e+08;37.7197;8.2425;3.21745;0.101229
197;2.12215e+08;48.8365;10.6714;4.18677;0.131727
198;2.12215e+08;63.2291;13.8162;5.44173;0.171211
199;2.12215e+08;81.863;17.8878;7.06651;0.222331
200;2.12215e+08;105.988;23.1594;9.17012;0.288516
201;2.12215e+08;137.223;29.9845;11.8937;0.374205
202;2.12215e+08;177.663;38.821;15.4198;0.485148
203;2.12215e+08;230.021;50.2616;19.9852;0.628786
204;2.12215e+08;297.809;65.0738;25.8959;0.814753
205;2.12215e+08;385.573;84.2511;33.5486;1.05553
206;2.12214e+08;499.202;109.08;43.4566;1.36726
207;2.12214e+08;646.318;141.226;56.2844;1.77085
208;2.12214e+08;836.788;182.846;72.8926;2.29339
209;2.12214e+08;1083.39;236.731;94.3952;2.96992
210;2.12213e+08;1402.67;306.495;122.235;3.84582
211;2.12213e+08;1816.03;396.82;158.279;4.97985
212;2.12212e+08;2351.21;513.763;204.945;6.44809
213;2.12211e+08;3044.11;665.169;265.363;8.34901
214;2.1221e+08;3941.2;861.193;343.587;10.8101
215;2.12208e+08;5102.66;1114.99;444.863;13.9965
216;2.12206e+08;6606.38;1443.57;575.986;18.122
217;2.12204e+08;8553.23;1868.99;745.749;23.4632
218;2.12201e+08;11073.8;2419.77;965.542;30.3785
219;2.12196e+08;14337;3132.85;1250.11;39.3316
220;2.12191e+08;18561.8;4056.07;1618.53;50.9231
221;2.12184e+08;24031.5;5251.34;2095.52;65.9306
222;2.12174e+08;31112.7;6798.82;2713.08;85.3606
223;2.12162e+08;40280.2;8802.27;3512.62;110.516
224;2.12147e+08;52148.2;11396;4547.77;143.085
225;2.12127e+08;67512;14754;5887.94;185.25
226;2.12101e+08;87400.7;19101.1;7623.01;239.84
227;2.12067e+08;113146;24728.9;9869.3;310.514
228;2.12023e+08;146469;32014.2;12777.4;402.011
229;2.11967e+08;189600;41445;16542.3;520.463
230;2.11894e+08;245418;53652.3;21416.2;673.81
231;2.11799e+08;317647;69452.8;27725.7;872.323
232;2.11677e+08;411096;89902.2;35893.4;1129.3
233;2.11519e+08;531977;116366;46465.9;1461.94
234;2.11314e+08;688298;150607;60150.5;1892.49
235;2.11049e+08;890383;194905;77861.9;2449.74
236;2.10707e+08;1.15151e+06;252199;100783;3170.89
237;2.10265e+08;1.48874e+06;326279;130441;4104.02
238;2.09695e+08;1.92392e+06;422028;168812;5311.25
239;2.08959e+08;2.48496e+06;545720;218442;6872.76
240;2.08011e+08;3.20737e+06;705407;282619;8891.92
241;2.06791e+08;4.13604e+06;911391;365575;11501.9
242;2.05223e+08;5.32738e+06;1.1768e+06;472754;14874.1
243;2.03215e+08;6.85154e+06;1.51832e+06;611147;19228.3
244;2.00649e+08;8.79471e+06;1.95695e+06;789701;24846
245;1.97383e+08;1.12609e+07;2.51901e+06;1.01984e+06;32086.7
246;1.93248e+08;1.43725e+07;3.23707e+06;1.31607e+06;41407.1
247;1.88045e+08;1.82689e+07;4.15087e+06;1.69675e+06;53384.2
248;1.81553e+08;2.31007e+07;5.30802e+06;2.1849e+06;68742.5
249;1.73536e+08;2.90171e+07;6.76401e+06;2.80912e+06;88382.1
250;1.63771e+08;3.61444e+07;8.58119e+06;3.60457e+06;113409
251;1.52079e+08;4.45515e+07;1.08258e+07;4.61371e+06;145159
252;1.38379e+08;5.42018e+07;1.35624e+07;5.88683e+06;185215
253;1.22759e+08;6.48948e+07;1.68442e+07;7.48176e+06;235396
254;1.05545e+08;7.62098e+07;2.06999e+07;9.46264e+06;297719
255;8.73517e+07;8.74756e+07;2.51165e+07;1.1897e+07;374309
256;6.90752e+07;9.78005e+07;3.00214e+07;1.48507e+07;467240
257;5.17928e+07;1.06193e+08;3.52699e+07;1.83812e+07;578319
258;3.65609e+07;1.11772e+08;4.06446e+07;2.25289e+07;708818
259;2.41625e+07;1.1401e+08;4.58744e+07;2.73087e+07;859203
260;1.49076e+07;1.12902e+08;5.06734e+07;3.27035e+07;1.02894e+06
261;8.59524e+06;1.08951e+08;5.47895e+07;3.86627e+07;1.21643e+06
262;4.6566e+06;1.02986e+08;5.80472e+07;4.5106e+07;1.41915e+06
263;2.39374e+06;9.58876e+07;6.03675e+07;5.19323e+07;1.63393e+06
264;1.18277e+06;8.83824e+07;6.17611e+07;5.90315e+07;1.85728e+06
265;569959;8.09612e+07;6.23034e+07;6.62946e+07;2.0858e+06
266;271737;7.39001e+07;6.21054e+07;7.36215e+07;2.31632e+06
267;129851;6.73244e+07;6.12895e+07;8.09251e+07;2.54611e+06
268;62867.5;6.12716e+07;5.99749e+07;8.81328e+07;2.77288e+06
269;31098.6;5.57338e+07;5.82695e+07;9.51858e+07;2.99479e+06
270;15814.1;5.06829e+07;5.62676e+07;1.02038e+08;3.21039e+06
271;8301.04;4.60833e+07;5.40494e+07;1.08655e+08;3.41858e+06
272;4509.01;4.18981e+07;5.16822e+07;1.15012e+08;3.61856e+06
273;2537.56;3.80916e+07;4.92217e+07;1.21089e+08;3.80979e+06
274;1479.93;3.46301e+07;4.67136e+07;1.26878e+08;3.99191e+06
275;894.024;3.14828e+07;4.41952e+07;1.32371e+08;4.16475e+06
276;558.884;2.86214e+07;4.16961e+07;1.37569e+08;4.32827e+06
277;361.068;2.60199e+07;3.924e+07;1.42472e+08;4.48254e+06
278;240.707;2.36548e+07;3.68454e+07;1.47087e+08;4.62773e+06
279;165.312;2.15046e+07;3.45263e+07;1.5142e+08;4.76406e+06
280;116.76;1.95499e+07;3.2293e+07;1.5548e+08;4.89181e+06
281;84.6659;1.77729e+07;3.0153e+07;1.59278e+08;5.01129e+06
282;62.9233;1.61573e+07;2.8111e+07;1.62824e+08;5.12286e+06
283;47.8505;1.46886e+07;2.61698e+07;1.6613e+08;5.22687e+06
284;37.1744;1.33535e+07;2.43306e+07;1.69207e+08;5.3237e+06
285;29.4596;1.21396e+07;2.25931e+07;1.72069e+08;5.41372e+06
286;23.7799;1.10362e+07;2.09561e+07;1.74725e+08;5.49731e+06
287;19.5258;1.0033e+07;1.94173e+07;1.7719e+08;5.57485e+06
288;16.288;9.12098e+06;1.7974e+07;1.79473e+08;5.6467e+06
289;13.7869;8.29188e+06;1.66228e+07;1.81587e+08;5.7132e+06
290;11.8284;7.53815e+06;1.53602e+07;1.83542e+08;5.7747e+06
291;10.2753;6.85293e+06;1.41822e+07;1.85348e+08;5.83154e+06
292;9.02929;6.23e+06;1.30849e+07;1.87016e+08;5.88401e+06
293;8.01881;5.6637e+06;1.2064e+07;1.88555e+08;5.93243e+06
294;7.19123;5.14887e+06;1.11154e+07;1.89974e+08;5.97706e+06
295;6.50727;4.68084e+06;1.02352e+07;1.91281e+08;6.01819e+06
296;5.93726;4.25535e+06;9.41913e+06;1.92484e+08;6.05606e+06
297;5.45855;3.86854e+06;8.6634e+06;1.93592e+08;6.09091e+06
298;5.05369;3.51689e+06;7.96418e+06;1.94611e+08;6.12296e+06
299;4.70906;3.1972e+06;7.31781e+06;1.95548e+08;6.15243e+06
300;4.41394;2.90658e+06;6.72079e+06;1.96408e+08;6.17951e+06
301;4.15986;2.64237e+06;6.16976e+06;1.97199e+08;6.20438e+06
302;3.94001;2.40218e+06;5.66156e+06;1.97924e+08;6.2272e+06
303;3.74891;2.18382e+06;5.19317e+06;1.9859e+08;6.24815e+06
304;3.5821;1.98531e+06;4.76175e+06;1.99201e+08;6.26737e+06
305;3.43595;1.80485e+06;4.36462e+06;1.99761e+08;6.28498e+06
306;3.30743;1.64079e+06;3.99925e+06;2.00274e+08;6.30113e+06
307;3.19408;1.49164e+06;3.66329e+06;2.00744e+08;6.31593e+06
308;3.09379;1.35605e+06;3.35452e+06;2.01175e+08;6.32948e+06
309;3.00484;1.23278e+06;3.07088e+06;2.01569e+08;6.3419e+06
310;2.92574;1.12072e+06;2.81044e+06;2.01931e+08;6.35326e+06
311;2.85525;1.01885e+06;2.57141e+06;2.02261e+08;6.36366e+06
312;2.79231;926238;2.35211e+06;2.02564e+08;6.37317e+06
313;2.73601;842043;2.151e+06;2.0284e+08;6.38187e+06
314;2.68555;765501;1.96662e+06;2.03093e+08;6.38983e+06
315;2.64027;695917;1.79766e+06;2.03324e+08;6.39711e+06
316;2.59957;632658;1.64286e+06;2.03536e+08;6.40376e+06
317;2.56296;575150;1.50109e+06;2.03729e+08;6.40984e+06
318;2.52997;522869;1.37129e+06;2.03905e+08;6.41539e+06
319;2.50022;475340;1.25248e+06;2.04067e+08;6.42047e+06
320;2.47337;432131;1.14376e+06;2.04214e+08;6.4251e+06
321;2.44911;392851;1.0443e+06;2.04349e+08;6.42933e+06
322;2.42717;357141;953340;2.04471e+08;6.4332e+06
323;2.40733;324677;870164;2.04583e+08;6.43672e+06
324;2.38937;295163;794126;2.04686e+08;6.43994e+06
325;2.37309;268333;724629;2.04779e+08;6.44288e+06
326;2.35835;243942;661123;2.04864e+08;6.44556e+06
327;2.34498;221767;603103;2.04942e+08;6.44801e+06
328;2.33285;201609;550105;2.05013e+08;6.45024e+06
329;2.32184;183283;501704;2.05078e+08;6.45228e+06
330;2.31185;166622;457508;2.05137e+08;6.45413e+06
331;2.30278;151476;417158;2.05191e+08;6.45583e+06
332;2.29454;137707;380326;2.0524e+08;6.45737e+06
333;2.28706;125189;346710;2.05284e+08;6.45878e+06
334;2.28025;113810;316034;2.05325e+08;6.46006e+06
335;2.27407;103464;288044;2.05362e+08;6.46123e+06
336;2.26846;94059.5;262509;2.05396e+08;6.46229e+06
337;2.26335;85509.5;239217;2.05427e+08;6.46327e+06
338;2.2587;77736.7;217973;2.05455e+08;6.46415e+06
339;2.25448;70670.5;198599;2.05481e+08;6.46496e+06
340;2.25064;64246.5;180933;2.05504e+08;6.46569e+06
341;2.24715;58406.5;164826;2.05525e+08;6.46636e+06
342;2.24397;53097.4;150141;2.05545e+08;6.46697e+06
343;2.24108;48270.8;136756;2.05562e+08;6.46753e+06
344;2.23845;43883;124555;2.05579e+08;6.46803e+06
345;2.23606;39894;113436;2.05593e+08;6.46849e+06
346;2.23389;36267.7;103302;2.05607e+08;6.46891e+06
347;2.23191;32970.9;94068.4;2.05619e+08;6.4693e+06
348;2.23011;29973.9;85655;2.0563e+08;6.46964e+06
349;2.22847;27249.3;77989.6;2.0564e+08;6.46996e+06
350;2.22698;24772.3;71006.4;2.05649e+08;6.47025e+06
351;2.22562;22520.5;64645.2;2.05657e+08;6.47051e+06
352;2.22439;20473.4;58850.8;2.05665e+08;6.47075e+06
353;2.22326;18612.4;53573.2;2.05672e+08;6.47097e+06
354;2.22224;16920.5;48766.7;2.05678e+08;6.47117e+06
355;2.22131;15382.4;44389.4;2.05684e+08;6.47135e+06
356;2.22047;13984.2;40403.2;2.05689e+08;6.47151e+06
357;2.2197;12713;36773.4;2.05694e+08;6.47166e+06
358;2.219;11557.4;33468.4;2.05698e+08;6.4718e+06
359;2.21836;10506.8;30459.3;2.05702e+08;6.47192e+06
360;2.21778;9551.76;27719.6;2.05706e+08;6.47203e+06
361;2.21725;8683.5;25225.5;2.05709e+08;6.47214e+06
362;2.21677;7894.17;22955;2.05712e+08;6.47223e+06
363;2.21634;7176.59;20888.1;2.05715e+08;6.47231e+06
364;2.21594;6524.24;19006.7;2.05717e+08;6.47239e+06
365;2.21558;5931.19;17294.3;2.05719e+08;6.47246e+06
366;2.21525;5392.04;15735.6;2.05721e+08;6.47253e+06
367;2.21495;4901.91;14317;2.05723e+08;6.47258e+06
368;2.21468;4456.32;13026;2.05725e+08;6.47264e+06
369;2.21443;4051.24;11851;2.05726e+08;6.47269e+06
370;2.21421;3682.99;10781.7;2.05728e+08;6.47273e+06
371;2.214;3348.2;9808.68;2.05729e+08;6.47277e+06
372;2.21382;3043.85;8923.24;2.0573e+08;6.47281e+06
373;2.21365;2767.17;8117.54;2.05731e+08;6.47284e+06
374;2.21349;2515.63;7384.42;2.05732e+08;6.47287e+06
375;2.21335;2286.96;6717.36;2.05733e+08;6.4729e+06
376;2.21323;2079.08;6110.43;2.05734e+08;6.47292e+06
377;2.21311;1890.09;5558.22;2.05735e+08;6.47294e+06
378;2.213;1718.28;5055.82;2.05735e+08;6.47296e+06
379;2.21291;1562.09;4598.74;2.05736e+08;6.47298e+06
380;2.21282;1420.09;4182.9;2.05736e+08;6.473e+06
381;2.21274;1291.01;3804.6;2.05737e+08;6.47302e+06
382;2.21267;1173.65;3460.46;2.05737e+08;6.47303e+06
383;2.2126;1066.97;3147.39;2.05738e+08;6.47304e+06
384;2.21254;969.982;2862.6;2.05738e+08;6.47305e+06
385;2.21249;881.811;2603.54;2.05738e+08;6.47306e+06
386;2.21244;801.654;2367.88;2.05739e+08;6.47307e+06
387;2.21239;728.784;2153.53;2.05739e+08;6.47308e+06
388;2.21235;662.537;1958.55;2.05739e+08;6.47309e+06
389;2.21232;602.313;1781.21;2.0574e+08;6.4731e+06
390;2.21228;547.563;1619.9;2.0574e+08;6.4731e+06
391;2.21225;497.789;1473.18;2.0574e+08;6.47311e+06
392;2.21222;452.54;1339.73;2.0574e+08;6.47312e+06
393;2.2122;411.404;1218.36;2.0574e+08;6.47312e+06
394;2.21218;374.008;1107.97;2.0574e+08;6.47313e+06
395;2.21215;340.01;1007.57;2.05741e+08;6.47313e+06
396;2.21214;309.103;916.256;2.05741e+08;6.47313e+06
397;2.21212;281.006;833.212;2.05741e+08;6.47314e+06
398;2.2121;255.463;757.686;2.05741e+08;6.47314e+06
399;2.21209;232.241;689.001;2.05741e+08;6.47314e+06
400;2.21208;211.13;626.536;2.05741e+08;6.47315e+06
401;2.21206;191.939;569.729;2.05741e+08;6.47315e+06
402;2.21205;174.491;518.068;2.05741e+08;6.47315e+06
403;2.21204;158.63;471.087;2.05741e+08;6.47315e+06
404;2.21203;144.211;428.364;2.05741e+08;6.47315e+06
405;2.21203;131.102;389.512;2.05741e+08;6.47315e+06
406;2.21202;119.185;354.181;2.05741e+08;6.47316e+06
407;2.21201;108.351;322.053;2.05741e+08;6.47316e+06
408;2.21201;98.5018;292.837;2.05741e+08;6.47316e+06
409;2.212;89.548;266.27;2.05742e+08;6.47316e+06
410;2.21199;81.4081;242.111;2.05742e+08;6.47316e+06
411;2.21199;74.0081;220.143;2.05742e+08;6.47316e+06
412;2.21199;67.2807;200.167;2.05742e+08;6.47316e+06
413;2.21198;61.1649;182.003;2.05742e+08;6.47316e+06
414;2.21198;55.605;165.486;2.05742e+08;6.47316e+06
415;2.21198;50.5505;150.467;2.05742e+08;6.47316e+06
416;2.21197;45.9555;136.81;2.05742e+08;6.47317e+06
417;2.21197;41.7782;124.392;2.05742e+08;6.47317e+06
418;2.21197;37.9805;113.101;2.05742e+08;6.47317e+06
419;2.21197;34.5281;102.835;2.05742e+08;6.47317e+06
420;2.21196;31.3895;93.4993;2.05742e+08;6.47317e+06
421;2.21196;28.5362;85.0111;2.05742e+08;6.47317e+06
422;2.21196;25.9423;77.2932;2.05742e+08;6.47317e+06
423;2.21196;23.5841;70.2757;2.05742e+08;6.47317e+06
424;2.21196;21.4403;63.8951;2.05742e+08;6.47317e+06
425;2.21196;19.4914;58.0935;2.05742e+08;6.47317e+06
426;2.21196;17.7196;52.8185;2.05742e+08;6.47317e+06
427;2.21195;16.1089;48.0224;2.05742e+08;6.47317e+06
428;2.21195;14.6446;43.6615;2.05742e+08;6.47317e+06
429;2.21195;13.3134;39.6966;2.05742e+08;6.47317e+06
430;2.21195;12.1032;36.0916;2.05742e+08;6.47317e+06
431;2.21195;11.003;32.8139;2.05742e+08;6.47317e+06
432;2.21195;10.0029;29.8337;2.05742e+08;6.47317e+06
433;2.21195;9.09361;27.1241;2.05742e+08;6.47317e+06
434;2.21195;8.267;24.6606;2.05742e+08;6.47317e+06
435;2.21195;7.51553;22.4207;2.05742e+08;6.47317e+06
436;2.21195;6.83237;20.3843;2.05742e+08;6.47317e+06
437;2.21195;6.21131;18.5327;2.05742e+08;6.47317e+06
438;2.21195;5.6467;16.8493;2.05742e+08;6.47317e+06
439;2.21195;5.13341;15.3188;2.05742e+08;6.47317e+06
440;2.21195;4.66679;13.9272;2.05742e+08;6.47317e+06
441;2.21195;4.24258;12.6621;2.05742e+08;6.47317e+06
442;2.21195;3.85693;11.5118;2.05742e+08;6.47317e+06
443;2.21195;3.50633;10.466;2.05742e+08;6.47317e+06
444;2.21195;3.18761;9.51522;2.05742e+08;6.47317e+06
445;2.21195;2.89785;8.65078;2.05742e+08;6.47317e+06
446;2.21195;2.63444;7.86485;2.05742e+08;6.47317e+06
447;2.21195;2.39497;7.15032;2.05742e+08;6.47317e+06
448;2.21195;2.17727;6.50068;2.05742e+08;6.47317e+06
449;2.21195;1.97935;5.91007;2.05742e+08;6.47317e+06
450;2.21195;1.79943;5.3731;2.05742e+08;6.47317e+06
451;2.21195;1.63586;4.88491;2.05742e+08;6.47317e+06
452;2.21194;1.48716;4.44107;2.05742e+08;6.47317e+06
453;2.21194;1.35198;4.03755;2.05742e+08;6.47317e+06
454;2.21194;1.22908;3.67069;2.05742e+08;6.47317e+06
455;2.21194;1.11736;3.33716;2.05742e+08;6.47317e+06
456;2.21194;1.01579;3.03393;2.05742e+08;6.47317e+06
457;2.21194;0.923457;2.75825;2.05742e+08;6.47317e+06
458;2.21194;0.839515;2.50762;2.05742e+08;6.47317e+06
459;2.21194;0.763203;2.27975;2.05742e+08;6.47317e+06
460;2.21194;0.693828;2.0726;2.05742e+08;6.47317e+06
461;2.21194;0.630759;1.88426;2.05742e+08;6.47317e+06
462;2.21194;0.573423;1.71303;2.05742e+08;6.47317e+06
463;2.21194;0.521299;1.55737;2.05742e+08;6.47317e+06
464;2.21194;0.473913;1.41584;2.05742e+08;6.47317e+06
465;2.21194;0.430834;1.28718;2.05742e+08;6.47317e+06
466;2.21194;0.391671;1.17021;2.05742e+08;6.47317e+06
467;2.21194;0.356068;1.06387;2.05742e+08;6.47317e+06
468;2.21194;0.323702;0.967185;2.05742e+08;6.47317e+06
469;2.21194;0.294277;0.87929;2.05742e+08;6.47317e+06
470;2.21194;0.267528;0.799382;2.05742e+08;6.47317e+06
471;2.21194;0.243209;0.726735;2.05742e+08;6.47317e+06
472;2.21194;0.221102;0.66069;2.05742e+08;6.47317e+06
473;2.21194;0.201003;0.600646;2.05742e+08;6.47317e+06
474;2.21194;0.182732;0.546059;2.05742e+08;6.47317e+06
475;2.21194;0.166122;0.496433;2.05742e+08;6.47317e+06
