195;4.17687e+06;1.7647;0.8787;0.1176;0.0037
196;4.17687e+06;3.15493;0.932525;0.220935;0.00695119
197;4.17687e+06;4.51377;1.10619;0.3306;0.0104015
198;4.17687e+06;6.05557;1.38231;0.460688;0.0144944
199;4.17686e+06;7.94448;1.76509;0.623248;0.019609
200;4.17686e+06;10.3372;2.27314;0.830823;0.0261398
201;4.17686e+06;13.4089;2.93706;1.09814;0.0345504
202;4.17685e+06;17.373;3.79966;1.44354;0.0454176
203;4.17684e+06;22.4991;4.91797;1.89038;0.0594763
204;4.17684e+06;29.1326;6.36659;2.46874;0.0776728
205;4.17682e+06;37.7195;8.24247;3.21745;0.101229
206;4.17681e+06;48.8361;10.6714;4.18676;0.131726
207;4.17679e+06;63.2283;13.8161;5.44171;0.17121
208;4.17677e+06;81.8617;17.8877;7.06649;0.22233
209;4.17674e+06;105.986;23.1591;9.17008;0.288514
210;4.17669e+06;137.22;29.9841;11.8936;0.374203
211;4.17664e+06;177.657;38.8203;15.4197;0.485144
212;4.17657e+06;230.01;50.2604;19.985;0.628779
213;4.17648e+06;297.79;65.0717;25.8956;0.814743
214;4.17637e+06;385.543;84.2477;33.548;1.05551
215;4.17622e+06;499.151;109.074;43.4556;1.36722
216;4.17603e+06;646.231;141.216;56.2827;1.7708
217;4.17578e+06;836.643;182.829;72.8897;2.2933
218;4.17546e+06;1083.15;236.703;94.3905;2.96977
219;4.17504e+06;1402.26;306.449;122.227;3.84557
220;4.1745e+06;1815.34;396.742;158.265;4.97943
221;4.1738e+06;2350.06;513.632;204.922;6.44737
222;4.17289e+06;3042.18;664.949;265.325;8.34781
223;4.17172e+06;3937.96;860.825;343.523;10.8081
224;4.1702e+06;5097.23;1114.37;444.756;13.9932
225;4.16824e+06;6597.28;1442.53;575.806;18.1163
226;4.1657e+06;8537.97;1867.25;745.447;23.4537
227;4.16241e+06;11048.2;2416.85;965.036;30.3625
228;4.15816e+06;14294.2;3127.97;1249.26;39.3049
229;4.15267e+06;18490.1;4047.89;1617.11;50.8783
230;4.14557e+06;23911.3;5237.63;2093.14;65.8555
231;4.13639e+06;30911.5;6775.84;2709.08;85.2347
232;4.12455e+06;39943.3;8763.78;3505.92;110.305
233;4.10928e+06;51584.5;11331.6;4536.54;142.731
234;4.0896e+06;66569.3;14646.1;5869.14;184.658
235;4.0643e+06;85825.2;18920.7;7591.52;238.849
236;4.03181e+06;110515;24427.1;9816.59;308.855
237;3.99019e+06;142081;31509.9;12689.2;399.236
238;3.93707e+06;182291;40602.9;16394.8;515.822
239;3.86952e+06;233268;52248.1;21169.7;666.053
240;3.78409e+06;297495;67114.4;27314.1;859.371
241;3.67677e+06;377773;86015.7;35206.7;1107.69
242;3.54312e+06;477086;109922;45322.2;1425.95
243;3.37852e+06;598321;139955;58248.9;1832.66
244;3.17866e+06;743793;177366;74707.7;2350.5
245;2.94033e+06;914511;223462;95565.9;3006.75
246;2.66253e+06;1.10918e+06;279485;121845;3833.56
247;2.34785e+06;1.32304e+06;346408;154713;4867.66
248;2.00383e+06;1.54679e+06;424653;195450;6149.37
249;1.64379e+06;1.76623e+06;513746;245389;7720.59
250;1.28634e+06;1.96313e+06;611979;305806;9621.45
251;952979;2.11804e+06;716195;377775;11885.8
252;663798;2.21469e+06;821850;461999;14535.7
253;432506;2.24467e+06;923475;558649;17576.5
254;263047;2.21009e+06;1.0155e+06;667249;20993.4
255;149619;2.12262e+06;1.09321e+06;786672;24750.7
256;80102.3;1.99919e+06;1.15355e+06;915234;28795.6
257;40792.2;1.85677e+06;1.19535e+06;1.05089e+06;33063.8
258;20026.7;1.70876e+06;1.21914e+06;1.19147e+06;37486.6
259;9618.04;1.56384e+06;1.22658e+06;1.33484e+06;41997.4
260;4583.16;1.42672e+06;1.21995e+06;1.47908e+06;46535.7
261;2194.31;1.29942e+06;1.20166e+06;1.62255e+06;51049.6
262;1066.5;1.18243e+06;1.17402e+06;1.76386e+06;55495.7
263;530.38;1.07548e+06;1.13909e+06;1.90193e+06;59839.6
264;271.422;977982;1.09868e+06;2.03588e+06;64054.2
265;143.471;889212;1.05431e+06;2.16509e+06;68119.3
266;78.5042;808447;1.00725e+06;2.28908e+06;72020.3
267;44.5103;734993;958559;2.40753e+06;75747.1
268;26.1515;668201;909097;2.52026e+06;79293.8
269;15.9128;607472;859563;2.62717e+06;82657.4
270;10.0173;552258;810517;2.72825e+06;85837.8
271;6.51503;502062;762402;2.82357e+06;88836.7
272;4.37089;456426;715560;2.91323e+06;91657.6
273;3.01985;414939;670251;2.99737e+06;94305.2
274;2.14495;377222;626668;3.0762e+06;96785.1
275;1.56358;342933;584942;3.14989e+06;99103.8
276;1.16778;311760;545162;3.21868e+06;101268
277;0.892128;283422;507372;3.28279e+06;103285
278;0.696043;257659;471591;3.34246e+06;105162
279;0.55378;234238;437808;3.39792e+06;106907
280;0.448657;212946;405994;3.44941e+06;108527
281;0.369647;193589;376104;3.49715e+06;110029
282;0.309321;175992;348080;3.54138e+06;111421
283;0.262585;159994;321855;3.58231e+06;112709
284;0.225889;145451;297358;3.62016e+06;113900
285;0.196715;132229;274510;3.65513e+06;115000
286;0.173254;120210;253231;3.68742e+06;116016
287;0.154189;109283;233442;3.7172e+06;116953
288;0.138544;99348.9;215059;3.74465e+06;117816
289;0.12559;90318.1;198003;3.76994e+06;118612
290;0.114777;82108.2;182195;3.79322e+06;119345
291;0.105682;74644.6;167559;3.81465e+06;120019
292;0.0979793;67859.4;154019;3.83436e+06;120639
293;0.0914141;61691;141505;3.85247e+06;121209
294;0.0857856;56083.3;129948;3.86911e+06;121732
295;0.0809345;50985.3;119283;3.88439e+06;122213
296;0.0767328;46350.7;109449;3.89842e+06;122654
297;0.0730773;42137.5;100386;3.91129e+06;123059
298;0.0698838;38307.2;92039.4;3.9231e+06;123431
299;0.0670836;34825.1;84357.1;3.93392e+06;123771
300;0.0646197;31659.5;77290.2;3.94384e+06;124083
301;0.062445;28781.6;70792.8;3.95293e+06;124369
302;0.06052;26165.4;64821.8;3.96125e+06;124631
303;0.0588116;23786.9;59337.4;3.96888e+06;124871
304;0.0572918;21624.7;54302;3.97586e+06;125091
305;0.0559369;19659;49680.9;3.98224e+06;125292
306;0.0547265;17872;45441.6;3.98808e+06;125475
307;0.0536433;16247.5;41554.1;3.99343e+06;125644
308;0.0526723;14770.6;37990.5;3.99831e+06;125797
309;0.0518006;13427.9;34724.9;4.00278e+06;125938
310;0.051017;12207.3;31733.3;4.00687e+06;126066
311;0.0503118;11097.7;28993.7;4.0106e+06;126184
312;0.0496763;10088.9;26485.6;4.01401e+06;126291
313;0.0491031;9171.82;24189.9;4.01712e+06;126389
314;0.0485856;8338.1;22089.4;4.01997e+06;126479
315;0.048118;7580.17;20167.9;4.02256e+06;126560
316;0.0476952;6891.13;18410.6;4.02494e+06;126635
317;0.0473126;6264.73;16803.8;4.0271e+06;126703
318;0.0469662;5695.26;15334.9;4.02908e+06;126765
319;0.0466524;5177.56;13992.5;4.03088e+06;126822
320;0.046368;4706.92;12765.9;4.03253e+06;126874
321;0.0461101;4279.07;11645.2;4.03403e+06;126921
322;0.0458761;3890.1;10621.6;4.0354e+06;126964
323;0.0456638;3536.49;9686.83;4.03665e+06;127003
324;0.045471;3215.02;8833.29;4.03779e+06;127039
325;0.045296;2922.78;8054.05;4.03882e+06;127072
326;0.045137;2657.1;7342.78;4.03977e+06;127102
327;0.0449926;2415.57;6693.63;4.04063e+06;127129
328;0.0448614;2195.99;6101.27;4.04142e+06;127154
329;0.0447421;1996.38;5560.8;4.04214e+06;127176
330;0.0446337;1814.91;5067.74;4.04279e+06;127197
331;0.0445351;1649.93;4618;4.04339e+06;127215
332;0.0444455;1499.95;4207.82;4.04393e+06;127233
333;0.044364;1363.61;3833.75;4.04443e+06;127248
334;0.0442899;1239.65;3492.67;4.04488e+06;127262
335;0.0442225;1126.97;3181.7;4.04529e+06;127275
336;0.0441612;1024.53;2898.2;4.04566e+06;127287
337;0.0441054;931.399;2639.78;4.046e+06;127298
338;0.0440547;846.735;2404.24;4.04631e+06;127308
339;0.0440085;769.767;2189.57;4.0466e+06;127316
340;0.0439665;699.795;1993.95;4.04685e+06;127325
341;0.0439283;636.184;1815.69;4.04709e+06;127332
342;0.0438936;578.355;1653.28;4.0473e+06;127339
343;0.043862;525.782;1505.31;4.0475e+06;127345
344;0.0438332;477.989;1370.51;4.04767e+06;127350
345;0.043807;434.54;1247.71;4.04784e+06;127355
346;0.0437832;395.04;1135.87;4.04798e+06;127360
347;0.0437615;359.131;1033.99;4.04812e+06;127364
348;0.0437418;326.486;941.216;4.04824e+06;127368
349;0.0437239;296.808;856.724;4.04835e+06;127371
350;0.0437075;269.828;779.783;4.04845e+06;127375
351;0.0436927;245.301;709.723;4.04854e+06;127378
352;0.0436792;223.003;645.932;4.04862e+06;127380
353;0.0436669;202.732;587.851;4.0487e+06;127383
354;0.0436557;184.304;534.973;4.04877e+06;127385
355;0.0436455;167.551;486.834;4.04883e+06;127387
356;0.0436363;152.32;443.011;4.04889e+06;127389
357;0.0436278;138.474;403.12;4.04894e+06;127390
358;0.0436202;125.887;366.809;4.04899e+06;127392
359;0.0436132;114.444;333.758;4.04903e+06;127393
360;0.0436068;104.041;303.676;4.04907e+06;127394
361;0.0436011;94.5837;276.298;4.04911e+06;127395
362;0.0435958;85.986;251.38;4.04914e+06;127396
363;0.0435911;78.1699;228.704;4.04917e+06;127397
364;0.0435867;71.0643;208.068;4.0492e+06;127398
365;0.0435828;64.6045;189.289;4.04922e+06;127399
366;0.0435792;58.732;172.201;4.04924e+06;127400
367;0.0435759;53.3932;156.652;4.04926e+06;127400
368;0.0435729;48.5398;142.503;4.04928e+06;127401
369;0.0435702;44.1275;129.63;4.0493e+06;127401
370;0.0435677;40.1163;117.917;4.04931e+06;127402
371;0.0435655;36.4698;107.26;4.04933e+06;127402
372;0.0435635;33.1547;97.5646;4.04934e+06;127403
373;0.0435616;30.1409;88.7438;4.04935e+06;127403
374;0.0435599;27.4011;80.719;4.04936e+06;127403
375;0.0435584;24.9104;73.4185;4.04937e+06;127404
376;0.043557;22.646;66.7772;4.04938e+06;127404
377;0.0435557;20.5875;60.7357;4.04939e+06;127404
378;0.0435546;18.7161;55.2398;4.04939e+06;127404
379;0.0435535;17.0148;50.2405;4.0494e+06;127405
380;0.0435526;15.4681;45.693;4.04941e+06;127405
381;0.0435517;14.0621;41.5565;4.04941e+06;127405
382;0.0435509;12.7838;37.7939;4.04942e+06;127405
383;0.0435502;11.6218;34.3716;4.04942e+06;127405
384;0.0435496;10.5654;31.2587;4.04943e+06;127405
385;0.043549;9.60498;28.4274;4.04943e+06;127406
386;0.0435484;8.73189;25.8523;4.04943e+06;127406
387;0.0435479;7.93816;23.5101;4.04944e+06;127406
388;0.0435475;7.21659;21.3799;4.04944e+06;127406
389;0.0435471;6.5606;19.4425;4.04944e+06;127406
390;0.0435467;5.96424;17.6805;4.04944e+06;127406
391;0.0435464;5.42209;16.078;4.04945e+06;127406
392;0.0435461;4.92922;14.6206;4.04945e+06;127406
393;0.0435458;4.48116;13.2952;4.04945e+06;127406
394;0.0435455;4.07382;12.0898;4.04945e+06;127406
395;0.0435453;3.70351;10.9936;4.04945e+06;127406
396;0.0435451;3.36686;9.99677;4.04945e+06;127406
397;0.0435449;3.06081;9.09021;4.04945e+06;127406
398;0.0435447;2.78259;8.26579;4.04946e+06;127406
399;0.0435446;2.52965;7.51609;4.04946e+06;127406
400;0.0435444;2.2997;6.83433;4.04946e+06;127406
401;0.0435443;2.09066;6.21437;4.04946e+06;127406
402;0.0435442;1.90062;5.65061;4.04946e+06;127406
403;0.0435441;1.72785;5.13796;4.04946e+06;127406
404;0.043544;1.57079;4.67178;4.04946e+06;127406
405;0.0435439;1.42801;4.24788;4.04946e+06;127407
406;0.0435438;1.2982;3.86242;4.04946e+06;127407
407;0.0435438;1.18019;3.51191;4.04946e+06;127407
408;0.0435437;1.07292;3.1932;4.04946e+06;127407
409;0.0435436;0.975387;2.90339;4.04946e+06;127407
410;0.0435436;0.886725;2.63987;4.04946e+06;127407
411;0.0435435;0.806121;2.40026;4.04946e+06;127407
412;0.0435435;0.732845;2.18238;4.04946e+06;127407
413;0.0435434;0.666229;1.98428;4.04946e+06;127407
414;0.0435434;0.605669;1.80414;4.04946e+06;127407
415;0.0435434;0.550614;1.64036;4.04946e+06;127407
416;0.0435433;0.500563;1.49143;4.04946e+06;127407
417;0.0435433;0.455062;1.35602;4.04946e+06;127407
418;0.0435433;0.413697;1.2329;4.04946e+06;127407
419;0.0435433;0.376092;1.12096;4.04946e+06;127407
420;0.0435432;0.341905;1.01917;4.04946e+06;127407
421;0.0435432;0.310826;0.926625;4.04947e+06;127407
422;0.0435432;0.282572;0.842479;4.04947e+06;127407
423;0.0435432;0.256886;0.765972;4.04947e+06;127407
424;0.0435432;0.233535;0.696411;4.04947e+06;127407
425;0.0435432;0.212307;0.633165;4.04947e+06;127407
426;0.0435431;0.193008;0.57566;4.04947e+06;127407
427;0.0435431;0.175464;0.523377;4.04947e+06;127407
428;0.0435431;0.159514;0.475841;4.04947e+06;127407
