72;8.60631e+06;1.7647;0.8787;0.1176;0.0037
73;8.60631e+06;3.15493;0.932525;0.220935;0.00695119
74;8.60631e+06;4.51377;1.10619;0.3306;0.0104015
75;8.60631e+06;6.05557;1.38231;0.460688;0.0144944
76;8.60631e+06;7.94448;1.76509;0.623248;0.019609
77;8.6063e+06;10.3372;2.27314;0.830823;0.0261398
78;8.6063e+06;13.4089;2.93706;1.09814;0.0345505
79;8.60629e+06;17.3731;3.79966;1.44354;0.0454176
80;8.60629e+06;22.4991;4.91798;1.89038;0.0594763
81;8.60628e+06;29.1327;6.3666;2.46874;0.0776728
82;8.60627e+06;37.7196;8.24249;3.21745;0.101229
83;8.60625e+06;48.8363;10.6714;4.18676;0.131726
84;8.60623e+06;63.2287;13.8162;5.44172;0.171211
85;8.60621e+06;81.8624;17.8878;7.0665;0.22233
86;8.60618e+06;105.987;23.1593;9.1701;0.288515
87;8.60614e+06;137.222;29.9843;11.8936;0.374204
88;8.60608e+06;177.66;38.8206;15.4198;0.485146
89;8.60602e+06;230.016;50.261;19.9851;0.628783
90;8.60593e+06;297.8;65.0728;25.8958;0.814748
91;8.60581e+06;385.559;84.2495;33.5483;1.05552
92;8.60566e+06;499.178;109.077;43.4561;1.36724
93;8.60547e+06;646.277;141.221;56.2836;1.77083
94;8.60522e+06;836.719;182.838;72.8912;2.29335
95;8.6049e+06;1083.27;236.717;94.393;2.96985
96;8.60448e+06;1402.47;306.473;122.231;3.8457
97;8.60394e+06;1815.7;396.783;158.272;4.97965
98;8.60324e+06;2350.67;513.7;204.934;6.44775
99;8.60234e+06;3043.19;665.064;265.345;8.34844
100;8.60116e+06;3939.66;861.018;343.557;10.8092
101;8.59964e+06;5100.08;1114.69;444.812;13.9949
102;8.59768e+06;6602.06;1443.08;575.9;18.1193
103;8.59513e+06;8545.97;1868.16;745.606;23.4587
104;8.59184e+06;11061.6;2418.38;965.301;30.3709
105;8.58758e+06;14316.7;3130.53;1249.7;39.3189
106;8.58207e+06;18527.7;4052.18;1617.85;50.9018
107;8.57494e+06;23974.3;5244.82;2094.39;65.8949
108;8.56572e+06;31016.9;6787.89;2711.18;85.3008
109;8.55379e+06;40119.6;8783.96;3509.44;110.416
110;8.53839e+06;51879.4;11365.3;4542.43;142.917
111;8.51849e+06;67062;14702.6;5878.99;184.968
112;8.49281e+06;86647.4;19015.1;7608.01;239.368
113;8.45969e+06;111885;24584.8;9844.19;309.724
114;8.41705e+06;144362;31773;12735.4;400.687
115;8.36221e+06;186079;41041.5;16471.9;518.248
116;8.29183e+06;239540;52977.7;21298.3;670.101
117;8.20175e+06;307846;68325.7;27528.5;866.119
118;8.08683e+06;394781;88021;35563.6;1118.92
119;7.94086e+06;504869;113230;45914.9;1444.6
120;7.75646e+06;643373;145387;59230.7;1863.55
121;7.52518e+06;816170;186235;76328.3;2401.48
122;7.23774e+06;1.02942e+06;237834;98229.5;3090.55
123;6.88465e+06;1.28894e+06;302559;126199;3970.54
124;6.45734e+06;1.59909e+06;383024;161780;5090.01
125;5.94989e+06;1.96117e+06;481920;206823;6507.2
126;5.3615e+06;2.37129e+06;601734;263497;8290.3
127;4.69934e+06;2.8179e+06;744294;334261;10516.7
128;3.98128e+06;3.27982e+06;910157;421790;13270.6
129;3.23713e+06;3.72584e+06;1.09789e+06;528824;16638.2
130;2.50698e+06;4.11731e+06;1.30339e+06;657936;20700.4
131;1.83536e+06;4.41467e+06;1.51956e+06;811215;25522.9
132;1.2618e+06;4.58693e+06;1.73653e+06;989915;31145.3
133;810878;4.6209e+06;1.94284e+06;1.19413e+06;37570.4
134;486430;4.52531e+06;2.12721e+06;1.42261e+06;44758.9
135;273151;4.32723e+06;2.28053e+06;1.67277e+06;52629.6
136;144636;4.0624e+06;2.39725e+06;1.94096e+06;61067.6
137;73032.4;3.76474e+06;2.47573e+06;2.22287e+06;69937.4
138;35654.5;3.4599e+06;2.51764e+06;2.51402e+06;79097.6
139;17077.7;3.16397e+06;2.52676e+06;2.8101e+06;88412.9
140;8137.87;2.88531e+06;2.50787e+06;3.10724e+06;97761.9
141;3905.06;2.62726e+06;2.46594e+06;3.40217e+06;107041
142;1905.67;2.39045e+06;2.40564e+06;3.69216e+06;116165
143;952.806;2.17411e+06;2.33112e+06;3.97506e+06;125066
144;490.66;1.97694e+06;2.24598e+06;4.2492e+06;133691
145;261.13;1.79747e+06;2.15325e+06;4.51333e+06;142001
146;143.903;1.6342e+06;2.05545e+06;4.76655e+06;149968
147;82.1776;1.48571e+06;1.95467e+06;5.00827e+06;157573
148;48.6266;1.35069e+06;1.85262e+06;5.23814e+06;164806
149;29.794;1.22793e+06;1.75068e+06;5.45601e+06;171660
150;18.8812;1.11632e+06;1.64994e+06;5.66189e+06;178138
151;12.3584;1.01486e+06;1.55128e+06;5.85593e+06;184243
152;8.34142;922610;1.45536e+06;6.03836e+06;189982
153;5.79602;838748;1.36269e+06;6.2095e+06;195367
154;4.13892;762507;1.27363e+06;6.36976e+06;200409
155;3.03225;693196;1.18845e+06;6.51954e+06;205121
156;2.27529;630186;1.10731e+06;6.6593e+06;209519
157;1.74579;572902;1.03027e+06;6.78952e+06;213616
158;1.3676;520826;957379;6.91068e+06;217428
159;1.09217;473483;888591;7.02327e+06;220970
160;0.887933;430444;823845;7.12776e+06;224258
161;0.733925;391316;763039;7.22465e+06;227306
162;0.615981;355746;706053;7.31438e+06;230129
163;0.524353;323409;652746;7.39741e+06;232742
164;0.452221;294011;602966;7.47418e+06;235157
165;0.39474;267285;556552;7.54509e+06;237388
166;0.348415;242989;513338;7.61054e+06;239447
167;0.310692;220901;473158;7.6709e+06;241346
168;0.279679;200822;435844;7.72655e+06;243097
169;0.253958;182567;401231;7.7778e+06;244710
170;0.232453;165972;369157;7.82499e+06;246194
171;0.21434;150885;339465;7.8684e+06;247560
172;0.198979;137169;312003;7.90832e+06;248816
173;0.18587;124701;286626;7.94501e+06;249971
174;0.174619;113365;263194;7.97872e+06;251031
175;0.164913;103061;241573;8.00967e+06;252005
176;0.156497;93692.3;221638;8.03808e+06;252899
177;0.14917;85175.7;203270;8.06415e+06;253719
178;0.142764;77433.2;186356;8.08805e+06;254471
179;0.137142;70394.6;170790;8.10997e+06;255160
180;0.132193;63995.7;156472;8.13005e+06;255792
181;0.127822;58178.5;143309;8.14845e+06;256371
182;0.12395;52890.1;131214;8.16531e+06;256902
183;0.120513;48082.4;120106;8.18074e+06;257387
184;0.117453;43711.7;109907;8.19486e+06;257831
185;0.114725;39738.3;100549;8.20779e+06;258238
186;0.112286;36126.1;91964.7;8.21961e+06;258610
187;0.110103;32842.2;84093.2;8.23043e+06;258950
188;0.108146;29856.9;76878.1;8.24031e+06;259262
189;0.106388;27142.9;70266.7;8.24936e+06;259546
190;0.104808;24675.6;64210.7;8.25762e+06;259806
191;0.103385;22432.6;58664.9;8.26517e+06;260044
192;0.102102;20393.5;53588;8.27207e+06;260261
193;0.100946;18539.7;48941.5;8.27837e+06;260459
194;0.099901;16854.4;44690.2;8.28413e+06;260640
195;0.0989569;15322.4;40801.3;8.28938e+06;260805
196;0.0981032;13929.6;37244.9;8.29418e+06;260956
197;0.0973305;12663.4;33993.3;8.29856e+06;261094
198;0.0966309;11512.3;31021;8.30256e+06;261220
199;0.095997;10465.8;28304.6;8.30621e+06;261335
200;0.0954224;9514.47;25822.6;8.30953e+06;261439
201;0.0949014;8649.6;23555.2;8.31257e+06;261535
202;0.0944286;7863.35;21484.2;8.31534e+06;261622
203;0.0939996;7148.58;19593;8.31787e+06;261702
204;0.0936101;6498.77;17866.1;8.32017e+06;261774
205;0.0932564;5908.03;16289.7;8.32227e+06;261840
206;0.0929352;5370.99;14850.8;8.32419e+06;261900
207;0.0926433;4882.77;13537.6;8.32594e+06;261955
208;0.0923781;4438.93;12339.4;8.32753e+06;262006
209;0.092137;4035.43;11246.1;8.32898e+06;262051
210;0.0919179;3668.61;10248.8;8.3303e+06;262093
211;0.0917186;3335.13;9339.07;8.33151e+06;262131
212;0.0915375;3031.97;8509.4;8.3326e+06;262165
213;0.0913727;2756.36;7752.82;8.3336e+06;262197
214;0.0912229;2505.81;7062.95;8.33452e+06;262225
215;0.0910867;2278.03;6434;8.33535e+06;262252
216;0.0909627;2070.96;5860.62;8.3361e+06;262275
217;0.09085;1882.71;5337.98;8.33679e+06;262297
218;0.0907474;1711.57;4861.62;8.33742e+06;262317
219;0.0906541;1555.99;4427.49;8.33799e+06;262335
220;0.0905692;1414.55;4031.87;8.33851e+06;262351
221;0.090492;1285.97;3671.39;8.33899e+06;262366
222;0.0904217;1169.07;3342.95;8.33942e+06;262380
223;0.0903578;1062.8;3043.71;8.33981e+06;262392
224;0.0902996;966.195;2771.12;8.34017e+06;262403
225;0.0902467;878.368;2522.81;8.3405e+06;262414
226;0.0901985;798.525;2296.64;8.34079e+06;262423
227;0.0901547;725.939;2090.64;8.34106e+06;262431
228;0.0901149;659.951;1903.03;8.34131e+06;262439
229;0.0900786;599.961;1732.19;8.34153e+06;262446
230;0.0900456;545.425;1576.61;8.34174e+06;262453
231;0.0900156;495.846;1434.94;8.34192e+06;262458
232;0.0899883;450.774;1305.96;8.34209e+06;262464
233;0.0899634;409.798;1188.52;8.34224e+06;262469
234;0.0899408;372.548;1081.6;8.34238e+06;262473
235;0.0899202;338.683;984.27;8.34251e+06;262477
236;0.0899015;307.897;895.664;8.34263e+06;262481
237;0.0898845;279.909;815.008;8.34273e+06;262484
238;0.089869;254.465;741.591;8.34283e+06;262487
239;0.0898549;231.334;674.767;8.34292e+06;262490
240;0.0898421;210.306;613.946;8.34299e+06;262492
241;0.0898304;191.189;558.591;8.34307e+06;262494
242;0.0898198;173.81;508.213;8.34313e+06;262497
243;0.0898101;158.011;462.366;8.34319e+06;262498
244;0.0898013;143.648;420.645;8.34325e+06;262500
245;0.0897934;130.59;382.678;8.3433e+06;262502
246;0.0897861;118.719;348.13;8.34334e+06;262503
247;0.0897795;107.928;316.693;8.34338e+06;262504
248;0.0897735;98.1172;288.089;8.34342e+06;262506
249;0.089768;89.1984;262.063;8.34345e+06;262507
250;0.089763;81.0903;238.383;8.34348e+06;262508
251;0.0897585;73.7192;216.838;8.34351e+06;262508
252;0.0897544;67.0181;197.237;8.34354e+06;262509
253;0.0897506;60.9262;179.404;8.34356e+06;262510
254;0.0897472;55.388;163.18;8.34358e+06;262511
255;0.0897441;50.3532;148.421;8.3436e+06;262511
256;0.0897413;45.7761;134.995;8.34362e+06;262512
257;0.0897387;41.6151;122.781;8.34363e+06;262512
258;0.0897364;37.8323;111.67;8.34365e+06;262513
259;0.0897343;34.3933;101.564;8.34366e+06;262513
260;0.0897324;31.267;92.3705;8.34367e+06;262514
261;0.0897306;28.4248;84.0081;8.34368e+06;262514
262;0.089729;25.841;76.4017;8.34369e+06;262514
263;0.0897276;23.492;69.4831;8.3437e+06;262514
264;0.0897263;21.3566;63.1903;8.34371e+06;262515
265;0.0897251;19.4153;57.4666;8.34372e+06;262515
266;0.089724;17.6504;52.2607;8.34373e+06;262515
267;0.089723;16.046;47.5259;8.34373e+06;262515
268;0.0897221;14.5874;43.2196;8.34374e+06;262516
269;0.0897212;13.2614;39.3031;8.34374e+06;262516
270;0.0897205;12.056;35.7411;8.34375e+06;262516
271;0.0897198;10.9601;32.5016;8.34375e+06;262516
272;0.0897192;9.96382;29.5554;8.34376e+06;262516
273;0.0897186;9.05811;26.8761;8.34376e+06;262516
274;0.0897181;8.23473;24.4394;8.34376e+06;262516
275;0.0897177;7.48619;22.2234;8.34376e+06;262516
276;0.0897173;6.8057;20.2082;8.34377e+06;262516
277;0.0897169;6.18706;18.3756;8.34377e+06;262517
278;0.0897165;5.62465;16.709;8.34377e+06;262517
279;0.0897162;5.11337;15.1935;8.34377e+06;262517
280;0.0897159;4.64857;13.8153;8.34378e+06;262517
281;0.0897157;4.22601;12.5621;8.34378e+06;262517
282;0.0897154;3.84187;11.4225;8.34378e+06;262517
283;0.0897152;3.49264;10.3861;8.34378e+06;262517
284;0.089715;3.17516;9.44378;8.34378e+06;262517
285;0.0897148;2.88654;8.58687;8.34378e+06;262517
286;0.0897147;2.62415;7.80767;8.34378e+06;262517
287;0.0897145;2.38562;7.09914;8.34378e+06;262517
288;0.0897144;2.16877;6.45486;8.34379e+06;262517
289;0.0897143;1.97163;5.86903;8.34379e+06;262517
290;0.0897141;1.7924;5.33634;8.34379e+06;262517
291;0.089714;1.62948;4.85197;8.34379e+06;262517
292;0.0897139;1.48136;4.41154;8.34379e+06;262517
293;0.0897139;1.3467;4.01108;8.34379e+06;262517
294;0.0897138;1.22429;3.64695;8.34379e+06;262517
295;0.0897137;1.113;3.31586;8.34379e+06;262517
296;0.0897137;1.01183;3.01482;8.34379e+06;262517
297;0.0897136;0.919852;2.7411;8.34379e+06;262517
298;0.0897135;0.836237;2.49222;8.34379e+06;262517
299;0.0897135;0.760223;2.26593;8.34379e+06;262517
300;0.0897135;0.691119;2.06017;8.34379e+06;262517
301;0.0897134;0.628296;1.8731;8.34379e+06;262517
302;0.0897134;0.571184;1.703;8.34379e+06;262517
303;0.0897133;0.519264;1.54835;8.34379e+06;262517
304;0.0897133;0.472063;1.40774;8.34379e+06;262517
305;0.0897133;0.429152;1.27989;8.34379e+06;262517
306;0.0897133;0.390142;1.16365;8.34379e+06;262517
307;0.0897132;0.354678;1.05796;8.34379e+06;262517
308;0.0897132;0.322438;0.96187;8.34379e+06;262517
309;0.0897132;0.293129;0.874505;8.34379e+06;262517
310;0.0897132;0.266483;0.795073;8.34379e+06;262517
311;0.0897132;0.24226;0.722854;8.34379e+06;262517
312;0.0897132;0.220238;0.657193;8.34379e+06;262517
313;0.0897132;0.200219;0.597495;8.34379e+06;262517
314;0.0897131;0.182019;0.543219;8.34379e+06;262517
315;0.0897131;0.165473;0.493872;8.34379e+06;262517
