68;6.95607e+06;1.7647;0.8787;0.1176;0.0037
69;6.95607e+06;3.15493;0.932525;0.220935;0.00695119
70;6.95607e+06;4.51377;1.10619;0.3306;0.0104015
71;6.95606e+06;6.05557;1.38231;0.460688;0.0144944
72;6.95606e+06;7.94448;1.76509;0.623248;0.019609
73;6.95606e+06;10.3372;2.27314;0.830823;0.0261398
74;6.95605e+06;13.4089;2.93706;1.09814;0.0345505
75;6.95605e+06;17.3731;3.79966;1.44354;0.0454176
76;6.95604e+06;22.4991;4.91798;1.89038;0.0594763
77;6.95603e+06;29.1327;6.36659;2.46874;0.0776728
78;6.95602e+06;37.7196;8.24248;3.21745;0.101229
79;6.95601e+06;48.8363;10.6714;4.18676;0.131726
80;6.95599e+06;63.2287;13.8162;5.44172;0.171211
81;6.95596e+06;81.8623;17.8877;7.0665;0.22233
82;6.95593e+06;105.987;23.1592;9.1701;0.288515
83;6.95589e+06;137.221;29.9842;11.8936;0.374204
84;6.95584e+06;177.66;38.8205;15.4198;0.485146
85;6.95577e+06;230.015;50.2609;19.9851;0.628782
86;6.95568e+06;297.798;65.0726;25.8957;0.814747
87;6.95557e+06;385.555;84.2491;33.5483;1.05552
88;6.95542e+06;499.172;109.077;43.456;1.36724
89;6.95523e+06;646.266;141.22;56.2834;1.77082
90;6.95498e+06;836.702;182.836;72.8909;2.29334
91;6.95465e+06;1083.25;236.714;94.3924;2.96983
92;6.95424e+06;1402.42;306.468;122.23;3.84567
93;6.9537e+06;1815.62;396.773;158.271;4.9796
94;6.953e+06;2350.53;513.685;204.931;6.44766
95;6.95209e+06;3042.97;665.038;265.341;8.3483
96;6.95092e+06;3939.28;860.975;343.549;10.8089
97;6.9494e+06;5099.44;1114.62;444.8;13.9945
98;6.94743e+06;6600.99;1442.96;575.879;18.1186
99;6.94489e+06;8544.18;1867.95;745.57;23.4576
100;6.9416e+06;11058.6;2418.04;965.242;30.369
101;6.93734e+06;14311.6;3129.96;1249.6;39.3157
102;6.93183e+06;18519.3;4051.22;1617.69;50.8966
103;6.92471e+06;23960.2;5243.21;2094.11;65.8861
104;6.9155e+06;30993.3;6785.19;2710.71;85.286
105;6.90359e+06;40080.1;8779.44;3508.65;110.391
106;6.88822e+06;51813.2;11357.8;4541.11;142.875
107;6.86837e+06;66951.3;14689.9;5876.79;184.899
108;6.84277e+06;86462.5;18993.9;7604.32;239.251
109;6.8098e+06;111577;24549.4;9838;309.529
110;6.76739e+06;143848;31713.9;12725;400.362
111;6.71293e+06;185222;40942.7;16454.6;517.703
112;6.6432e+06;238117;52813;21269.4;669.191
113;6.55419e+06;305488;68051.6;27480.2;864.599
114;6.44102e+06;390885;87565.8;35483.1;1116.39
115;6.29791e+06;498462;112476;45780.8;1440.38
116;6.11817e+06;632894;144142;59008;1856.54
117;5.89438e+06;799151;184188;75959.1;2389.87
118;5.61886e+06;1.00203e+06;234489;97619.6;3071.37
119;5.28446e+06;1.24535e+06;297130;125196;3938.97
120;4.8859e+06;1.53071e+06;374290;160138;5038.36
121;4.42162e+06;1.85584e+06;468029;204154;6423.23
122;3.89614e+06;2.21263e+06;579953;259195;8154.93
123;3.32223e+06;2.58541e+06;710733;327397;10300.8
124;2.72232e+06;2.95031e+06;859535;410979;12930.5
125;2.1276e+06;3.27685e+06;1.02346e+06;512061;16110.8
126;1.5739e+06;3.53268e+06;1.19718e+06;632419;19897.5
127;1.09451e+06;3.69094e+06;1.37308e+06;773207;24327.1
128;711915;3.73804e+06;1.54203e+06;934681;29407.5
129;432232;3.67793e+06;1.69477e+06;1.11602e+06;35113
130;245452;3.53039e+06;1.82352e+06;1.31533e+06;41383.7
131;131223;3.3237e+06;1.92324e+06;1.52977e+06;48130.7
132;66752.3;3.08605e+06;1.99207e+06;1.75595e+06;55246.7
133;32747.5;2.83953e+06;2.03096e+06;1.99022e+06;62617.3
134;15721.6;2.59845e+06;2.04272e+06;2.22906e+06;70131.9
135;7491.37;2.37048e+06;2.03113e+06;2.46928e+06;77689.9
136;3587.62;2.1589e+06;2.00023e+06;2.70814e+06;85205.1
137;1744.54;1.9645e+06;1.95385e+06;2.94337e+06;92606
138;868.147;1.78681e+06;1.89542e+06;3.17314e+06;99835.2
139;444.619;1.62481e+06;1.82793e+06;3.39604e+06;106848
140;235.22;1.47732e+06;1.75389e+06;3.61101e+06;113612
141;128.822;1.34314e+06;1.67544e+06;3.81726e+06;120101
142;73.105;1.22111e+06;1.5943e+06;4.0143e+06;126300
143;42.9903;1.11014e+06;1.51191e+06;4.20178e+06;132199
144;26.1816;1.00924e+06;1.42942e+06;4.37958e+06;137793
145;16.4955;917512;1.34777e+06;4.54769e+06;143082
146;10.7369;834116;1.26769e+06;4.70618e+06;148069
147;7.2088;758298;1.18974e+06;4.85526e+06;152759
148;4.98414;689371;1.11436e+06;4.99518e+06;157161
149;3.54254;626709;1.04185e+06;5.12623e+06;161284
150;2.584;569742;972439;5.24875e+06;165139
151;1.93103;517953;906272;5.36311e+06;168737
152;1.47602;470871;843423;5.46968e+06;172090
153;1.15219;428070;783918;5.56887e+06;175211
154;0.917127;389158;727740;5.66106e+06;178112
155;0.743357;353784;674840;5.74664e+06;180804
156;0.612697;321625;625141;5.826e+06;183301
157;0.512898;292390;578547;5.89952e+06;185614
158;0.435556;265811;534947;5.96756e+06;187755
159;0.374806;241649;494221;6.03047e+06;189734
160;0.326495;219683;456238;6.08859e+06;191563
161;0.287636;199714;420865;6.14224e+06;193251
162;0.256047;181560;387968;6.19173e+06;194808
163;0.23012;165056;357411;6.23736e+06;196243
164;0.208649;150053;329061;6.27939e+06;197566
165;0.190722;136413;302786;6.31809e+06;198783
166;0.175641;124013;278458;6.3537e+06;199904
167;0.162866;112740;255954;6.38644e+06;200934
168;0.151976;102492;235155;6.41654e+06;201881
169;0.142639;93175.7;215947;6.4442e+06;202751
170;0.13459;84706;198222;6.46959e+06;203550
171;0.127618;77006.2;181878;6.4929e+06;204283
172;0.121551;70006.4;166816;6.51429e+06;204956
173;0.116251;63642.8;152945;6.53391e+06;205574
174;0.111603;57857.7;140178;6.5519e+06;206140
175;0.107513;52598.4;128433;6.56838e+06;206658
176;0.103903;47817.2;117635;6.58348e+06;207133
177;0.100707;43470.6;107713;6.59732e+06;207569
178;0.0978702;39519.2;98598.8;6.60998e+06;207967
179;0.0953467;35926.9;90231.1;6.62158e+06;208332
180;0.0930968;32661.1;82551.8;6.63219e+06;208666
181;0.0910868;29692.2;75507.1;6.6419e+06;208971
182;0.0892879;26993.2;69047.2;6.65078e+06;209251
183;0.0876754;24539.5;63125.4;6.6589e+06;209506
184;0.0862278;22308.9;57698.9;6.66632e+06;209740
185;0.0849263;20281;52727.9;6.67311e+06;209953
186;0.083755;18437.5;48175.6;6.67931e+06;210148
187;0.0826994;16761.5;44007.9;6.68497e+06;210327
188;0.0817474;15237.9;40193.3;6.69015e+06;210489
189;0.0808878;13852.8;36703;6.69488e+06;210638
190;0.0801111;12593.5;33510.1;6.69919e+06;210774
191;0.0794088;11448.8;30590.1;6.70313e+06;210898
192;0.0787733;10408.1;27920.2;6.70673e+06;211011
193;0.0781979;9462;25479.6;6.71001e+06;211114
194;0.0776766;8601.91;23249;6.71301e+06;211209
195;0.0772041;7819.99;21210.8;6.71574e+06;211295
196;0.0767757;7109.16;19348.8;6.71824e+06;211373
197;0.076387;6462.94;17648;6.72051e+06;211445
198;0.0760343;5875.45;16094.8;6.72259e+06;211510
199;0.0757141;5341.38;14676.6;6.72448e+06;211570
200;0.0754233;4855.85;13381.8;6.72621e+06;211624
201;0.0751593;4414.45;12200;6.72778e+06;211673
202;0.0749193;4013.18;11121.4;6.72922e+06;211719
203;0.0747013;3648.38;10137.2;6.73052e+06;211760
204;0.0745032;3316.74;9239.19;6.73172e+06;211797
205;0.0743231;3015.25;8419.97;6.7328e+06;211831
206;0.0741593;2741.16;7672.71;6.73379e+06;211863
207;0.0740104;2491.99;6991.18;6.7347e+06;211891
208;0.073875;2265.47;6369.67;6.73552e+06;211917
209;0.0737519;2059.54;5802.96;6.73627e+06;211940
210;0.0736399;1872.33;5286.28;6.73695e+06;211962
211;0.0735381;1702.13;4815.25;6.73757e+06;211981
212;0.0734454;1547.41;4385.88;6.73814e+06;211999
213;0.0733611;1406.75;3994.53;6.73865e+06;212015
214;0.0732845;1278.88;3637.87;6.73912e+06;212030
215;0.0732147;1162.63;3312.85;6.73955e+06;212044
216;0.0731512;1056.94;3016.68;6.73994e+06;212056
217;0.0730935;960.867;2746.83;6.7403e+06;212067
218;0.0730409;873.525;2500.98;6.74062e+06;212077
219;0.0729931;794.121;2277.02;6.74091e+06;212087
220;0.0729497;721.936;2073;6.74118e+06;212095
221;0.0729101;656.312;1887.17;6.74142e+06;212103
222;0.0728741;596.653;1717.92;6.74165e+06;212110
223;0.0728413;542.417;1563.77;6.74185e+06;212116
224;0.0728115;493.112;1423.39;6.74203e+06;212122
225;0.0727844;448.288;1295.56;6.7422e+06;212127
226;0.0727597;407.538;1179.15;6.74235e+06;212132
227;0.0727373;370.493;1073.17;6.74249e+06;212136
228;0.0727168;336.815;976.671;6.74262e+06;212140
229;0.0726983;306.199;888.817;6.74273e+06;212144
230;0.0726814;278.365;808.837;6.74284e+06;212147
231;0.072666;253.062;736.028;6.74293e+06;212150
232;0.072652;230.059;669.752;6.74302e+06;212153
233;0.0726392;209.146;609.423;6.7431e+06;212155
234;0.0726277;190.135;554.511;6.74317e+06;212157
235;0.0726171;172.852;504.532;6.74323e+06;212160
236;0.0726075;157.14;459.045;6.74329e+06;212161
237;0.0725988;142.856;417.647;6.74335e+06;212163
238;0.0725909;129.87;379.972;6.7434e+06;212165
239;0.0725837;118.065;345.686;6.74344e+06;212166
240;0.0725771;107.333;314.487;6.74348e+06;212167
241;0.0725711;97.5762;286.096;6.74352e+06;212169
242;0.0725657;88.7065;260.262;6.74355e+06;212170
243;0.0725607;80.6431;236.756;6.74358e+06;212171
244;0.0725563;73.3127;215.368;6.74361e+06;212171
245;0.0725522;66.6485;195.908;6.74364e+06;212172
246;0.0725484;60.5902;178.203;6.74366e+06;212173
247;0.0725451;55.0825;162.094;6.74368e+06;212174
248;0.072542;50.0755;147.439;6.7437e+06;212174
249;0.0725392;45.5237;134.107;6.74372e+06;212175
250;0.0725366;41.3856;121.978;6.74373e+06;212175
251;0.0725343;37.6236;110.944;6.74375e+06;212176
252;0.0725322;34.2036;100.906;6.74376e+06;212176
253;0.0725303;31.0945;91.7754;6.74377e+06;212176
254;0.0725286;28.268;83.4696;6.74378e+06;212177
255;0.072527;25.6985;75.9143;6.74379e+06;212177
256;0.0725255;23.3625;69.0419;6.7438e+06;212177
257;0.0725242;21.2388;62.7907;6.74381e+06;212178
258;0.072523;19.3082;57.1048;6.74382e+06;212178
259;0.072522;17.5531;51.9331;6.74382e+06;212178
260;0.072521;15.9575;47.2292;6.74383e+06;212178
261;0.0725201;14.507;42.9509;6.74383e+06;212178
262;0.0725193;13.1883;39.0596;6.74384e+06;212179
263;0.0725185;11.9895;35.5205;6.74384e+06;212179
264;0.0725178;10.8997;32.3017;6.74385e+06;212179
265;0.0725172;9.90887;29.3743;6.74385e+06;212179
266;0.0725167;9.00816;26.7119;6.74386e+06;212179
267;0.0725162;8.18932;24.2906;6.74386e+06;212179
268;0.0725157;7.44491;22.0885;6.74386e+06;212179
269;0.0725153;6.76817;20.0859;6.74386e+06;212179
270;0.0725149;6.15294;18.2647;6.74387e+06;212179
271;0.0725146;5.59364;16.6085;6.74387e+06;212180
272;0.0725142;5.08518;15.1024;6.74387e+06;212180
273;0.072514;4.62294;13.7327;6.74387e+06;212180
274;0.0725137;4.20271;12.4872;6.74387e+06;212180
275;0.0725135;3.82068;11.3545;6.74388e+06;212180
276;0.0725132;3.47338;10.3245;6.74388e+06;212180
277;0.072513;3.15765;9.38786;6.74388e+06;212180
278;0.0725129;2.87062;8.53614;6.74388e+06;212180
279;0.0725127;2.60968;7.76165;6.74388e+06;212180
280;0.0725126;2.37246;7.05738;6.74388e+06;212180
281;0.0725124;2.15681;6.41698;6.74388e+06;212180
282;0.0725123;1.96075;5.83465;6.74388e+06;212180
283;0.0725122;1.78252;5.30514;6.74388e+06;212180
284;0.0725121;1.62049;4.82366;6.74388e+06;212180
285;0.072512;1.47319;4.38585;6.74388e+06;212180
286;0.0725119;1.33927;3.98776;6.74388e+06;212180
287;0.0725118;1.21753;3.62579;6.74389e+06;212180
288;0.0725118;1.10686;3.29665;6.74389e+06;212180
289;0.0725117;1.00625;2.99738;6.74389e+06;212180
290;0.0725117;0.91478;2.72527;6.74389e+06;212180
291;0.0725116;0.831626;2.47785;6.74389e+06;212180
292;0.0725116;0.756031;2.25288;6.74389e+06;212180
293;0.0725115;0.687308;2.04833;6.74389e+06;212180
294;0.0725115;0.624832;1.86234;6.74389e+06;212180
295;0.0725114;0.568035;1.69324;6.74389e+06;212180
296;0.0725114;0.5164;1.53948;6.74389e+06;212180
297;0.0725114;0.46946;1.39968;6.74389e+06;212180
298;0.0725113;0.426786;1.27258;6.74389e+06;212180
299;0.0725113;0.387991;1.15701;6.74389e+06;212180
300;0.0725113;0.352723;1.05193;6.74389e+06;212180
301;0.0725113;0.32066;0.956393;6.74389e+06;212180
302;0.0725113;0.291512;0.869531;6.74389e+06;212180
303;0.0725112;0.265014;0.790555;6.74389e+06;212180
304;0.0725112;0.240924;0.718751;6.74389e+06;212180
305;0.0725112;0.219024;0.653466;6.74389e+06;212180
306;0.0725112;0.199115;0.59411;6.74389e+06;212180
307;0.0725112;0.181015;0.540144;6.74389e+06;212180
308;0.0725112;0.164561;0.491079;6.74389e+06;212180
