226;3.19893e+07;1.7647;0.8787;0.1176;0.0037
227;3.19893e+07;3.15493;0.932525;0.220935;0.00695119
228;3.19893e+07;4.51377;1.10619;0.3306;0.0104015
229;3.19892e+07;6.05557;1.38231;0.460688;0.0144944
230;3.19892e+07;7.94449;1.76509;0.623248;0.019609
231;3.19892e+07;10.3372;2.27314;0.830823;0.0261398
232;3.19892e+07;13.4089;2.93706;1.09814;0.0345505
233;3.19892e+07;17.3731;3.79967;1.44354;0.0454176
234;3.19892e+07;22.4991;4.91798;1.89038;0.0594763
235;3.19892e+07;29.1327;6.3666;2.46874;0.0776729
236;3.19892e+07;37.7197;8.2425;3.21745;0.101229
237;3.19892e+07;48.8365;10.6714;4.18677;0.131727
238;3.19892e+07;63.229;13.8162;5.44172;0.171211
239;3.19891e+07;81.8629;17.8878;7.06651;0.222331
240;3.19891e+07;105.988;23.1594;9.17012;0.288516
241;3.19891e+07;137.223;29.9844;11.8937;0.374205
242;3.1989e+07;177.663;38.8209;15.4198;0.485148
243;3.1989e+07;230.02;50.2614;19.9852;0.628785
244;3.19889e+07;297.807;65.0735;25.8959;0.814752
245;3.19888e+07;385.57;84.2507;33.5486;1.05552
246;3.19886e+07;499.196;109.079;43.4564;1.36725
247;3.19884e+07;646.308;141.225;56.2842;1.77085
248;3.19882e+07;836.772;182.844;72.8922;2.29338
249;3.19878e+07;1083.36;236.727;94.3947;2.9699
250;3.19874e+07;1402.62;306.49;122.234;3.84579
251;3.19869e+07;1815.95;396.811;158.277;4.97981
252;3.19862e+07;2351.08;513.748;204.942;6.44801
253;3.19853e+07;3043.89;665.144;265.359;8.34887
254;3.19841e+07;3940.84;861.152;343.58;10.8099
255;3.19826e+07;5102.04;1114.92;444.851;13.9962
256;3.19806e+07;6605.35;1443.45;575.965;18.1214
257;3.19781e+07;8551.5;1868.79;745.715;23.4621
258;3.19748e+07;11070.9;2419.44;965.485;30.3766
259;3.19705e+07;14332.2;3132.3;1250.01;39.3286
260;3.1965e+07;18553.7;4055.15;1618.37;50.9181
261;3.19578e+07;24017.9;5249.79;2095.25;65.9221
262;3.19486e+07;31089.9;6796.21;2712.63;85.3463
263;3.19366e+07;40241.9;8797.9;3511.86;110.492
264;3.19211e+07;52084;11388.7;4546.5;143.045
265;3.1901e+07;67404.5;14741.7;5885.81;185.183
266;3.18751e+07;87220.5;19080.6;7619.43;239.727
267;3.18415e+07;112844;24694.5;9863.31;310.325
268;3.17982e+07;145964;31956.5;12767.4;401.695
269;3.17421e+07;188753;41348.3;16525.5;519.934
270;3.16697e+07;244000;53490.4;21388;672.922
271;3.15763e+07;315274;69181.6;27678.5;870.837
272;3.14557e+07;407128;89448.3;35814.3;1126.81
273;3.13005e+07;525342;115606;46333.4;1457.77
274;3.11009e+07;677215;149337;59928.7;1885.51
275;3.08447e+07;871887;192781;77490.6;2438.06
276;3.05166e+07;1.12069e+06;248651;100162;3151.35
277;3.0098e+07;1.43745e+06;320360;129403;4071.36
278;2.9566e+07;1.83877e+06;412165;167077;5256.69
279;2.88936e+07;2.34398e+06;529313;215548;6781.7
280;2.80498e+07;2.97478e+06;678176;277795;8740.16
281;2.70001e+07;3.75405e+06;866320;357549;11249.4
282;2.57093e+07;4.70362e+06;1.10248e+06;459428;14454.8
283;2.4145e+07;5.84037e+06;1.39631e+06;589080;18534
284;2.22841e+07;7.17039e+06;1.75783e+06;753285;23700.3
285;2.01215e+07;8.68112e+06;2.19639e+06;960006;30204.3
286;1.76812e+07;1.03323e+07;2.71908e+06;1.2183e+06;38330.9
287;1.50259e+07;1.20485e+07;3.32847e+06;1.53807e+06;48391.5
288;1.22627e+07;1.37164e+07;4.01993e+06;1.92949e+06;60706.8
289;9.53814e+06;1.51942e+07;4.77913e+06;2.40224e+06;75580.6
290;7.01753e+06;1.63336e+07;5.58057e+06;2.96426e+06;93263.4
291;4.85083e+06;1.70156e+07;6.38838e+06;3.62054e+06;113911
292;3.13521e+06;1.71845e+07;7.16019e+06;4.37181e+06;137548
293;1.89147e+06;1.68662e+07;7.85373e+06;5.21385e+06;164041
294;1.06776e+06;1.61567e+07;8.4342e+06;6.13745e+06;193100
295;567940;1.51879e+07;8.87978e+06;7.12931e+06;224307
296;287766;1.40875e+07;9.18325e+06;8.17357e+06;257162
297;140803;1.29539e+07;9.34987e+06;9.25352e+06;291140
298;67511.5;1.18497e+07;9.39325e+06;1.03531e+07;325734
299;32168.4;1.08079e+07;9.33098e+06;1.14577e+07;360489
300;15421.1;9.84221e+06;9.18157e+06;1.2555e+07;395014
301;7512.57;8.95546e+06;8.96251e+06;1.36348e+07;428986
302;3747.72;8.14518e+06;8.6894e+06;1.46888e+07;462147
303;1924.9;7.4066e+06;8.37578e+06;1.57107e+07;494298
304;1021.54;6.73425e+06;8.03306e+06;1.66956e+07;525288
305;561.289;6.12256e+06;7.67079e+06;1.76403e+07;555010
306;319.58;5.56626e+06;7.29686e+06;1.85424e+07;583392
307;188.548;5.06042e+06;6.91773e+06;1.94005e+07;610391
308;115.195;4.6005e+06;6.5386e+06;2.02141e+07;635986
309;72.8009;4.18236e+06;6.16365e+06;2.0983e+07;660179
310;47.5255;3.80221e+06;5.79618e+06;2.17078e+07;682985
311;31.9978;3.4566e+06;5.43872e+06;2.23895e+07;704431
312;22.1814;3.14241e+06;5.09321e+06;2.30291e+07;724554
313;15.8047;2.85677e+06;4.76105e+06;2.3628e+07;743399
314;11.5549;2.59709e+06;4.44321e+06;2.41879e+07;761015
315;8.65363;2.36102e+06;4.14033e+06;2.47104e+07;777454
316;6.62789;2.14641e+06;3.85272e+06;2.51973e+07;792774
317;5.18342;1.9513e+06;3.5805e+06;2.56504e+07;807029
318;4.1331;1.77393e+06;3.32355e+06;2.60715e+07;820277
319;3.35537;1.61268e+06;3.08166e+06;2.64623e+07;832574
320;2.76971;1.46609e+06;2.85444e+06;2.68247e+07;843976
321;2.32176;1.33282e+06;2.64147e+06;2.71604e+07;854537
322;1.97415;1.21167e+06;2.44221e+06;2.74711e+07;864311
323;1.7008;1.10153e+06;2.25611e+06;2.77583e+07;873347
324;1.48318;1.0014e+06;2.08257e+06;2.80236e+07;881695
325;1.30795;910371;1.92098e+06;2.82685e+07;889400
326;1.16538;827618;1.77072e+06;2.84944e+07;896508
327;1.04826;752388;1.63116e+06;2.87026e+07;903059
328;0.951195;683996;1.5017e+06;2.88945e+07;909095
329;0.870092;621821;1.38172e+06;2.90711e+07;914651
330;0.801819;565297;1.27064e+06;2.92336e+07;919763
331;0.743952;513912;1.16789e+06;2.9383e+07;924465
332;0.694595;467197;1.07294e+06;2.95203e+07;928786
333;0.652253;424729;985263;2.96465e+07;932756
334;0.615736;386121;904359;2.97624e+07;936401
335;0.584092;351023;829758;2.98687e+07;939747
336;0.556546;319115;761017;2.99663e+07;942817
337;0.532472;290107;697713;3.00558e+07;945633
338;0.511353;263737;639451;3.01379e+07;948215
339;0.492764;239763;585859;3.02131e+07;950581
340;0.47635;217969;536589;3.0282e+07;952748
341;0.461817;198155;491314;3.03451e+07;954734
342;0.448915;180143;449730;3.04028e+07;956552
343;0.437434;163768;411553;3.04557e+07;958216
344;0.427196;148881;376518;3.05041e+07;959738
345;0.418049;135348;344380;3.05484e+07;961132
346;0.409861;123045;314910;3.05889e+07;962406
347;0.40252;111860;287896;3.06259e+07;963571
348;0.395928;101692;263142;3.06598e+07;964636
349;0.390002;92448.3;240467;3.06907e+07;965610
350;0.384668;84044.8;219702;3.0719e+07;966499
351;0.37986;76405.1;200692;3.07448e+07;967312
352;0.375524;69459.9;183293;3.07684e+07;968055
353;0.371608;63146;167373;3.079e+07;968733
354;0.36807;57406;152811;3.08097e+07;969352
355;0.36487;52187.8;139493;3.08277e+07;969918
356;0.361975;47443.9;127317;3.08441e+07;970434
357;0.359353;43131.3;116186;3.0859e+07;970905
358;0.356977;39210.7;106013;3.08727e+07;971335
359;0.354824;35646.4;96717.9;3.08852e+07;971727
360;0.352872;32406.2;88226.3;3.08965e+07;972085
361;0.351101;29460.4;80470.1;3.09069e+07;972411
362;0.349493;26782.5;73387.1;3.09164e+07;972709
363;0.348034;24348;66919.7;3.0925e+07;972981
364;0.346709;22134.7;61015.6;3.09329e+07;973228
365;0.345505;20122.7;55626.5;3.09401e+07;973454
366;0.344412;18293.5;50708.1;3.09466e+07;973660
367;0.343418;16630.7;46220.1;3.09526e+07;973848
368;0.342515;15118.9;42125.3;3.0958e+07;974019
369;0.341694;13744.6;38389.8;3.09629e+07;974174
370;0.340948;12495.2;34982.5;3.09675e+07;974316
371;0.340269;11359.4;31875;3.09716e+07;974446
372;0.339652;10326.8;29041.1;3.09753e+07;974564
373;0.339091;9388.14;26457.1;3.09787e+07;974671
374;0.33858;8534.76;24101.3;3.09819e+07;974769
375;0.338116;7758.95;21953.6;3.09847e+07;974858
376;0.337693;7053.66;19995.9;3.09873e+07;974940
377;0.337309;6412.48;18211.6;3.09896e+07;975014
378;0.33696;5829.59;16585.4;3.09918e+07;975081
379;0.336642;5299.68;15103.5;3.09937e+07;975142
380;0.336352;4817.94;13753.2;3.09955e+07;975198
381;0.336089;4379.99;12522.9;3.09971e+07;975249
382;0.33585;3981.85;11402;3.09986e+07;975295
383;0.335632;3619.9;10380.9;3.09999e+07;975338
384;0.335434;3290.85;9450.73;3.10011e+07;975376
385;0.335253;2991.71;8603.5;3.10023e+07;975411
386;0.335089;2719.76;7831.84;3.10033e+07;975443
387;0.33494;2472.54;7129.06;3.10042e+07;975472
388;0.334804;2247.78;6489.06;3.1005e+07;975498
389;0.33468;2043.46;5906.26;3.10058e+07;975522
390;0.334568;1857.71;5375.58;3.10065e+07;975544
391;0.334465;1688.84;4892.39;3.10071e+07;975564
392;0.334372;1535.33;4452.46;3.10077e+07;975582
393;0.334288;1395.77;4051.94;3.10082e+07;975598
394;0.334211;1268.89;3687.31;3.10087e+07;975613
395;0.33414;1153.55;3355.38;3.10091e+07;975627
396;0.334077;1048.69;3053.23;3.10095e+07;975640
397;0.334019;953.366;2778.2;3.10099e+07;975651
398;0.333966;866.705;2527.87;3.10102e+07;975661
399;0.333918;787.922;2300.02;3.10105e+07;975670
400;0.333874;716.3;2092.65;3.10108e+07;975679
401;0.333834;651.188;1903.92;3.1011e+07;975687
402;0.333798;591.995;1732.17;3.10112e+07;975694
403;0.333765;538.183;1575.87;3.10114e+07;975700
404;0.333735;489.262;1433.64;3.10116e+07;975706
405;0.333708;444.788;1304.21;3.10118e+07;975711
406;0.333683;404.357;1186.44;3.10119e+07;975716
407;0.333661;367.601;1079.28;3.10121e+07;975720
408;0.33364;334.186;981.781;3.10122e+07;975724
409;0.333622;303.809;893.068;3.10123e+07;975728
410;0.333605;276.192;812.355;3.10124e+07;975731
411;0.333589;251.087;738.923;3.10125e+07;975734
412;0.333575;228.263;672.115;3.10126e+07;975737
413;0.333562;207.514;611.337;3.10127e+07;975740
414;0.333551;188.651;556.044;3.10128e+07;975742
415;0.33354;171.502;505.745;3.10128e+07;975744
416;0.333531;155.913;459.987;3.10129e+07;975746
417;0.333522;141.74;418.363;3.10129e+07;975748
418;0.333514;128.856;380.5;3.1013e+07;975749
419;0.333507;117.143;346.058;3.1013e+07;975751
420;0.3335;106.495;314.73;3.10131e+07;975752
421;0.333494;96.8145;286.234;3.10131e+07;975753
422;0.333489;88.014;260.314;3.10132e+07;975754
423;0.333484;80.0136;236.738;3.10132e+07;975755
424;0.333479;72.7403;215.295;3.10132e+07;975756
425;0.333475;66.1282;195.792;3.10132e+07;975757
426;0.333472;60.1172;178.053;3.10133e+07;975757
427;0.333468;54.6525;161.92;3.10133e+07;975758
428;0.333465;49.6846;147.247;3.10133e+07;975759
429;0.333462;45.1683;133.902;3.10133e+07;975759
430;0.33346;41.0625;121.766;3.10133e+07;975760
431;0.333458;37.3299;110.728;3.10133e+07;975760
432;0.333455;33.9366;100.69;3.10134e+07;975761
433;0.333454;30.8518;91.5613;3.10134e+07;975761
434;0.333452;28.0474;83.2594;3.10134e+07;975761
435;0.33345;25.4979;75.7095;3.10134e+07;975762
436;0.333449;23.1801;68.8437;3.10134e+07;975762
437;0.333447;21.073;62.6;3.10134e+07;975762
438;0.333446;19.1575;56.9222;3.10134e+07;975762
439;0.333445;17.4161;51.7589;3.10134e+07;975763
440;0.333444;15.833;47.0637;3.10134e+07;975763
441;0.333443;14.3937;42.7941;3.10134e+07;975763
442;0.333443;13.0854;38.9116;3.10134e+07;975763
443;0.333442;11.8959;35.3811;3.10134e+07;975763
444;0.333441;10.8146;32.1707;3.10135e+07;975763
445;0.333441;9.83152;29.2514;3.10135e+07;975763
446;0.33344;8.93784;26.5969;3.10135e+07;975764
447;0.333439;8.12539;24.1831;3.10135e+07;975764
448;0.333439;7.38679;21.9883;3.10135e+07;975764
449;0.333439;6.71533;19.9926;3.10135e+07;975764
450;0.333438;6.10491;18.1779;3.10135e+07;975764
451;0.333438;5.54997;16.5279;3.10135e+07;975764
452;0.333438;5.04548;15.0275;3.10135e+07;975764
453;0.333437;4.58685;13.6633;3.10135e+07;975764
454;0.333437;4.1699;12.4229;3.10135e+07;975764
455;0.333437;3.79086;11.2951;3.10135e+07;975764
456;0.333437;3.44627;10.2696;3.10135e+07;975764
457;0.333436;3.133;9.33713;3.10135e+07;975764
458;0.333436;2.84821;8.48932;3.10135e+07;975764
459;0.333436;2.58931;7.71847;3.10135e+07;975764
460;0.333436;2.35394;7.01759;3.10135e+07;975764
461;0.333436;2.13997;6.38033;3.10135e+07;975764
462;0.333436;1.94545;5.80092;3.10135e+07;975764
463;0.333435;1.76861;5.27411;3.10135e+07;975764
464;0.333435;1.60784;4.79512;3.10135e+07;975764
465;0.333435;1.46169;4.35963;3.10135e+07;975764
466;0.333435;1.32882;3.96367;3.10135e+07;975764
467;0.333435;1.20803;3.60367;3.10135e+07;975764
468;0.333435;1.09822;3.27635;3.10135e+07;975764
469;0.333435;0.998392;2.97876;3.10135e+07;975765
470;0.333435;0.907638;2.70819;3.10135e+07;975765
471;0.333435;0.825134;2.46219;3.10135e+07;975765
472;0.333435;0.750129;2.23853;3.10135e+07;975765
473;0.333435;0.681943;2.03519;3.10135e+07;975765
474;0.333435;0.619954;1.85031;3.10135e+07;975765
475;0.333435;0.5636;1.68222;3.10135e+07;975765
476;0.333435;0.512369;1.5294;3.10135e+07;975765
477;0.333435;0.465795;1.39045;3.10135e+07;975765
478;0.333435;0.423454;1.26413;3.10135e+07;975765
479;0.333435;0.384962;1.14929;3.10135e+07;975765
480;0.333435;0.349969;1.04487;3.10135e+07;975765
481;0.333435;0.318157;0.94994;3.10135e+07;975765
482;0.333435;0.289236;0.863633;3.10135e+07;975765
483;0.333435;0.262945;0.785165;3.10135e+07;975765
484;0.333435;0.239043;0.713827;3.10135e+07;975765
485;0.333435;0.217314;0.648968;3.10135e+07;975765
486;0.333435;0.19756;0.590002;3.10135e+07;975765
487;0.333435;0.179602;0.536393;3.10135e+07;975765
488;0.333434;0.163276;0.487655;3.10135e+07;975765
