190;1.06652e+08;1.7647;0.8787;0.1176;0.0037
191;1.06652e+08;3.15493;0.932525;0.220935;0.00695119
192;1.06652e+08;4.51377;1.10619;0.3306;0.0104015
193;1.06652e+08;6.05557;1.38231;0.460688;0.0144944
194;1.06652e+08;7.94449;1.76509;0.623248;0.019609
195;1.06652e+08;10.3372;2.27314;0.830823;0.0261398
196;1.06652e+08;13.4089;2.93706;1.09814;0.0345505
197;1.06652e+08;17.3731;3.79967;1.44354;0.0454176
198;1.06652e+08;22.4992;4.91798;1.89038;0.0594763
199;1.06652e+08;29.1327;6.3666;2.46874;0.0776729
200;1.06652e+08;37.7197;8.2425;3.21745;0.101229
201;1.06652e+08;48.8365;10.6714;4.18677;0.131727
202;1.06652e+08;63.2291;13.8162;5.44173;0.171211
203;1.06652e+08;81.863;17.8878;7.06651;0.222331
204;1.06652e+08;105.988;23.1594;9.17012;0.288516
205;1.06652e+08;137.223;29.9845;11.8937;0.374205
206;1.06652e+08;177.663;38.821;15.4198;0.485148
207;1.06652e+08;230.021;50.2616;19.9852;0.628785
208;1.06652e+08;297.808;65.0737;25.8959;0.814753
209;1.06651e+08;385.573;84.251;33.5486;1.05553
210;1.06651e+08;499.201;109.08;43.4565;1.36725
211;1.06651e+08;646.316;141.226;56.2843;1.77085
212;1.06651e+08;836.785;182.845;72.8925;2.29339
213;1.06651e+08;1083.39;236.73;94.3951;2.96991
214;1.0665e+08;1402.66;306.494;122.235;3.84582
215;1.0665e+08;1816.02;396.818;158.278;4.97984
216;1.06649e+08;2351.19;513.76;204.944;6.44807
217;1.06648e+08;3044.07;665.164;265.362;8.34898
218;1.06647e+08;3941.14;861.186;343.586;10.8101
219;1.06645e+08;5102.55;1114.97;444.861;13.9965
220;1.06643e+08;6606.2;1443.55;575.982;18.1219
221;1.06641e+08;8552.92;1868.95;745.743;23.463
222;1.06637e+08;11073.3;2419.71;965.532;30.3781
223;1.06633e+08;14336.2;3132.76;1250.09;39.3311
224;1.06628e+08;18560.4;4055.91;1618.5;50.9222
225;1.0662e+08;24029.1;5251.07;2095.48;65.9291
226;1.06611e+08;31108.7;6798.36;2713;85.3581
227;1.06599e+08;40273.4;8801.5;3512.49;110.512
228;1.06584e+08;52136.9;11394.7;4547.55;143.078
229;1.06564e+08;67493.1;14751.8;5887.57;185.238
230;1.06538e+08;87369;19097.5;7622.38;239.82
231;1.06504e+08;113093;24722.8;9868.25;310.481
232;1.0646e+08;146380;32004.1;12775.7;401.955
233;1.06404e+08;189451;41428;16539.3;520.37
234;1.06331e+08;245168;53623.8;21411.3;673.654
235;1.06237e+08;317228;69405;27717.4;872.062
236;1.06115e+08;410395;89822.2;35879.5;1128.86
237;1.05957e+08;530803;116232;46442.5;1461.2
238;1.05753e+08;686333;150383;60111.4;1891.26
239;1.0549e+08;887094;194529;77796.4;2447.68
240;1.05151e+08;1.14601e+06;251570;100673;3167.43
241;1.04713e+08;1.47955e+06;325227;130258;4098.24
242;1.04149e+08;1.90857e+06;420267;168504;5301.58
243;1.03425e+08;2.45936e+06;542778;217928;6856.57
244;1.02496e+08;3.16472e+06;700495;281758;8864.85
245;1.01308e+08;4.06514e+06;903198;364136;11456.7
246;9.97938e+07;5.20979e+06;1.16316e+06;470353;14798.5
247;9.78729e+07;6.65713e+06;1.49564e+06;607140;19102.2
248;9.54504e+07;8.47453e+06;1.91935e+06;783028;24636.1
249;9.24183e+07;1.07362e+07;2.45687e+06;1.00874e+06;31737.7
250;8.86602e+07;1.35184e+07;3.13477e+06;1.29767e+06;40828.1
251;8.40597e+07;1.68901e+07;3.98335e+06;1.66632e+06;52426.7
252;7.85166e+07;2.08979e+07;5.03548e+06;2.13476e+06;67165.1
253;7.19706e+07;2.55443e+07;6.32429e+06;2.72694e+06;85796.4
254;6.44333e+07;3.07597e+07;7.87913e+06;3.47067e+06;109196
255;5.60244e+07;3.63724e+07;9.71945e+06;4.39726e+06;138349
256;4.70028e+07;4.20878e+07;1.18467e+07;5.54027e+06;174311
257;3.77742e+07;4.74906e+07;1.42355e+07;6.93344e+06;218144
258;2.88584e+07;5.20895e+07;1.68256e+07;8.60754e+06;270815
259;2.08037e+07;5.54093e+07;1.95196e+07;1.05862e+07;333070
260;1.40635e+07;5.71128e+07;2.21886e+07;1.28817e+07;405293
261;8.88054e+06;5.71042e+07;2.46887e+07;1.54911e+07;487391
262;5.23612e+06;5.55579e+07;2.68847e+07;1.83945e+07;578739
263;2.89416e+06;5.28496e+07;2.86738e+07;2.15561e+07;678212
264;1.51225e+06;4.94275e+07;2.99997e+07;2.49282e+07;784305
265;756028;4.56907e+07;3.08537e+07;2.84562e+07;895304
266;366796;4.19267e+07;3.12644e+07;3.20845e+07;1.00946e+06
267;175235;3.83071e+07;3.12832e+07;3.57612e+07;1.12514e+06
268;83562.3;3.49167e+07;3.09707e+07;3.94401e+07;1.24089e+06
269;40236.6;3.17861e+07;3.03878e+07;4.30823e+07;1.35548e+06
270;19744.9;2.89172e+07;2.95911e+07;4.66559e+07;1.46792e+06
271;9942.38;2.62984e+07;2.86303e+07;5.01358e+07;1.5774e+06
272;5161.7;2.39127e+07;2.7548e+07;5.35027e+07;1.68333e+06
273;2771.17;2.17414e+07;2.63801e+07;5.67424e+07;1.78526e+06
274;1540.98;1.97664e+07;2.51565e+07;5.98447e+07;1.88287e+06
275;888.022;1.79702e+07;2.39018e+07;6.28031e+07;1.97595e+06
276;530.192;1.63371e+07;2.2636e+07;6.56139e+07;2.06438e+06
277;327.693;1.48523e+07;2.13753e+07;6.82759e+07;2.14814e+06
278;209.411;1.35023e+07;2.01325e+07;7.07897e+07;2.22723e+06
279;138.164;1.2275e+07;1.89178e+07;7.31572e+07;2.30172e+06
280;93.9621;1.11593e+07;1.77389e+07;7.5382e+07;2.37171e+06
281;65.7557;1.01449e+07;1.66015e+07;7.74681e+07;2.43735e+06
282;47.2705;9.22276e+06;1.55099e+07;7.94204e+07;2.49877e+06
283;34.8483;8.38443e+06;1.44669e+07;8.12444e+07;2.55616e+06
284;26.3017;7.62229e+06;1.34742e+07;8.29457e+07;2.60969e+06
285;20.2907;6.92943e+06;1.25327e+07;8.45303e+07;2.65954e+06
286;15.9754;6.29955e+06;1.16423e+07;8.60041e+07;2.70591e+06
287;12.8178;5.72692e+06;1.08028e+07;8.73732e+07;2.74899e+06
288;10.466;5.20635e+06;1.0013e+07;8.86436e+07;2.78896e+06
289;8.68549;4.73309e+06;9.27165e+06;8.98212e+07;2.82601e+06
290;7.31677;4.30286e+06;8.57723e+06;9.09115e+07;2.86031e+06
291;6.24974;3.91173e+06;7.92795e+06;9.19202e+07;2.89205e+06
292;5.40706;3.55615e+06;7.32186e+06;9.28525e+07;2.92138e+06
293;4.73354;3.2329e+06;6.75697e+06;9.37136e+07;2.94847e+06
294;4.18927;2.93903e+06;6.23122e+06;9.45082e+07;2.97347e+06
295;3.74495;2.67187e+06;5.74253e+06;9.5241e+07;2.99653e+06
296;3.37883;2.429e+06;5.28884e+06;9.59163e+07;3.01777e+06
297;3.07453;2.2082e+06;4.8681e+06;9.65383e+07;3.03734e+06
298;2.81962;2.00748e+06;4.47832e+06;9.71108e+07;3.05536e+06
299;2.60453;1.825e+06;4.11758e+06;9.76374e+07;3.07193e+06
300;2.42182;1.65911e+06;3.78401e+06;9.81216e+07;3.08716e+06
301;2.26566;1.50829e+06;3.47582e+06;9.85666e+07;3.10116e+06
302;2.13146;1.37119e+06;3.19131e+06;9.89754e+07;3.11402e+06
303;2.01552;1.24655e+06;2.92885e+06;9.93507e+07;3.12583e+06
304;1.9149;1.13324e+06;2.68689e+06;9.96951e+07;3.13667e+06
305;1.82718;1.03023e+06;2.46398e+06;1.00011e+08;3.14661e+06
306;1.75043;936579;2.25875e+06;1.00301e+08;3.15572e+06
307;1.68301;851444;2.0699e+06;1.00566e+08;3.16408e+06
308;1.62361;774048;1.89621e+06;1.0081e+08;3.17174e+06
309;1.5711;703687;1.73656e+06;1.01033e+08;3.17876e+06
310;1.52457;639722;1.58988e+06;1.01237e+08;3.18518e+06
311;1.48323;581571;1.45518e+06;1.01424e+08;3.19106e+06
312;1.44642;528706;1.33153e+06;1.01595e+08;3.19645e+06
313;1.41357;480647;1.21808e+06;1.01752e+08;3.20138e+06
314;1.38419;436956;1.11402e+06;1.01895e+08;3.20588e+06
315;1.35789;397237;1.0186e+06;1.02026e+08;3.21e+06
316;1.33429;361128;931157;1.02146e+08;3.21377e+06
317;1.3131;328302;851034;1.02255e+08;3.21722e+06
318;1.29403;298459;777646;1.02355e+08;3.22037e+06
319;1.27686;271329;710448;1.02447e+08;3.22324e+06
320;1.26138;246665;648934;1.0253e+08;3.22587e+06
321;1.24742;224243;592640;1.02607e+08;3.22827e+06
322;1.2348;203860;541137;1.02676e+08;3.23047e+06
323;1.2234;185329;494028;1.0274e+08;3.23247e+06
324;1.21309;168482;450949;1.02798e+08;3.2343e+06
325;1.20375;153167;411564;1.02851e+08;3.23597e+06
326;1.1953;139245;375564;1.029e+08;3.23749e+06
327;1.18764;126587;342665;1.02944e+08;3.23888e+06
328;1.18069;115080;312607;1.02984e+08;3.24015e+06
329;1.1744;104620;285148;1.03021e+08;3.2413e+06
330;1.16868;95109.7;260070;1.03054e+08;3.24236e+06
331;1.16349;86464.3;237169;1.03085e+08;3.24332e+06
332;1.15879;78604.7;216260;1.03113e+08;3.2442e+06
333;1.15451;71459.5;197173;1.03138e+08;3.245e+06
334;1.15062;64963.8;179751;1.03161e+08;3.24573e+06
335;1.14709;59058.6;163853;1.03183e+08;3.24639e+06
336;1.14389;53690.2;149346;1.03202e+08;3.247e+06
337;1.14097;48809.8;136111;1.03219e+08;3.24755e+06
338;1.13832;44373;124037;1.03235e+08;3.24805e+06
339;1.13591;40339.5;113025;1.0325e+08;3.24851e+06
340;1.13372;36672.6;102982;1.03263e+08;3.24893e+06
341;1.13173;33339.1;93823.7;1.03275e+08;3.24931e+06
342;1.12992;30308.5;85473.4;1.03286e+08;3.24966e+06
343;1.12827;27553.5;77860.5;1.03297e+08;3.24998e+06
344;1.12677;25048.9;70920.7;1.03306e+08;3.25026e+06
345;1.1254;22771.9;64594.9;1.03314e+08;3.25053e+06
346;1.12416;20702;58829.5;1.03322e+08;3.25077e+06
347;1.12304;18820.2;53575.3;1.03329e+08;3.25098e+06
348;1.12201;17109.4;48787.4;1.03335e+08;3.25118e+06
349;1.12107;15554.2;44424.7;1.03341e+08;3.25136e+06
350;1.12022;14140.3;40449.9;1.03346e+08;3.25153e+06
351;1.11945;12854.9;36828.7;1.03351e+08;3.25168e+06
352;1.11875;11686.4;33529.9;1.03355e+08;3.25181e+06
353;1.11811;10624.1;30525;1.03359e+08;3.25194e+06
354;1.11752;9658.4;27788;1.03362e+08;3.25205e+06
355;1.11699;8780.45;25295.3;1.03366e+08;3.25215e+06
356;1.11651;7982.31;23025.1;1.03369e+08;3.25225e+06
357;1.11607;7256.72;20957.8;1.03371e+08;3.25233e+06
358;1.11567;6597.08;19075.2;1.03374e+08;3.25241e+06
359;1.11531;5997.41;17361.1;1.03376e+08;3.25248e+06
360;1.11498;5452.25;15800.3;1.03378e+08;3.25254e+06
361;1.11468;4956.64;14379.4;1.0338e+08;3.2526e+06
362;1.11441;4506.08;13085.7;1.03382e+08;3.25265e+06
363;1.11416;4096.48;11908;1.03383e+08;3.2527e+06
364;1.11393;3724.11;10835.9;1.03385e+08;3.25275e+06
365;1.11373;3385.59;9860.07;1.03386e+08;3.25279e+06
366;1.11354;3077.84;8971.79;1.03387e+08;3.25282e+06
367;1.11337;2798.06;8163.29;1.03388e+08;3.25286e+06
368;1.11321;2543.72;7427.42;1.03389e+08;3.25289e+06
369;1.11307;2312.49;6757.7;1.0339e+08;3.25291e+06
370;1.11294;2102.29;6148.2;1.03391e+08;3.25294e+06
371;1.11283;1911.19;5593.52;1.03391e+08;3.25296e+06
372;1.11272;1737.46;5088.75;1.03392e+08;3.25298e+06
373;1.11262;1579.53;4629.42;1.03393e+08;3.253e+06
374;1.11253;1435.95;4211.45;1.03393e+08;3.25302e+06
375;1.11245;1305.42;3831.13;1.03394e+08;3.25303e+06
376;1.11238;1186.76;3485.08;1.03394e+08;3.25305e+06
377;1.11232;1078.88;3170.21;1.03395e+08;3.25306e+06
378;1.11226;980.812;2883.74;1.03395e+08;3.25307e+06
379;1.1122;891.656;2623.1;1.03395e+08;3.25308e+06
380;1.11215;810.605;2385.97;1.03396e+08;3.25309e+06
381;1.11211;736.921;2170.23;1.03396e+08;3.2531e+06
382;1.11206;669.935;1973.97;1.03396e+08;3.25311e+06
383;1.11203;609.038;1795.42;1.03396e+08;3.25312e+06
384;1.11199;553.676;1633;1.03397e+08;3.25312e+06
385;1.11196;503.347;1485.25;1.03397e+08;3.25313e+06
386;1.11193;457.593;1350.84;1.03397e+08;3.25314e+06
387;1.11191;415.998;1228.58;1.03397e+08;3.25314e+06
388;1.11189;378.184;1117.37;1.03397e+08;3.25315e+06
389;1.11186;343.807;1016.21;1.03397e+08;3.25315e+06
390;1.11184;312.555;924.193;1.03398e+08;3.25315e+06
391;1.11183;284.143;840.499;1.03398e+08;3.25316e+06
392;1.11181;258.315;764.375;1.03398e+08;3.25316e+06
393;1.1118;234.834;695.138;1.03398e+08;3.25316e+06
394;1.11178;213.488;632.164;1.03398e+08;3.25317e+06
395;1.11177;194.082;574.888;1.03398e+08;3.25317e+06
396;1.11176;176.44;522.796;1.03398e+08;3.25317e+06
397;1.11175;160.401;475.42;1.03398e+08;3.25317e+06
398;1.11174;145.821;432.332;1.03398e+08;3.25317e+06
399;1.11173;132.566;393.145;1.03398e+08;3.25318e+06
400;1.11173;120.515;357.507;1.03398e+08;3.25318e+06
401;1.11172;109.561;325.096;1.03398e+08;3.25318e+06
402;1.11171;99.6016;295.621;1.03398e+08;3.25318e+06
403;1.11171;90.5478;268.816;1.03398e+08;3.25318e+06
404;1.1117;82.317;244.439;1.03398e+08;3.25318e+06
405;1.1117;74.8344;222.271;1.03398e+08;3.25318e+06
406;1.11169;68.0319;202.112;1.03398e+08;3.25318e+06
407;1.11169;61.8478;183.78;1.03398e+08;3.25318e+06
408;1.11169;56.2259;167.11;1.03399e+08;3.25318e+06
409;1.11168;51.115;151.95;1.03399e+08;3.25319e+06
410;1.11168;46.4686;138.165;1.03399e+08;3.25319e+06
411;1.11168;42.2446;125.63;1.03399e+08;3.25319e+06
412;1.11168;38.4046;114.231;1.03399e+08;3.25319e+06
413;1.11167;34.9136;103.866;1.03399e+08;3.25319e+06
414;1.11167;31.74;94.4403;1.03399e+08;3.25319e+06
415;1.11167;28.8548;85.8698;1.03399e+08;3.25319e+06
416;1.11167;26.2319;78.0767;1.03399e+08;3.25319e+06
417;1.11167;23.8474;70.9905;1.03399e+08;3.25319e+06
418;1.11166;21.6797;64.5471;1.03399e+08;3.25319e+06
419;1.11166;19.709;58.6882;1.03399e+08;3.25319e+06
420;1.11166;17.9175;53.3609;1.03399e+08;3.25319e+06
421;1.11166;16.2888;48.5169;1.03399e+08;3.25319e+06
422;1.11166;14.8081;44.1124;1.03399e+08;3.25319e+06
423;1.11166;13.4621;40.1077;1.03399e+08;3.25319e+06
424;1.11166;12.2384;36.4663;1.03399e+08;3.25319e+06
425;1.11166;11.1259;33.1554;1.03399e+08;3.25319e+06
426;1.11166;10.1146;30.145;1.03399e+08;3.25319e+06
427;1.11166;9.19514;27.4078;1.03399e+08;3.25319e+06
428;1.11166;8.3593;24.9191;1.03399e+08;3.25319e+06
429;1.11166;7.59944;22.6563;1.03399e+08;3.25319e+06
430;1.11166;6.90865;20.5989;1.03399e+08;3.25319e+06
431;1.11166;6.28066;18.7282;1.03399e+08;3.25319e+06
432;1.11165;5.70974;17.0274;1.03399e+08;3.25319e+06
433;1.11165;5.19073;15.481;1.03399e+08;3.25319e+06
434;1.11165;4.71889;14.075;1.03399e+08;3.25319e+06
435;1.11165;4.28995;12.7966;1.03399e+08;3.25319e+06
436;1.11165;3.89999;11.6344;1.03399e+08;3.25319e+06
437;1.11165;3.54548;10.5776;1.03399e+08;3.25319e+06
438;1.11165;3.2232;9.61684;1.03399e+08;3.25319e+06
439;1.11165;2.93021;8.7433;1.03399e+08;3.25319e+06
440;1.11165;2.66385;7.9491;1.03399e+08;3.25319e+06
441;1.11165;2.42171;7.22701;1.03399e+08;3.25319e+06
442;1.11165;2.20158;6.57051;1.03399e+08;3.25319e+06
443;1.11165;2.00145;5.97363;1.03399e+08;3.25319e+06
444;1.11165;1.81952;5.43096;1.03399e+08;3.25319e+06
445;1.11165;1.65413;4.93758;1.03399e+08;3.25319e+06
446;1.11165;1.50377;4.48901;1.03399e+08;3.25319e+06
447;1.11165;1.36707;4.08119;1.03399e+08;3.25319e+06
448;1.11165;1.24281;3.71041;1.03399e+08;3.25319e+06
449;1.11165;1.12984;3.3733;1.03399e+08;3.25319e+06
450;1.11165;1.02713;3.06683;1.03399e+08;3.25319e+06
451;1.11165;0.933767;2.78819;1.03399e+08;3.25319e+06
452;1.11165;0.848888;2.53486;1.03399e+08;3.25319e+06
453;1.11165;0.771724;2.30454;1.03399e+08;3.25319e+06
454;1.11165;0.701574;2.09515;1.03399e+08;3.25319e+06
455;1.11165;0.637801;1.90478;1.03399e+08;3.25319e+06
456;1.11165;0.579825;1.73171;1.03399e+08;3.25319e+06
457;1.11165;0.527119;1.57436;1.03399e+08;3.25319e+06
458;1.11165;0.479204;1.4313;1.03399e+08;3.25319e+06
459;1.11165;0.435644;1.30125;1.03399e+08;3.25319e+06
460;1.11165;0.396044;1.18301;1.03399e+08;3.25319e+06
461;1.11165;0.360044;1.07551;1.03399e+08;3.25319e+06
462;1.11165;0.327316;0.977777;1.03399e+08;3.25319e+06
463;1.11165;0.297563;0.888925;1.03399e+08;3.25319e+06
464;1.11165;0.270515;0.808147;1.03399e+08;3.25319e+06
465;1.11165;0.245925;0.734709;1.03399e+08;3.25319e+06
466;1.11165;0.22357;0.667943;1.03399e+08;3.25319e+06
467;1.11165;0.203248;0.607244;1.03399e+08;3.25319e+06
468;1.11165;0.184773;0.552061;1.03399e+08;3.25319e+06
469;1.11165;0.167977;0.501891;1.03399e+08;3.25319e+06
470;1.11165;0.152708;0.456281;1.03399e+08;3.25319e+06
