202;3.79747e+07;1.7647;0.8787;0.1176;0.0037
203;3.79747e+07;3.15493;0.932525;0.220935;0.00695119
204;3.79747e+07;4.51377;1.10619;0.3306;0.0104015
205;3.79747e+07;6.05557;1.38231;0.460688;0.0144944
206;3.79747e+07;7.94449;1.76509;0.623248;0.019609
207;3.79747e+07;10.3372;2.27314;0.830823;0.0261398
208;3.79747e+07;13.4089;2.93706;1.09814;0.0345505
209;3.79747e+07;17.3731;3.79967;1.44354;0.0454176
210;3.79747e+07;22.4991;4.91798;1.89038;0.0594763
211;3.79747e+07;29.1327;6.3666;2.46874;0.0776729
212;3.79747e+07;37.7197;8.2425;3.21745;0.101229
213;3.79747e+07;48.8365;10.6714;4.18677;0.131727
214;3.79747e+07;63.229;13.8162;5.44172;0.171211
215;3.79746e+07;81.8629;17.8878;7.06651;0.222331
216;3.79746e+07;105.988;23.1594;9.17012;0.288516
217;3.79746e+07;137.223;29.9845;11.8937;0.374205
218;3.79745e+07;177.663;38.8209;15.4198;0.485148
219;3.79745e+07;230.02;50.2615;19.9852;0.628785
220;3.79744e+07;297.807;65.0736;25.8959;0.814752
221;3.79742e+07;385.57;84.2508;33.5486;1.05552
222;3.79741e+07;499.197;109.08;43.4565;1.36725
223;3.79739e+07;646.31;141.225;56.2842;1.77085
224;3.79737e+07;836.775;182.844;72.8923;2.29338
225;3.79733e+07;1083.37;236.728;94.3948;2.9699
226;3.79729e+07;1402.63;306.491;122.234;3.8458
227;3.79724e+07;1815.97;396.813;158.277;4.97981
228;3.79717e+07;2351.11;513.751;204.942;6.44802
229;3.79708e+07;3043.93;665.148;265.36;8.3489
230;3.79696e+07;3940.9;861.159;343.581;10.8099
231;3.79681e+07;5102.16;1114.93;444.853;13.9962
232;3.79661e+07;6605.54;1443.47;575.969;18.1215
233;3.79636e+07;8551.82;1868.82;745.722;23.4623
234;3.79603e+07;11071.4;2419.5;965.495;30.377
235;3.7956e+07;14333.1;3132.4;1250.03;39.3291
236;3.79505e+07;18555.2;4055.32;1618.4;50.919
237;3.79433e+07;24020.4;5250.08;2095.3;65.9237
238;3.79341e+07;31094.1;6796.7;2712.71;85.349
239;3.79221e+07;40249;8798.71;3512.01;110.497
240;3.79066e+07;52095.9;11390.1;4546.73;143.052
241;3.78865e+07;67424.4;14744;5886.2;185.195
242;3.78606e+07;87253.9;19084.4;7620.09;239.748
243;3.7827e+07;112900;24700.8;9864.42;310.36
244;3.77836e+07;146057;31967.2;12769.2;401.753
245;3.77274e+07;188910;41366.2;16528.6;520.032
246;3.76549e+07;244262;53520.4;21393.2;673.087
247;3.75612e+07;315713;69231.8;27687.2;871.112
248;3.74404e+07;407860;89532.3;35828.9;1127.27
249;3.72846e+07;526565;115746;46357.9;1458.54
250;3.70841e+07;679253;149571;59969.7;1886.8
251;3.68263e+07;875279;193172;77559.3;2440.21
252;3.64957e+07;1.12632e+06;249303;100276;3154.95
253;3.60729e+07;1.44678e+06;321445;129594;4077.37
254;3.55339e+07;1.85417e+06;413967;167396;5266.72
255;3.48503e+07;2.3693e+06;532297;216079;6798.4
256;3.39881e+07;3.01614e+06;683098;278677;8767.9
257;3.29089e+07;3.82113e+06;874405;359009;11295.4
258;3.15713e+07;4.8114e+06;1.11568e+06;461839;14530.7
259;2.99338e+07;6.01152e+06;1.41771e+06;593043;18658.7
260;2.79608e+07;7.43812e+06;1.79218e+06;759765;23904.2
261;2.56306e+07;9.09213e+06;2.25092e+06;970526;30535.3
262;2.29475e+07;1.09488e+07;2.80436e+06;1.23523e+06;38863.7
263;1.99539e+07;1.29471e+07;3.45943e+06;1.56503e+06;49239.8
264;1.6742e+07;1.49822e+07;4.2167e+06;1.97186e+06;62039.7
265;1.3456e+07;1.69063e+07;5.06709e+06;2.46774e+06;77641.5
266;1.0281e+07;1.85445e+07;5.98924e+06;3.06363e+06;96389.7
267;7.4123e+06;1.97275e+07;6.94844e+06;3.76796e+06;118550
268;5.0114e+06;2.03352e+07;7.89882e+06;4.5851e+06;144259
269;3.1649e+06;2.03332e+07;8.78916e+06;5.514e+06;173485
270;1.86631e+06;1.97835e+07;9.57132e+06;6.54761e+06;206005
271;1.03168e+06;1.88198e+07;1.02086e+07;7.6732e+06;241419
272;539121;1.76017e+07;1.06811e+07;8.87373e+06;279191
273;269545;1.62712e+07;1.09854e+07;1.01298e+07;318710
274;130779;1.49309e+07;1.1132e+07;1.14217e+07;359357
275;62479.8;1.3642e+07;1.11389e+07;1.27308e+07;400545
276;29793.8;1.24346e+07;1.10278e+07;1.40408e+07;441759
277;14345.8;1.13198e+07;1.08204e+07;1.53376e+07;482561
278;7039.48;1.02981e+07;1.05369e+07;1.66101e+07;522597
279;3544.49;9.36552e+06;1.01949e+07;1.78492e+07;561583
280;1840.05;8.5159e+06;9.80954e+06;1.90482e+07;599304
281;987.81;7.74266e+06;9.39374e+06;2.02018e+07;635600
282;549.261;7.03929e+06;8.95809e+06;2.13065e+07;670357
283;316.503;6.39965e+06;8.51134e+06;2.23599e+07;703502
284;188.955;5.81805e+06;8.06065e+06;2.33609e+07;734993
285;116.779;5.28926e+06;7.61175e+06;2.43088e+07;764818
286;74.623;4.80851e+06;7.16924e+06;2.52039e+07;792981
287;49.2317;4.37144e+06;6.7367e+06;2.60471e+07;819508
288;33.4794;3.97409e+06;6.31691e+06;2.68393e+07;844433
289;23.4281;3.61286e+06;5.91191e+06;2.75822e+07;867806
290;16.8412;3.28446e+06;5.5232e+06;2.82774e+07;889680
291;12.415;2.9859e+06;5.1518e+06;2.89269e+07;910116
292;9.36976;2.71449e+06;4.7983e+06;2.95328e+07;929177
293;7.2281;2.46774e+06;4.46301e+06;3.00971e+07;946931
294;5.69067;2.24343e+06;4.14597e+06;3.06219e+07;963444
295;4.56574;2.0395e+06;3.84699e+06;3.11095e+07;978784
296;3.72793;1.85411e+06;3.56574e+06;3.15619e+07;993018
297;3.09362;1.68557e+06;3.30176e+06;3.19812e+07;1.00621e+06
298;2.60603;1.53235e+06;3.05447e+06;3.23695e+07;1.01843e+06
299;2.22593;1.39306e+06;2.82325e+06;3.27287e+07;1.02973e+06
300;1.92576;1.26643e+06;2.60742e+06;3.30607e+07;1.04018e+06
301;1.68585;1.15132e+06;2.40626e+06;3.33673e+07;1.04982e+06
302;1.49198;1.04666e+06;2.21904e+06;3.36503e+07;1.05873e+06
303;1.33371;951520;2.04501e+06;3.39113e+07;1.06694e+06
304;1.2033;865027;1.88344e+06;3.41518e+07;1.0745e+06
305;1.09492;786396;1.73361e+06;3.43733e+07;1.08147e+06
306;1.00412;714913;1.59481e+06;3.45771e+07;1.08789e+06
307;0.927513;649927;1.46634e+06;3.47647e+07;1.09379e+06
308;0.862436;590849;1.34755e+06;3.49371e+07;1.09921e+06
309;0.806819;537141;1.2378e+06;3.50956e+07;1.1042e+06
310;0.75902;488315;1.13648e+06;3.52412e+07;1.10878e+06
311;0.717729;443927;1.04302e+06;3.53748e+07;1.11298e+06
312;0.681891;403574;956852;3.54975e+07;1.11684e+06
313;0.650651;366889;877471;3.561e+07;1.12038e+06
314;0.623314;333539;804384;3.57132e+07;1.12363e+06
315;0.599304;303220;737131;3.58078e+07;1.12661e+06
316;0.578147;275658;675279;3.58945e+07;1.12933e+06
317;0.559449;250600;618425;3.59739e+07;1.13183e+06
318;0.542877;227821;566190;3.60466e+07;1.13412e+06
319;0.528154;207112;518220;3.61132e+07;1.13621e+06
320;0.515043;188285;474186;3.61741e+07;1.13813e+06
321;0.503343;171170;433783;3.62299e+07;1.13989e+06
322;0.492882;155611;396724;3.62809e+07;1.14149e+06
323;0.483514;141466;362747;3.63276e+07;1.14296e+06
324;0.47511;128607;331605;3.63702e+07;1.1443e+06
325;0.467562;116916;303071;3.64092e+07;1.14553e+06
326;0.460772;106289;276937;3.64449e+07;1.14665e+06
327;0.454657;96627;253006;3.64774e+07;1.14767e+06
328;0.449145;87843.6;231100;3.65072e+07;1.14861e+06
329;0.444171;79858.7;211052;3.65344e+07;1.14947e+06
330;0.439679;72599.5;192711;3.65592e+07;1.15025e+06
331;0.435619;66000.2;175934;3.65819e+07;1.15096e+06
332;0.431946;60000.8;160593;3.66025e+07;1.15161e+06
333;0.428621;54546.7;146567;3.66214e+07;1.1522e+06
334;0.425611;49588.4;133747;3.66387e+07;1.15275e+06
335;0.422883;45080.8;122031;3.66544e+07;1.15324e+06
336;0.420409;40983;111326;3.66687e+07;1.15369e+06
337;0.418166;37257.6;101548;3.66818e+07;1.15411e+06
338;0.416131;33870.9;92616.8;3.66938e+07;1.15448e+06
339;0.414284;30792.1;84461.2;3.67047e+07;1.15482e+06
340;0.412607;27993.1;77015.1;3.67146e+07;1.15514e+06
341;0.411084;25448.5;70217.7;3.67237e+07;1.15542e+06
342;0.4097;23135.2;64013.6;3.67319e+07;1.15568e+06
343;0.408443;21032.2;58351.7;3.67394e+07;1.15592e+06
344;0.407301;19120.4;53185.5;3.67463e+07;1.15613e+06
345;0.406263;17382.4;48472.1;3.67526e+07;1.15633e+06
346;0.405319;15802.3;44172.5;3.67583e+07;1.15651e+06
347;0.404461;14365.9;40250.8;3.67635e+07;1.15667e+06
348;0.403681;13060;36674.3;3.67682e+07;1.15682e+06
349;0.402971;11872.9;33412.8;3.67725e+07;1.15696e+06
350;0.402326;10793.6;30439.1;3.67764e+07;1.15708e+06
351;0.401739;9812.49;27728;3.678e+07;1.15719e+06
352;0.401205;8920.53;25256.5;3.67833e+07;1.1573e+06
353;0.400719;8109.66;23003.8;3.67862e+07;1.15739e+06
354;0.400277;7372.49;20950.6;3.6789e+07;1.15748e+06
355;0.399875;6702.33;19079.4;3.67914e+07;1.15755e+06
356;0.39951;6093.09;17374.4;3.67937e+07;1.15762e+06
357;0.399177;5539.23;15820.7;3.67957e+07;1.15769e+06
358;0.398874;5035.71;14405.2;3.67976e+07;1.15775e+06
359;0.398599;4577.97;13115.6;3.67993e+07;1.1578e+06
360;0.398348;4161.83;11940.8;3.68008e+07;1.15785e+06
361;0.39812;3783.52;10870.7;3.68022e+07;1.15789e+06
362;0.397913;3439.6;9895.99;3.68035e+07;1.15793e+06
363;0.397724;3126.94;9008.26;3.68046e+07;1.15797e+06
364;0.397552;2842.7;8199.8;3.68057e+07;1.158e+06
365;0.397396;2584.3;7463.57;3.68067e+07;1.15803e+06
366;0.397254;2349.39;6793.15;3.68075e+07;1.15806e+06
367;0.397125;2135.83;6182.7;3.68083e+07;1.15809e+06
368;0.397007;1941.68;5626.88;3.68091e+07;1.15811e+06
369;0.3969;1765.18;5120.84;3.68097e+07;1.15813e+06
370;0.396802;1604.73;4660.14;3.68103e+07;1.15815e+06
371;0.396714;1458.86;4240.73;3.68109e+07;1.15817e+06
372;0.396633;1326.25;3858.94;3.68114e+07;1.15818e+06
373;0.39656;1205.69;3511.41;3.68118e+07;1.1582e+06
374;0.396493;1096.09;3195.07;3.68123e+07;1.15821e+06
375;0.396432;996.459;2907.14;3.68126e+07;1.15822e+06
376;0.396377;905.881;2645.09;3.6813e+07;1.15823e+06
377;0.396327;823.536;2406.58;3.68133e+07;1.15824e+06
378;0.396281;748.677;2189.52;3.68136e+07;1.15825e+06
379;0.396239;680.622;1991.99;3.68138e+07;1.15826e+06
380;0.396202;618.754;1812.23;3.68141e+07;1.15827e+06
381;0.396167;562.509;1648.65;3.68143e+07;1.15827e+06
382;0.396136;511.377;1499.8;3.68145e+07;1.15828e+06
383;0.396107;464.893;1364.36;3.68146e+07;1.15828e+06
384;0.396082;422.634;1241.12;3.68148e+07;1.15829e+06
385;0.396058;384.217;1128.99;3.68149e+07;1.15829e+06
386;0.396037;349.291;1026.97;3.68151e+07;1.1583e+06
387;0.396017;317.541;934.149;3.68152e+07;1.1583e+06
388;0.395999;288.676;849.701;3.68153e+07;1.1583e+06
389;0.395983;262.436;772.873;3.68154e+07;1.15831e+06
390;0.395968;238.58;702.979;3.68155e+07;1.15831e+06
391;0.395955;216.893;639.394;3.68156e+07;1.15831e+06
392;0.395943;197.178;581.551;3.68157e+07;1.15832e+06
393;0.395932;179.254;528.933;3.68157e+07;1.15832e+06
394;0.395922;162.96;481.067;3.68158e+07;1.15832e+06
395;0.395913;148.147;437.527;3.68158e+07;1.15832e+06
396;0.395905;134.681;397.922;3.68159e+07;1.15832e+06
397;0.395897;122.438;361.896;3.68159e+07;1.15832e+06
398;0.39589;111.308;329.128;3.6816e+07;1.15833e+06
399;0.395884;101.191;299.322;3.6816e+07;1.15833e+06
400;0.395878;91.9923;272.213;3.68161e+07;1.15833e+06
401;0.395873;83.6302;247.556;3.68161e+07;1.15833e+06
402;0.395868;76.0282;225.129;3.68161e+07;1.15833e+06
403;0.395864;69.1173;204.732;3.68161e+07;1.15833e+06
404;0.39586;62.8345;186.181;3.68162e+07;1.15833e+06
405;0.395857;57.1229;169.309;3.68162e+07;1.15833e+06
406;0.395853;51.9304;153.964;3.68162e+07;1.15833e+06
407;0.39585;47.2099;140.009;3.68162e+07;1.15833e+06
408;0.395848;42.9185;127.317;3.68162e+07;1.15833e+06
409;0.395845;39.0173;115.775;3.68163e+07;1.15833e+06
410;0.395843;35.4706;105.278;3.68163e+07;1.15834e+06
411;0.395841;32.2463;95.732;3.68163e+07;1.15834e+06
412;0.395839;29.3151;87.0509;3.68163e+07;1.15834e+06
413;0.395838;26.6504;79.1563;3.68163e+07;1.15834e+06
414;0.395836;24.2279;71.9772;3.68163e+07;1.15834e+06
415;0.395835;22.0256;65.4487;3.68163e+07;1.15834e+06
416;0.395834;20.0234;59.5119;3.68163e+07;1.15834e+06
417;0.395833;18.2033;54.1132;3.68163e+07;1.15834e+06
418;0.395831;16.5486;49.204;3.68163e+07;1.15834e+06
419;0.395831;15.0444;44.7398;3.68164e+07;1.15834e+06
420;0.39583;13.6768;40.6804;3.68164e+07;1.15834e+06
421;0.395829;12.4336;36.9891;3.68164e+07;1.15834e+06
422;0.395828;11.3034;33.6325;3.68164e+07;1.15834e+06
423;0.395828;10.2759;30.5804;3.68164e+07;1.15834e+06
424;0.395827;9.34183;27.805;3.68164e+07;1.15834e+06
425;0.395826;8.49266;25.2815;3.68164e+07;1.15834e+06
426;0.395826;7.72068;22.9868;3.68164e+07;1.15834e+06
427;0.395826;7.01887;20.9003;3.68164e+07;1.15834e+06
428;0.395825;6.38085;19.0031;3.68164e+07;1.15834e+06
429;0.395825;5.80083;17.2781;3.68164e+07;1.15834e+06
430;0.395824;5.27354;15.7095;3.68164e+07;1.15834e+06
431;0.395824;4.79417;14.2833;3.68164e+07;1.15834e+06
432;0.395824;4.35838;12.9866;3.68164e+07;1.15834e+06
433;0.395824;3.96221;11.8075;3.68164e+07;1.15834e+06
434;0.395823;3.60204;10.7354;3.68164e+07;1.15834e+06
435;0.395823;3.27462;9.7606;3.68164e+07;1.15834e+06
436;0.395823;2.97695;8.87431;3.68164e+07;1.15834e+06
437;0.395823;2.70635;8.06846;3.68164e+07;1.15834e+06
438;0.395823;2.46034;7.33576;3.68164e+07;1.15834e+06
439;0.395823;2.2367;6.66958;3.68164e+07;1.15834e+06
440;0.395822;2.03338;6.06387;3.68164e+07;1.15834e+06
441;0.395822;1.84855;5.51316;3.68164e+07;1.15834e+06
442;0.395822;1.68051;5.01245;3.68164e+07;1.15834e+06
443;0.395822;1.52776;4.5572;3.68164e+07;1.15834e+06
444;0.395822;1.38888;4.14328;3.68164e+07;1.15834e+06
445;0.395822;1.26263;3.76695;3.68164e+07;1.15834e+06
446;0.395822;1.14786;3.42479;3.68164e+07;1.15834e+06
447;0.395822;1.04352;3.11371;3.68164e+07;1.15834e+06
448;0.395822;0.948664;2.83087;3.68164e+07;1.15834e+06
449;0.395822;0.86243;2.57372;3.68164e+07;1.15834e+06
450;0.395822;0.784036;2.33992;3.68164e+07;1.15834e+06
451;0.395822;0.712767;2.12736;3.68164e+07;1.15834e+06
452;0.395822;0.647976;1.9341;3.68164e+07;1.15834e+06
453;0.395822;0.589075;1.75839;3.68164e+07;1.15834e+06
454;0.395822;0.535528;1.59865;3.68164e+07;1.15834e+06
455;0.395822;0.486849;1.45341;3.68164e+07;1.15834e+06
456;0.395821;0.442594;1.32137;3.68164e+07;1.15834e+06
457;0.395821;0.402363;1.20132;3.68164e+07;1.15834e+06
458;0.395821;0.365788;1.09217;3.68164e+07;1.15834e+06
459;0.395821;0.332538;0.992942;3.68164e+07;1.15834e+06
460;0.395821;0.30231;0.902726;3.68164e+07;1.15834e+06
461;0.395821;0.27483;0.820705;3.68164e+07;1.15834e+06
462;0.395821;0.249848;0.746136;3.68164e+07;1.15834e+06
463;0.395821;0.227137;0.678341;3.68164e+07;1.15834e+06
464;0.395821;0.20649;0.616705;3.68164e+07;1.15834e+06
465;0.395821;0.18772;0.560668;3.68164e+07;1.15834e+06
466;0.395821;0.170656;0.509723;3.68164e+07;1.15834e+06
467;0.395821;0.155144;0.463406;3.68164e+07;1.15834e+06
