211;1.02838e+07;1.7647;0.8787;0.1176;0.0037
212;1.02838e+07;3.15493;0.932525;0.220935;0.00695119
213;1.02838e+07;4.51377;1.10619;0.3306;0.0104015
214;1.02838e+07;6.05557;1.38231;0.460688;0.0144944
215;1.02838e+07;7.94448;1.76509;0.623248;0.019609
216;1.02838e+07;10.3372;2.27314;0.830823;0.0261398
217;1.02838e+07;13.4089;2.93706;1.09814;0.0345505
218;1.02838e+07;17.3731;3.79966;1.44354;0.0454176
219;1.02838e+07;22.4991;4.91798;1.89038;0.0594763
220;1.02838e+07;29.1327;6.3666;2.46874;0.0776728
221;1.02838e+07;37.7196;8.24249;3.21745;0.101229
222;1.02838e+07;48.8364;10.6714;4.18677;0.131726
223;1.02837e+07;63.2288;13.8162;5.44172;0.171211
224;1.02837e+07;81.8625;17.8878;7.0665;0.22233
225;1.02837e+07;105.987;23.1593;9.1701;0.288515
226;1.02836e+07;137.222;29.9843;11.8936;0.374205
227;1.02836e+07;177.661;38.8207;15.4198;0.485147
228;1.02835e+07;230.017;50.2611;19.9851;0.628783
229;1.02834e+07;297.801;65.073;25.8958;0.814749
230;1.02833e+07;385.561;84.2498;33.5484;1.05552
231;1.02832e+07;499.182;109.078;43.4562;1.36724
232;1.0283e+07;646.284;141.222;56.2837;1.77083
233;1.02827e+07;836.731;182.839;72.8914;2.29335
234;1.02824e+07;1083.29;236.72;94.3933;2.96986
235;1.0282e+07;1402.5;306.477;122.232;3.84572
236;1.02814e+07;1815.76;396.789;158.273;4.97969
237;1.02807e+07;2350.76;513.711;204.936;6.4478
238;1.02798e+07;3043.35;665.082;265.348;8.34854
239;1.02787e+07;3939.93;861.048;343.562;10.8093
240;1.02771e+07;5100.52;1114.74;444.821;13.9952
241;1.02752e+07;6602.79;1443.16;575.915;18.1198
242;1.02726e+07;8547.21;1868.3;745.63;23.4595
243;1.02693e+07;11063.7;2418.62;965.342;30.3722
244;1.02651e+07;14320.1;3130.93;1249.77;39.321
245;1.02596e+07;18533.5;4052.84;1617.97;50.9055
246;1.02524e+07;23984;5245.93;2094.58;65.901
247;1.02432e+07;31033.2;6789.75;2711.5;85.3109
248;1.02313e+07;40146.9;8787.06;3509.98;110.433
249;1.02158e+07;51925;11370.5;4543.34;142.945
250;1.01959e+07;67138.2;14711.3;5880.51;185.016
251;1.01702e+07;86774.8;19029.7;7610.56;239.448
252;1.0137e+07;112098;24609.2;9848.45;309.858
253;1.00941e+07;144717;31813.8;12742.5;400.912
254;1.0039e+07;186671;41109.6;16483.8;518.623
255;9.96822e+06;240526;53091.4;21318.3;670.728
256;9.8774e+06;309483;68515.2;27561.8;867.167
257;9.76126e+06;397491;88336.3;35619.2;1120.67
258;9.61327e+06;509340;113753;46007.6;1447.52
259;9.4256e+06;650718;146254;59384.9;1868.4
260;9.189e+06;828166;187664;76584.4;2409.54
261;8.89302e+06;1.04887e+06;240180;98653.6;3103.9
262;8.52638e+06;1.32016e+06;306388;126899;3992.56
263;8.07793e+06;1.64862e+06;389226;162930;5126.2
264;7.53812e+06;2.03856e+06;491872;208703;6566.34
265;6.90146e+06;2.48991e+06;617513;266547;8386.26
266;6.16955e+06;2.99549e+06;768942;339167;10671.1
267;5.35464e+06;3.53812e+06;947959;429594;13516.1
268;4.48246e+06;4.08868e+06;1.15459e+06;541074;17023.6
269;3.59289e+06;4.60659e+06;1.3862e+06;676854;21295.6
270;2.73648e+06;5.04426e+06;1.63679e+06;839870;26424.5
271;1.9659e+06;5.35632e+06;1.89677e+06;1.03236e+06;32480.6
272;1.324e+06;5.51133e+06;2.15358e+06;1.25542e+06;39498.7
273;832826;5.50152e+06;2.39333e+06;1.50868e+06;47466.9
274;489203;5.34505e+06;2.60311e+06;1.79013e+06;56322.2
275;269477;5.07892e+06;2.77322e+06;2.09626e+06;65953.7
276;140410;4.74631e+06;2.8985e+06;2.42239e+06;76214.6
277;70051.4;4.38523e+06;2.97835e+06;2.76325e+06;86939.1
278;33944.1;4.02272e+06;3.01569e+06;3.11351e+06;97959
279;16209.4;3.67479e+06;3.01556e+06;3.46815e+06;109117
280;7731.62;3.34923e+06;2.98381e+06;3.82278e+06;120275
281;3726.04;3.04879e+06;2.92632e+06;4.17368e+06;131315
282;1830.79;2.77355e+06;2.84849e+06;4.51781e+06;142142
283;923.363;2.52234e+06;2.75508e+06;4.8528e+06;152681
284;480.246;2.2935e+06;2.65017e+06;5.17679e+06;162875
285;258.331;2.08525e+06;2.53719e+06;5.48845e+06;172681
286;143.938;1.89581e+06;2.41897e+06;5.78683e+06;182069
287;83.1136;1.72354e+06;2.29788e+06;6.0713e+06;191019
288;49.7204;1.56691e+06;2.17582e+06;6.34153e+06;199521
289;30.7891;1.42449e+06;2.05432e+06;6.5974e+06;207571
290;19.7117;1.29502e+06;1.93462e+06;6.83899e+06;215172
291;13.028;1.17731e+06;1.81767e+06;7.0665e+06;222330
292;8.87464;1.07029e+06;1.7042e+06;7.28026e+06;229056
293;6.22022;973007;1.59477e+06;7.48068e+06;235361
294;4.47812;884563;1.48977e+06;7.66822e+06;241262
295;3.30581;804157;1.38947e+06;7.84342e+06;246774
296;2.49822;731060;1.29403e+06;8.00682e+06;251915
297;1.92955;664607;1.20351e+06;8.159e+06;256703
298;1.52086;604195;1.11794e+06;8.30053e+06;261156
299;1.2215;549274;1.03726e+06;8.432e+06;265293
300;0.998323;499345;961365;8.55398e+06;269130
301;0.829204;453955;890142;8.66704e+06;272687
302;0.699096;412690;823432;8.77172e+06;275981
303;0.597589;375177;761063;8.86855e+06;279028
304;0.517369;341073;702850;8.95806e+06;281844
305;0.453211;310070;648598;9.04071e+06;284444
306;0.401335;281885;598108;9.11699e+06;286844
307;0.358962;256261;551181;9.18732e+06;289057
308;0.324029;232967;507617;9.25214e+06;291096
309;0.294981;211791;467220;9.31184e+06;292974
310;0.270638;192539;429798;9.36678e+06;294703
311;0.250089;175037;395165;9.41733e+06;296293
312;0.232627;159126;363142;9.4638e+06;297756
313;0.217699;144662;333558;9.5065e+06;299099
314;0.204865;131512;306247;9.54573e+06;300333
315;0.193775;119557;281054;9.58175e+06;301466
316;0.184147;108690;257830;9.6148e+06;302506
317;0.175753;98809.8;236435;9.64512e+06;303460
318;0.168406;89828;216737;9.67292e+06;304335
319;0.161951;81662.7;198612;9.69841e+06;305137
320;0.156263;74239.5;181944;9.72177e+06;305872
321;0.151235;67491.2;166622;9.74316e+06;306545
322;0.146778;61356.2;152546;9.76276e+06;307162
323;0.142817;55778.9;139619;9.7807e+06;307726
324;0.13929;50708.6;127754;9.79712e+06;308243
325;0.136142;46099.2;116867;9.81214e+06;308715
326;0.133327;41908.8;106881;9.82589e+06;309148
327;0.130806;38099.3;97726.1;9.83845e+06;309543
328;0.128545;34636.1;89335.1;9.84995e+06;309905
329;0.126513;31487.7;81647.2;9.86045e+06;310235
330;0.124685;28625.4;74605.6;9.87005e+06;310537
331;0.123039;26023.4;68158;9.87883e+06;310813
332;0.121555;23657.9;62256;9.88684e+06;311066
333;0.120216;21507.4;56854.8;9.89416e+06;311296
334;0.119007;19552.3;51913.3;9.90085e+06;311506
335;0.117914;17775;47393.6;9.90696e+06;311698
336;0.116925;16159.3;43260.5;9.91253e+06;311874
337;0.116029;14690.4;39481.9;9.91762e+06;312034
338;0.115219;13355.1;36028.1;9.92226e+06;312180
339;0.114484;12141.1;32871.8;9.9265e+06;312313
340;0.113818;11037.5;29988.1;9.93036e+06;312435
341;0.113214;10034.2;27353.9;9.93389e+06;312546
342;0.112666;9122.05;24947.9;9.93711e+06;312647
343;0.112169;8292.85;22750.9;9.94004e+06;312739
344;0.111717;7539.03;20745.1;9.94272e+06;312824
345;0.111307;6853.74;18914;9.94515e+06;312900
346;0.110934;6230.73;17242.7;9.94738e+06;312970
347;0.110596;5664.36;15717.6;9.94941e+06;313034
348;0.110288;5149.47;14325.9;9.95126e+06;313092
349;0.110008;4681.38;13056.3;9.95294e+06;313145
350;0.109754;4255.84;11898.1;9.95448e+06;313194
351;0.109523;3868.99;10841.7;9.95587e+06;313238
352;0.109313;3517.3;9878.29;9.95715e+06;313278
353;0.109122;3197.58;8999.78;9.95831e+06;313314
354;0.108948;2906.92;8198.76;9.95937e+06;313348
355;0.10879;2642.68;7468.49;9.96033e+06;313378
356;0.108646;2402.46;6802.78;9.96121e+06;313405
357;0.108515;2184.08;6195.99;9.96201e+06;313431
358;0.108396;1985.54;5642.95;9.96274e+06;313454
359;0.108288;1805.06;5138.94;9.9634e+06;313474
360;0.108189;1640.98;4679.67;9.96401e+06;313493
361;0.1081;1491.81;4261.19;9.96456e+06;313511
362;0.108018;1356.21;3879.91;9.96506e+06;313527
363;0.107944;1232.93;3532.56;9.96552e+06;313541
364;0.107877;1120.85;3216.13;9.96593e+06;313554
365;0.107815;1018.97;2927.9;9.96631e+06;313566
366;0.107759;926.345;2665.37;9.96665e+06;313577
367;0.107708;842.14;2426.27;9.96697e+06;313587
368;0.107662;765.59;2208.51;9.96725e+06;313596
369;0.10762;695.998;2010.21;9.96751e+06;313604
370;0.107582;632.731;1829.64;9.96775e+06;313611
371;0.107547;575.216;1665.22;9.96796e+06;313618
372;0.107515;522.929;1515.51;9.96816e+06;313624
373;0.107486;475.395;1379.22;9.96834e+06;313630
374;0.10746;432.182;1255.13;9.9685e+06;313635
375;0.107436;392.896;1142.17;9.96865e+06;313639
376;0.107415;357.182;1039.34;9.96878e+06;313644
377;0.107395;324.714;945.735;9.9689e+06;313648
378;0.107377;295.198;860.534;9.96902e+06;313651
379;0.107361;268.364;782.984;9.96912e+06;313654
380;0.107346;243.97;712.403;9.96921e+06;313657
381;0.107332;221.793;648.165;9.96929e+06;313660
382;0.10732;201.632;589.704;9.96937e+06;313662
383;0.107309;183.304;536.501;9.96944e+06;313664
384;0.107298;166.641;488.086;9.9695e+06;313666
385;0.107289;151.494;444.029;9.96956e+06;313668
386;0.107281;137.723;403.939;9.96961e+06;313670
387;0.107273;125.204;367.46;9.96966e+06;313671
388;0.107266;113.823;334.268;9.9697e+06;313673
389;0.10726;103.476;304.068;9.96974e+06;313674
390;0.107254;94.0704;276.59;9.96978e+06;313675
391;0.107249;85.5194;251.591;9.96981e+06;313676
392;0.107244;77.7457;228.847;9.96984e+06;313677
393;0.10724;70.6786;208.155;9.96987e+06;313678
394;0.107236;64.254;189.33;9.96989e+06;313679
395;0.107232;58.4133;172.205;9.96991e+06;313679
396;0.107229;53.1035;156.626;9.96993e+06;313680
397;0.107226;48.2764;142.455;9.96995e+06;313680
398;0.107223;43.8881;129.563;9.96997e+06;313681
399;0.107221;39.8987;117.837;9.96998e+06;313681
400;0.107218;36.2719;107.17;9.97e+06;313682
401;0.107216;32.9748;97.4673;9.97001e+06;313682
402;0.107215;29.9774;88.6419;9.97002e+06;313683
403;0.107213;27.2524;80.6146;9.97003e+06;313683
404;0.107211;24.7752;73.3133;9.97004e+06;313683
405;0.10721;22.5231;66.6725;9.97005e+06;313684
406;0.107209;20.4758;60.6324;9.97006e+06;313684
407;0.107208;18.6145;55.139;9.97007e+06;313684
408;0.107206;16.9225;50.1427;9.97007e+06;313684
409;0.107206;15.3842;45.5986;9.97008e+06;313684
410;0.107205;13.9858;41.4659;9.97008e+06;313685
411;0.107204;12.7145;37.7074;9.97009e+06;313685
412;0.107203;11.5587;34.2893;9.97009e+06;313685
413;0.107202;10.508;31.1807;9.9701e+06;313685
414;0.107202;9.55286;28.3536;9.9701e+06;313685
415;0.107201;8.68451;25.7827;9.9701e+06;313685
416;0.107201;7.89509;23.4447;9.97011e+06;313685
417;0.1072;7.17742;21.3185;9.97011e+06;313685
418;0.1072;6.525;19.385;9.97011e+06;313685
419;0.1072;5.93187;17.6267;9.97011e+06;313686
420;0.107199;5.39267;16.0278;9.97012e+06;313686
421;0.107199;4.90247;14.5738;9.97012e+06;313686
422;0.107199;4.45684;13.2517;9.97012e+06;313686
423;0.107198;4.05171;12.0494;9.97012e+06;313686
424;0.107198;3.68341;10.9561;9.97012e+06;313686
425;0.107198;3.34859;9.96192;9.97012e+06;313686
426;0.107198;3.0442;9.05792;9.97012e+06;313686
427;0.107198;2.76749;8.23592;9.97013e+06;313686
428;0.107198;2.51592;7.48846;9.97013e+06;313686
429;0.107197;2.28722;6.80881;9.97013e+06;313686
430;0.107197;2.07932;6.19081;9.97013e+06;313686
431;0.107197;1.89031;5.62888;9.97013e+06;313686
432;0.107197;1.71848;5.11792;9.97013e+06;313686
433;0.107197;1.56227;4.65333;9.97013e+06;313686
434;0.107197;1.42026;4.23089;9.97013e+06;313686
435;0.107197;1.29116;3.84678;9.97013e+06;313686
436;0.107197;1.17379;3.49753;9.97013e+06;313686
437;0.107197;1.06709;3.17998;9.97013e+06;313686
438;0.107197;0.970094;2.89125;9.97013e+06;313686
439;0.107197;0.881913;2.62872;9.97013e+06;313686
440;0.107196;0.801747;2.39002;9.97013e+06;313686
441;0.107196;0.728868;2.17299;9.97013e+06;313686
442;0.107196;0.662614;1.97566;9.97013e+06;313686
443;0.107196;0.602383;1.79625;9.97013e+06;313686
444;0.107196;0.547626;1.63312;9.97013e+06;313686
445;0.107196;0.497847;1.4848;9.97013e+06;313686
446;0.107196;0.452593;1.34995;9.97013e+06;313686
447;0.107196;0.411452;1.22734;9.97014e+06;313686
448;0.107196;0.374051;1.11586;9.97014e+06;313686
449;0.107196;0.34005;1.01451;9.97014e+06;313686
450;0.107196;0.309139;0.922362;9.97014e+06;313686
451;0.107196;0.281039;0.83858;9.97014e+06;313686
452;0.107196;0.255492;0.762407;9.97014e+06;313686
453;0.107196;0.232268;0.693151;9.97014e+06;313686
454;0.107196;0.211155;0.630185;9.97014e+06;313686
455;0.107196;0.191961;0.572938;9.97014e+06;313686
456;0.107196;0.174512;0.520889;9.97014e+06;313686
457;0.107196;0.158649;0.473569;9.97014e+06;313686
