191;3.19515e+06;1.7647;0.8787;0.1176;0.0037
192;3.19515e+06;3.15493;0.932525;0.220935;0.00695119
193;3.19515e+06;4.51377;1.10619;0.3306;0.0104015
194;3.19515e+06;6.05557;1.38231;0.460688;0.0144944
195;3.19514e+06;7.94448;1.76509;0.623248;0.019609
196;3.19514e+06;10.3372;2.27314;0.830823;0.0261398
197;3.19514e+06;13.4089;2.93705;1.09814;0.0345504
198;3.19513e+06;17.373;3.79966;1.44354;0.0454175
199;3.19512e+06;22.499;4.91797;1.89038;0.0594763
200;3.19512e+06;29.1325;6.36658;2.46873;0.0776728
201;3.1951e+06;37.7194;8.24246;3.21744;0.101229
202;3.19509e+06;48.8359;10.6713;4.18676;0.131726
203;3.19507e+06;63.2281;13.8161;5.44171;0.17121
204;3.19505e+06;81.8613;17.8876;7.06648;0.22233
205;3.19502e+06;105.985;23.1591;9.17007;0.288514
206;3.19497e+06;137.218;29.9839;11.8936;0.374203
207;3.19492e+06;177.655;38.82;15.4197;0.485143
208;3.19485e+06;230.007;50.26;19.9849;0.628777
209;3.19476e+06;297.785;65.0711;25.8955;0.814739
210;3.19465e+06;385.533;84.2466;33.5479;1.0555
211;3.1945e+06;499.135;109.072;43.4553;1.36721
212;3.19431e+06;646.204;141.213;56.2822;1.77078
213;3.19406e+06;836.597;182.824;72.8889;2.29327
214;3.19374e+06;1083.07;236.694;94.389;2.96972
215;3.19332e+06;1402.13;306.434;122.224;3.84549
216;3.19278e+06;1815.13;396.717;158.261;4.9793
217;3.19208e+06;2349.7;513.591;204.915;6.44715
218;3.19117e+06;3041.57;664.88;265.313;8.34743
219;3.19e+06;3936.95;860.709;343.503;10.8075
220;3.18849e+06;5095.53;1114.17;444.722;13.9921
221;3.18652e+06;6594.43;1442.21;575.749;18.1146
222;3.18399e+06;8533.19;1866.7;745.353;23.4507
223;3.1807e+06;11040.2;2415.94;964.877;30.3575
224;3.17646e+06;14280.8;3126.44;1248.99;39.2965
225;3.17097e+06;18467.7;4045.33;1616.66;50.8643
226;3.16389e+06;23873.8;5233.34;2092.39;65.832
227;3.15474e+06;30848.8;6768.67;2707.83;85.1954
228;3.14295e+06;39838.5;8751.78;3503.83;110.239
229;3.12776e+06;51409.6;11311.5;4533.04;142.621
230;3.10822e+06;66277.6;14612.6;5863.27;184.474
231;3.08313e+06;85339.5;18864.7;7581.7;238.54
232;3.051e+06;109708;24333.8;9800.19;308.339
233;3.01e+06;140744;31354.5;12661.8;398.374
234;2.95786e+06;180081;40344.8;16349.1;514.386
235;2.89195e+06;229631;51820.3;21093.7;663.662
236;2.80916e+06;291544;66408;27187.8;855.397
237;2.7061e+06;368103;84854.1;34997.3;1101.11
238;2.57923e+06;461508;108022;44976.2;1415.07
239;2.42529e+06;573504;136870;57679.5;1814.75
240;2.24185e+06;704812;172399;73775.4;2321.17
241;2.02823e+06;854361;215554;94049.5;2959.04
242;1.78654e+06;1.01839e+06;267069;119399;3756.59
243;1.52271e+06;1.18965e+06;327245;150806;4744.75
244;1.24709e+06;1.35713e+06;395689;189290;5955.55
245;974043;1.50681e+06;471055;235823;7419.6
246;720042;1.62385e+06;550885;291219;9162.51
247;500336;1.69594e+06;631670;356003;11200.8
248;325168;1.71695e+06;709210;430288;13538
249;197259;1.68879e+06;779254;513691;16162
250;111930;1.62061e+06;838241;605331;19045.3
251;59800;1.52542e+06;883876;703908;22146.8
252;30403.9;1.41616e+06;915322;807852;25417.1
253;14910.5;1.30292e+06;933023;915494;28803.8
254;7157.06;1.19224e+06;938283;1.02522e+06;32256
255;3410.34;1.08761e+06;932844;1.13556e+06;35727.6
256;1633.43;990526;918554;1.24526e+06;39179.2
257;794.471;901326;897172;1.35328e+06;42577.8
258;395.487;819794;870276;1.45879e+06;45897.3
259;202.624;745468;839231;1.56114e+06;49117.4
260;107.24;677800;805195;1.65983e+06;52222.5
261;58.7568;616237;769137;1.75452e+06;55201.7
262;33.3584;560246;731856;1.84497e+06;58047.5
263;19.6253;509334;694009;1.93104e+06;60755.4
264;11.9571;463043;656124;2.01265e+06;63323.2
265;7.53649;420957;618627;2.08981e+06;65750.9
266;4.90741;382694;581852;2.16256e+06;68039.8
267;3.29607;347909;546060;2.23099e+06;70192.7
268;2.27968;316285;511448;2.29521e+06;72213.1
269;1.62084;287535;478160;2.35535e+06;74105.4
270;1.18263;261399;446296;2.41158e+06;75874.6
271;0.884037;237638;415921;2.46407e+06;77525.9
272;0.675912;216037;387072;2.51298e+06;79064.8
273;0.52775;196399;359758;2.5585e+06;80497
274;0.420179;178547;333972;2.60081e+06;81828.1
275;0.340639;162317;309691;2.64008e+06;83063.8
276;0.28082;147562;286880;2.6765e+06;84209.7
277;0.235122;134149;265495;2.71024e+06;85271.1
278;0.1997;121955;245484;2.74146e+06;86253.5
279;0.171873;110869;226793;2.77033e+06;87161.7
280;0.149741;100791;209361;2.797e+06;88000.9
281;0.131936;91629.3;193127;2.82162e+06;88775.5
282;0.117461;83300.2;178030;2.84433e+06;89490.1
283;0.105579;75728.3;164007;2.86527e+06;90148.8
284;0.0957378;68844.6;150997;2.88456e+06;90755.6
285;0.0875203;62586.6;138939;2.90231e+06;91314.3
286;0.0806068;56897.5;127775;2.91865e+06;91828.4
287;0.07475;51725.5;117448;2.93368e+06;92301.1
288;0.0697571;47023.7;107903;2.94749e+06;92735.7
289;0.0654757;42749.2;99088.8;2.96018e+06;93134.9
290;0.0617848;38863.3;90955.2;2.97183e+06;93501.6
291;0.0585875;35330.7;83455.1;2.98253e+06;93838.1
292;0.0558054;32119.1;76543.5;2.99234e+06;94146.9
293;0.0533746;29199.5;70178.4;3.00135e+06;94430.1
294;0.0512428;26545.2;64320;3.0096e+06;94689.8
295;0.0493669;24132.3;58930.9;3.01716e+06;94927.7
296;0.0477109;21938.7;53976.2;3.02409e+06;95145.8
297;0.046245;19944.4;49423.2;3.03044e+06;95345.5
298;0.0449438;18131.5;45241.1;3.03625e+06;95528.4
299;0.0437862;16483.3;41401.5;3.04157e+06;95695.8
300;0.0427541;14985;37877.8;3.04644e+06;95848.9
301;0.041832;13622.9;34645.4;3.0509e+06;95989.1
302;0.0410068;12384.6;31681.2;3.05497e+06;96117.3
303;0.040267;11258.8;28964;3.0587e+06;96234.5
304;0.0396029;10235.4;26474.1;3.0621e+06;96341.7
305;0.0390058;9304.98;24193.2;3.06522e+06;96439.6
306;0.0384684;8459.16;22104.4;3.06806e+06;96529.1
307;0.0379842;7690.22;20192.1;3.07066e+06;96610.9
308;0.0375474;6991.18;18441.8;3.07304e+06;96685.6
309;0.037153;6355.68;16840.3;3.0752e+06;96753.9
310;0.0367967;5777.95;15375.3;3.07718e+06;96816.2
311;0.0364744;5252.73;14035.5;3.07899e+06;96873.1
312;0.0361828;4775.26;12810.5;3.08064e+06;96925
313;0.0359188;4341.19;11690.6;3.08215e+06;96972.4
314;0.0356797;3946.58;10667.2;3.08352e+06;97015.7
315;0.0354629;3587.83;9731.99;3.08478e+06;97055.1
316;0.0352663;3261.7;8877.63;3.08592e+06;97091.1
317;0.035088;2965.21;8097.27;3.08697e+06;97124
318;0.0349261;2695.67;7384.6;3.08792e+06;97153.9
319;0.0347792;2450.64;6733.89;3.08879e+06;97181.3
320;0.0346458;2227.87;6139.83;3.08958e+06;97206.2
321;0.0345246;2025.36;5597.58;3.0903e+06;97228.9
322;0.0344146;1841.26;5102.7;3.09096e+06;97249.6
323;0.0343145;1673.89;4651.11;3.09156e+06;97268.5
324;0.0342236;1521.73;4239.09;3.09211e+06;97285.7
325;0.034141;1383.4;3863.21;3.09261e+06;97301.4
326;0.0340658;1257.65;3520.36;3.09306e+06;97315.7
327;0.0339975;1143.33;3207.66;3.09347e+06;97328.7
328;0.0339354;1039.4;2922.5;3.09385e+06;97340.6
329;0.0338789;944.922;2662.48;3.0942e+06;97351.4
330;0.0338275;859.028;2425.42;3.09451e+06;97361.2
331;0.0337808;780.943;2209.3;3.09479e+06;97370.2
332;0.0337383;709.955;2012.3;3.09505e+06;97378.4
333;0.0336996;645.42;1832.74;3.09529e+06;97385.8
334;0.0336644;586.751;1669.1;3.09551e+06;97392.6
335;0.0336324;533.416;1519.97;3.0957e+06;97398.8
336;0.0336033;484.928;1384.09;3.09588e+06;97404.4
337;0.0335768;440.848;1260.28;3.09604e+06;97409.5
338;0.0335527;400.775;1147.48;3.09619e+06;97414.2
339;0.0335307;364.345;1044.72;3.09633e+06;97418.4
340;0.0335108;331.226;951.115;3.09645e+06;97422.3
341;0.0334926;301.117;865.853;3.09656e+06;97425.8
342;0.0334761;273.746;788.196;3.09666e+06;97429
343;0.0334611;248.862;717.472;3.09676e+06;97431.9
344;0.0334474;226.241;653.064;3.09684e+06;97434.6
345;0.033435;205.676;594.413;3.09692e+06;97437
346;0.0334236;186.98;541.006;3.09699e+06;97439.2
347;0.0334133;169.983;492.379;3.09705e+06;97441.2
348;0.033404;154.532;448.105;3.09711e+06;97443
349;0.0333954;140.485;407.796;3.09716e+06;97444.7
350;0.0333877;127.715;371.101;3.09721e+06;97446.2
351;0.0333806;116.105;337.696;3.09725e+06;97447.6
352;0.0333742;105.552;307.287;3.09729e+06;97448.8
353;0.0333684;95.9569;279.608;3.09733e+06;97450
354;0.033363;87.2344;254.414;3.09736e+06;97451
355;0.0333582;79.3048;231.483;3.09739e+06;97451.9
356;0.0333538;72.096;210.613;3.09742e+06;97452.8
357;0.0333498;65.5425;191.619;3.09744e+06;97453.6
358;0.0333462;59.5847;174.334;3.09747e+06;97454.3
359;0.0333429;54.1684;158.603;3.09749e+06;97454.9
360;0.0333398;49.2445;144.288;3.0975e+06;97455.5
361;0.0333371;44.7682;131.263;3.09752e+06;97456
362;0.0333346;40.6988;119.41;3.09754e+06;97456.5
363;0.0333323;36.9993;108.625;3.09755e+06;97457
364;0.0333303;33.636;98.812;3.09756e+06;97457.4
365;0.0333284;30.5785;89.8836;3.09758e+06;97457.7
366;0.0333267;27.7989;81.7603;3.09759e+06;97458.1
367;0.0333251;25.272;74.3697;3.0976e+06;97458.4
368;0.0333237;22.9748;67.6459;3.0976e+06;97458.7
369;0.0333224;20.8864;61.5289;3.09761e+06;97458.9
370;0.0333213;18.9878;55.964;3.09762e+06;97459.1
371;0.0333202;17.2618;50.9015;3.09763e+06;97459.3
372;0.0333193;15.6927;46.2963;3.09763e+06;97459.5
373;0.0333184;14.2663;42.107;3.09764e+06;97459.7
374;0.0333176;12.9694;38.2962;3.09764e+06;97459.9
375;0.0333168;11.7905;34.8298;3.09765e+06;97460
376;0.0333162;10.7188;31.6767;3.09765e+06;97460.1
377;0.0333156;9.74443;28.8087;3.09766e+06;97460.2
378;0.033315;8.85866;26.2;3.09766e+06;97460.3
379;0.0333145;8.05341;23.8272;3.09766e+06;97460.4
380;0.0333141;7.32136;21.669;3.09766e+06;97460.5
381;0.0333137;6.65585;19.706;3.09767e+06;97460.6
382;0.0333133;6.05083;17.9207;3.09767e+06;97460.7
383;0.033313;5.50081;16.297;3.09767e+06;97460.8
384;0.0333127;5.00079;14.8202;3.09767e+06;97460.8
385;0.0333124;4.54622;13.477;3.09768e+06;97460.9
386;0.0333121;4.13297;12.2555;3.09768e+06;97460.9
387;0.0333119;3.75728;11.1446;3.09768e+06;97461
388;0.0333117;3.41574;10.1343;3.09768e+06;97461
389;0.0333115;3.10525;9.21551;3.09768e+06;97461
390;0.0333113;2.82298;8.37994;3.09768e+06;97461.1
391;0.0333111;2.56638;7.62006;3.09768e+06;97461.1
392;0.033311;2.33309;6.92903;3.09768e+06;97461.1
393;0.0333109;2.12101;6.30062;3.09768e+06;97461.2
394;0.0333108;1.92821;5.72915;3.09769e+06;97461.2
395;0.0333106;1.75294;5.20948;3.09769e+06;97461.2
396;0.0333105;1.5936;4.73691;3.09769e+06;97461.2
397;0.0333105;1.44874;4.30718;3.09769e+06;97461.2
398;0.0333104;1.31705;3.91641;3.09769e+06;97461.3
399;0.0333103;1.19733;3.56107;3.09769e+06;97461.3
400;0.0333102;1.08849;3.23795;3.09769e+06;97461.3
401;0.0333102;0.989548;2.94413;3.09769e+06;97461.3
402;0.0333101;0.899598;2.67696;3.09769e+06;97461.3
403;0.0333101;0.817825;2.43402;3.09769e+06;97461.3
404;0.03331;0.743485;2.21311;3.09769e+06;97461.3
405;0.03331;0.675902;2.01224;3.09769e+06;97461.3
406;0.0333099;0.614463;1.8296;3.09769e+06;97461.3
407;0.0333099;0.558608;1.66352;3.09769e+06;97461.3
408;0.0333099;0.507831;1.51251;3.09769e+06;97461.4
409;0.0333098;0.461669;1.37521;3.09769e+06;97461.4
410;0.0333098;0.419703;1.25036;3.09769e+06;97461.4
411;0.0333098;0.381552;1.13684;3.09769e+06;97461.4
412;0.0333098;0.346869;1.03363;3.09769e+06;97461.4
413;0.0333097;0.315339;0.939779;3.09769e+06;97461.4
414;0.0333097;0.286674;0.854448;3.09769e+06;97461.4
415;0.0333097;0.260616;0.776862;3.09769e+06;97461.4
416;0.0333097;0.236926;0.706319;3.09769e+06;97461.4
417;0.0333097;0.215389;0.642179;3.09769e+06;97461.4
418;0.0333097;0.19581;0.583861;3.09769e+06;97461.4
419;0.0333097;0.178011;0.530838;3.09769e+06;97461.4
420;0.0333097;0.16183;0.482629;3.09769e+06;97461.4
