245;2.78168e+06;1.7647;0.8787;0.1176;0.0037
246;2.78167e+06;3.15493;0.932525;0.220935;0.00695119
247;2.78167e+06;4.51377;1.10619;0.3306;0.0104015
248;2.78167e+06;6.05556;1.38231;0.460688;0.0144944
249;2.78167e+06;7.94448;1.76509;0.623248;0.019609
250;2.78166e+06;10.3372;2.27314;0.830823;0.0261398
251;2.78166e+06;13.4089;2.93705;1.09814;0.0345504
252;2.78166e+06;17.373;3.79966;1.44354;0.0454175
253;2.78165e+06;22.499;4.91797;1.89038;0.0594763
254;2.78164e+06;29.1325;6.36658;2.46873;0.0776728
255;2.78163e+06;37.7193;8.24246;3.21744;0.101229
256;2.78161e+06;48.8358;10.6713;4.18676;0.131726
257;2.7816e+06;63.2279;13.8161;5.44171;0.17121
258;2.78157e+06;81.861;17.8876;7.06648;0.22233
259;2.78154e+06;105.985;23.159;9.17006;0.288514
260;2.7815e+06;137.218;29.9839;11.8936;0.374202
261;2.78145e+06;177.654;38.8199;15.4197;0.485142
262;2.78138e+06;230.005;50.2598;19.9849;0.628776
263;2.78129e+06;297.781;65.0707;25.8954;0.814737
264;2.78117e+06;385.527;84.2459;33.5477;1.0555
265;2.78102e+06;499.124;109.071;43.4551;1.36721
266;2.78083e+06;646.187;141.211;56.2818;1.77077
267;2.78058e+06;836.569;182.821;72.8883;2.29325
268;2.78026e+06;1083.02;236.689;94.388;2.96969
269;2.77984e+06;1402.05;306.425;122.223;3.84544
270;2.7793e+06;1814.99;396.702;158.258;4.97921
271;2.7786e+06;2349.47;513.565;204.91;6.44701
272;2.7777e+06;3041.19;664.836;265.306;8.3472
273;2.77653e+06;3936.31;860.636;343.49;10.8071
274;2.77501e+06;5094.45;1114.05;444.701;13.9914
275;2.77305e+06;6592.63;1442;575.713;18.1134
276;2.77051e+06;8530.18;1866.36;745.293;23.4488
277;2.76723e+06;11035.1;2415.36;964.777;30.3544
278;2.76299e+06;14272.3;3125.47;1248.82;39.2912
279;2.75751e+06;18453.5;4043.71;1616.38;50.8554
280;2.75044e+06;23850.1;5230.63;2091.92;65.8172
281;2.74131e+06;30809.2;6764.13;2707.04;85.1705
282;2.72955e+06;39772.4;8744.2;3502.5;110.198
283;2.71441e+06;51299.4;11298.8;4530.82;142.551
284;2.69495e+06;66094;14591.4;5859.56;184.357
285;2.67e+06;85034.3;18829.4;7575.51;238.345
286;2.6381e+06;109201;24275;9789.85;308.014
287;2.59747e+06;139906;31256.9;12644.6;397.832
288;2.54596e+06;178702;40182.9;16320.4;513.482
289;2.48105e+06;227372;51552.8;21045.9;662.159
290;2.39988e+06;287866;65967.5;27108.5;852.904
291;2.29942e+06;362164;84132.6;34866.3;1096.98
292;2.17664e+06;452020;106848;44760.3;1408.27
293;2.02903e+06;558548;134976;57325.6;1803.61
294;1.85517e+06;681631;169375;73198.8;2303.02
295;1.65566e+06;819176;210790;93117.3;2929.71
296;1.43403e+06;966350;259685;117906;3709.64
297;1.19747e+06;1.11507e+06;316026;148445;4670.47
298;956987;1.25419e+06;379052;185610;5839.77
299;726377;1.37079e+06;447079;230186;7242.26
300;519820;1.45275e+06;517453;282763;8896.45
301;348631;1.49188e+06;586741;343615;10811
302;218355;1.48654e+06;651181;412616;12982
303;127728;1.44204e+06;707320;489195;15391.3
304;70094.9;1.3686e+06;752604;572376;18008.4
305;36410.1;1.27787e+06;785718;660882;20793.1
306;18124.6;1.18e+06;806569;753282;23700.2
307;8770.81;1.08209e+06;815995;848135;26684.5
308;4186.5;988315;815377;944096;29703.7
309;1997.57;900666;806309;1.03998e+06;32720.6
310;963.612;819830;790375;1.13481e+06;35703.9
311;474.165;745797;769025;1.22775e+06;38628.3
312;239.578;678238;743535;1.31819e+06;41473.7
313;124.86;616701;714996;1.40563e+06;44224.8
314;67.3097;560701;684325;1.48971e+06;46870.3
315;37.5876;509763;652284;1.57019e+06;49402.3
316;21.7524;463441;619500;1.6469e+06;51815.7
317;13.0413;421323;586481;1.71975e+06;54107.9
318;8.09286;383030;553639;1.78872e+06;56277.9
319;5.19175;348215;521300;1.85383e+06;58326.3
320;3.43801;316564;489719;1.91514e+06;60255.1
321;2.34626;287790;459092;1.97273e+06;62067.1
322;1.64733;261630;429564;2.02672e+06;63765.7
323;1.18788;237848;401240;2.07723e+06;65355.1
324;0.878233;216228;374190;2.12442e+06;66839.7
325;0.664622;196573;348456;2.16842e+06;68224.2
326;0.514008;178705;324057;2.2094e+06;69513.5
327;0.40563;162461;300993;2.24751e+06;70712.5
328;0.326155;147693;279250;2.28291e+06;71826.2
329;0.266844;134268;258803;2.31575e+06;72859.4
330;0.221854;122063;239615;2.34618e+06;73817
331;0.187211;110968;221645;2.37436e+06;74703.6
332;0.160161;100881;204846;2.40043e+06;75523.6
333;0.138766;91710.6;189169;2.42452e+06;76281.6
334;0.121644;83374.1;174559;2.44676e+06;76981.5
335;0.10779;75795.4;160964;2.46729e+06;77627.4
336;0.096467;68905.7;148329;2.48622e+06;78222.9
337;0.0871269;62642.1;136600;2.50366e+06;78771.7
338;0.0793566;56948;125724;2.51973e+06;79277.2
339;0.0728416;51771.4;115651;2.53451e+06;79742.3
340;0.0673396;47065.4;106328;2.54811e+06;80170.3
341;0.0626625;42787.2;97708.9;2.56062e+06;80563.7
342;0.0586625;38897.8;89746.1;2.57211e+06;80925.2
343;0.0552225;35362;82395.7;2.58266e+06;81257.3
344;0.0522491;32147.6;75615.5;2.59235e+06;81562.1
345;0.049667;29225.4;69365.6;2.60125e+06;81841.9
346;0.0474152;26568.8;63608.1;2.6094e+06;82098.5
347;0.0454437;24153.7;58307.6;2.61688e+06;82333.9
348;0.0437114;21958.1;53430.4;2.62374e+06;82549.6
349;0.0421845;19962.1;48945.3;2.63002e+06;82747.3
350;0.0408345;18147.6;44822.8;2.63578e+06;82928.4
351;0.0396377;16498;41035.4;2.64105e+06;83094.3
352;0.038574;14998.3;37557.5;2.64588e+06;83246.1
353;0.0376266;13635;34365.1;2.65029e+06;83385.1
354;0.036781;12395.5;31436;2.65433e+06;83512.2
355;0.0360247;11268.8;28749.6;2.65803e+06;83628.5
356;0.0353473;10244.5;26286.6;2.66141e+06;83734.9
357;0.0347396;9313.23;24029.3;2.6645e+06;83832.2
358;0.0341936;8466.66;21961.1;2.66733e+06;83921.1
359;0.0337024;7697.04;20066.8;2.66991e+06;84002.3
360;0.03326;6997.38;18332.4;2.67227e+06;84076.6
361;0.0328611;6361.32;16744.7;2.67443e+06;84144.4
362;0.0325011;5783.08;15291.8;2.6764e+06;84206.4
363;0.032176;5257.39;13962.6;2.6782e+06;84262.9
364;0.0318821;4779.5;12746.8;2.67984e+06;84314.6
365;0.0316162;4345.04;11635.1;2.68134e+06;84361.8
366;0.0313756;3950.08;10618.7;2.6827e+06;84404.8
367;0.0311576;3591.02;9689.75;2.68395e+06;84444.1
368;0.0309601;3264.59;8840.8;2.68509e+06;84480
369;0.030781;2967.84;8065.17;2.68613e+06;84512.7
370;0.0306186;2698.06;7356.64;2.68708e+06;84542.5
371;0.0304712;2452.81;6709.53;2.68795e+06;84569.7
372;0.0303374;2229.85;6118.63;2.68873e+06;84594.6
373;0.030216;2027.16;5579.13;2.68945e+06;84617.2
374;0.0301057;1842.89;5086.65;2.69011e+06;84637.8
375;0.0300055;1675.37;4637.16;2.69071e+06;84656.7
376;0.0299144;1523.08;4226.96;2.69125e+06;84673.8
377;0.0298317;1384.63;3852.68;2.69175e+06;84689.5
378;0.0297565;1258.77;3511.21;2.6922e+06;84703.7
379;0.0296881;1144.35;3199.72;2.69262e+06;84716.7
380;0.029626;1040.33;2915.62;2.69299e+06;84728.5
381;0.0295695;945.76;2656.52;2.69334e+06;84739.3
382;0.0295181;859.79;2420.25;2.69365e+06;84749.2
383;0.0294713;781.635;2204.83;2.69393e+06;84758.1
384;0.0294288;710.585;2008.44;2.69419e+06;84766.3
385;0.0293901;645.993;1829.41;2.69443e+06;84773.7
386;0.029355;587.272;1666.22;2.69464e+06;84780.5
387;0.0293229;533.889;1517.49;2.69484e+06;84786.6
388;0.0292938;485.359;1381.95;2.69502e+06;84792.2
389;0.0292673;441.239;1258.44;2.69518e+06;84797.4
390;0.0292432;401.131;1145.9;2.69533e+06;84802
391;0.0292213;364.668;1043.36;2.69546e+06;84806.3
392;0.0292014;331.52;949.951;2.69559e+06;84810.1
393;0.0291832;301.385;864.857;2.6957e+06;84813.6
394;0.0291667;273.989;787.346;2.6958e+06;84816.8
395;0.0291517;249.083;716.747;2.69589e+06;84819.7
396;0.029138;226.442;652.447;2.69598e+06;84822.4
397;0.0291256;205.858;593.889;2.69605e+06;84824.8
398;0.0291142;187.146;540.562;2.69612e+06;84827
399;0.0291039;170.134;492.004;2.69619e+06;84829
400;0.0290946;154.669;447.789;2.69624e+06;84830.8
401;0.029086;140.609;407.531;2.6963e+06;84832.5
402;0.0290783;127.828;370.879;2.69635e+06;84834
403;0.0290712;116.209;337.511;2.69639e+06;84835.4
404;0.0290648;105.645;307.134;2.69643e+06;84836.6
405;0.029059;96.042;279.482;2.69646e+06;84837.7
406;0.0290537;87.3118;254.311;2.6965e+06;84838.8
407;0.0290488;79.3752;231.4;2.69653e+06;84839.7
408;0.0290444;72.16;210.546;2.69655e+06;84840.6
409;0.0290404;65.6006;191.566;2.69658e+06;84841.4
410;0.0290368;59.6375;174.292;2.6966e+06;84842.1
411;0.0290335;54.2165;158.572;2.69662e+06;84842.7
412;0.0290305;49.2882;144.265;2.69664e+06;84843.3
413;0.0290277;44.8079;131.246;2.69666e+06;84843.8
414;0.0290252;40.7349;119.399;2.69667e+06;84844.3
415;0.029023;37.0321;108.619;2.69669e+06;84844.8
416;0.0290209;33.6659;98.8096;2.6967e+06;84845.2
417;0.029019;30.6056;89.8842;2.69671e+06;84845.5
418;0.0290173;27.8236;81.7633;2.69672e+06;84845.9
419;0.0290158;25.2944;74.3746;2.69673e+06;84846.2
420;0.0290144;22.9952;67.6522;2.69674e+06;84846.4
421;0.0290131;20.9049;61.5363;2.69675e+06;84846.7
422;0.0290119;19.0047;55.9722;2.69676e+06;84846.9
423;0.0290108;17.2771;50.9103;2.69676e+06;84847.1
424;0.0290099;15.7066;46.3053;2.69677e+06;84847.3
425;0.029009;14.2789;42.1162;2.69677e+06;84847.5
426;0.0290082;12.981;38.3055;2.69678e+06;84847.6
427;0.0290075;11.801;34.839;2.69678e+06;84847.8
428;0.0290068;10.7283;31.6857;2.69679e+06;84847.9
429;0.0290062;9.75308;28.8175;2.69679e+06;84848
430;0.0290057;8.86652;26.2085;2.69679e+06;84848.1
431;0.0290052;8.06056;23.8353;2.6968e+06;84848.2
432;0.0290047;7.32785;21.6768;2.6968e+06;84848.3
433;0.0290043;6.66175;19.7135;2.6968e+06;84848.4
434;0.0290039;6.0562;17.9278;2.69681e+06;84848.5
435;0.0290036;5.50569;16.3037;2.69681e+06;84848.5
436;0.0290033;5.00522;14.8265;2.69681e+06;84848.6
437;0.029003;4.55025;13.483;2.69681e+06;84848.7
438;0.0290027;4.13663;12.2612;2.69681e+06;84848.7
439;0.0290025;3.76061;11.1499;2.69681e+06;84848.7
440;0.0290023;3.41877;10.1393;2.69682e+06;84848.8
441;0.0290021;3.10801;9.22013;2.69682e+06;84848.8
442;0.0290019;2.82549;8.38425;2.69682e+06;84848.9
443;0.0290018;2.56865;7.62408;2.69682e+06;84848.9
444;0.0290016;2.33516;6.93277;2.69682e+06;84848.9
445;0.0290015;2.1229;6.30409;2.69682e+06;84848.9
446;0.0290014;1.92992;5.73237;2.69682e+06;84849
447;0.0290013;1.75449;5.21247;2.69682e+06;84849
448;0.0290012;1.59501;4.73968;2.69682e+06;84849
449;0.0290011;1.45002;4.30974;2.69682e+06;84849
450;0.029001;1.31822;3.91878;2.69682e+06;84849
451;0.0290009;1.19839;3.56326;2.69682e+06;84849.1
452;0.0290008;1.08946;3.23997;2.69682e+06;84849.1
453;0.0290008;0.990426;2.94599;2.69682e+06;84849.1
454;0.0290007;0.900397;2.67867;2.69683e+06;84849.1
455;0.0290007;0.818551;2.43559;2.69683e+06;84849.1
456;0.0290006;0.744144;2.21456;2.69683e+06;84849.1
457;0.0290006;0.676502;2.01358;2.69683e+06;84849.1
458;0.0290005;0.615008;1.83083;2.69683e+06;84849.1
459;0.0290005;0.559104;1.66465;2.69683e+06;84849.1
460;0.0290005;0.508281;1.51355;2.69683e+06;84849.1
461;0.0290005;0.462078;1.37616;2.69683e+06;84849.1
462;0.0290004;0.420075;1.25124;2.69683e+06;84849.2
463;0.0290004;0.381891;1.13765;2.69683e+06;84849.2
464;0.0290004;0.347177;1.03436;2.69683e+06;84849.2
465;0.0290004;0.315618;0.940453;2.69683e+06;84849.2
466;0.0290003;0.286929;0.855066;2.69683e+06;84849.2
467;0.0290003;0.260847;0.777428;2.69683e+06;84849.2
468;0.0290003;0.237136;0.706837;2.69683e+06;84849.2
469;0.0290003;0.21558;0.642653;2.69683e+06;84849.2
470;0.0290003;0.195984;0.584296;2.69683e+06;84849.2
471;0.0290003;0.178169;0.531236;2.69683e+06;84849.2
472;0.0290003;0.161974;0.482992;2.69683e+06;84849.2
