162;1.94661e+07;1.7647;0.8787;0.1176;0.0037
163;1.94661e+07;3.15493;0.932525;0.220935;0.00695119
164;1.94661e+07;4.51377;1.10619;0.3306;0.0104015
165;1.94661e+07;6.05557;1.38231;0.460688;0.0144944
166;1.94661e+07;7.94449;1.76509;0.623248;0.019609
167;1.94661e+07;10.3372;2.27314;0.830823;0.0261398
168;1.94661e+07;13.4089;2.93706;1.09814;0.0345505
169;1.94661e+07;17.3731;3.79966;1.44354;0.0454176
170;1.94661e+07;22.4991;4.91798;1.89038;0.0594763
171;1.94661e+07;29.1327;6.3666;2.46874;0.0776728
172;1.94661e+07;37.7197;8.24249;3.21745;0.101229
173;1.94661e+07;48.8364;10.6714;4.18677;0.131726
174;1.94661e+07;63.229;13.8162;5.44172;0.171211
175;1.9466e+07;81.8628;17.8878;7.06651;0.222331
176;1.9466e+07;105.988;23.1593;9.17011;0.288515
177;1.9466e+07;137.223;29.9844;11.8936;0.374205
178;1.94659e+07;177.662;38.8208;15.4198;0.485147
179;1.94658e+07;230.019;50.2613;19.9851;0.628784
180;1.94658e+07;297.805;65.0734;25.8959;0.814751
181;1.94656e+07;385.567;84.2504;33.5485;1.05552
182;1.94655e+07;499.192;109.079;43.4564;1.36725
183;1.94653e+07;646.301;141.224;56.284;1.77084
184;1.94651e+07;836.759;182.842;72.892;2.29337
185;1.94647e+07;1083.34;236.725;94.3943;2.96989
186;1.94643e+07;1402.58;306.486;122.233;3.84577
187;1.94638e+07;1815.89;396.804;158.276;4.97977
188;1.94631e+07;2350.98;513.737;204.94;6.44794
189;1.94622e+07;3043.73;665.125;265.356;8.34877
190;1.9461e+07;3940.56;861.12;343.574;10.8097
191;1.94595e+07;5101.58;1114.86;444.842;13.9959
192;1.94575e+07;6604.57;1443.36;575.95;18.1209
193;1.9455e+07;8550.19;1868.64;745.689;23.4613
194;1.94517e+07;11068.7;2419.19;965.441;30.3753
195;1.94474e+07;14328.5;3131.88;1249.94;39.3263
196;1.94419e+07;18547.6;4054.44;1618.25;50.9142
197;1.94347e+07;24007.6;5248.61;2095.05;65.9157
198;1.94255e+07;31072.6;6794.24;2712.29;85.3355
199;1.94135e+07;40212.9;8794.6;3511.29;110.474
200;1.9398e+07;52035.5;11383.2;4545.53;143.014
201;1.9378e+07;67323.2;14732.4;5884.19;185.132
202;1.93521e+07;87084.3;19065;7616.72;239.642
203;1.93187e+07;112616;24668.4;9858.77;310.183
204;1.92755e+07;145582;31912.9;12759.8;401.456
205;1.92197e+07;188115;41275.3;16512.7;519.533
206;1.91478e+07;242934;53368.3;21366.7;672.252
207;1.90552e+07;313493;68977.4;27642.8;869.715
208;1.8936e+07;404156;89107;35754.6;1124.93
209;1.8783e+07;520392;115036;46233.5;1454.63
210;1.85871e+07;668983;148386;59761.8;1880.26
211;1.83371e+07;858228;191197;77212;2429.29
212;1.80192e+07;1.09809e+06;246018;99696.7;3136.72
213;1.76173e+07;1.40022e+06;315992;128628;4046.98
214;1.71125e+07;1.77771e+06;404942;165789;5216.16
215;1.64841e+07;2.24448e+06;517416;213410;6714.44
216;1.57106e+07;2.81393e+06;658677;274259;8628.88
217;1.47721e+07;3.49668e+06;834566;351719;11066
218;1.36539e+07;4.29709e+06;1.05118e+06;449864;14153.9
219;1.23518e+07;5.20857e+06;1.31428e+06;573483;18043.3
220;1.08787e+07;6.20813e+06;1.62832e+06;728042;22906.1
221;9.271e+06;7.25157e+06;1.99512e+06;919532;28930.9
222;7.59168e+06;8.27171e+06;2.41228e+06;1.15416e+06;36312.8
223;5.9284e+06;9.1831e+06;2.87157e+06;1.43784e+06;45238.2
224;4.38151e+06;9.89524e+06;3.35799e+06;1.77554e+06;55863
225;3.04386e+06;1.03334e+07;3.85014e+06;2.17044e+06;68287.6
226;1.97771e+06;1.04603e+07;4.32243e+06;2.62322e+06;82533.1
227;1.19945e+06;1.02877e+07;4.74896e+06;3.13153e+06;98526.1
228;680441;9.87154e+06;5.10806e+06;3.69001e+06;116097
229;363459;9.2912e+06;5.38577e+06;4.29072e+06;134997
230;184762;8.62533e+06;5.57705e+06;4.92408e+06;154924
231;90599.8;7.93545e+06;5.68459e+06;5.57995e+06;175560
232;43485.6;7.26123e+06;5.71639e+06;6.24845e+06;196593
233;20720.7;6.62395e+06;5.68303e+06;6.9207e+06;217743
234;9924.77;6.03263e+06;5.5958e+06;7.58903e+06;238770
235;4827.56;5.48936e+06;5.46539e+06;8.24709e+06;259475
236;2403.36;4.9928e+06;5.30142e+06;8.88982e+06;279697
237;1231.47;4.54013e+06;5.11221e+06;9.51327e+06;299312
238;651.839;4.12801e+06;4.90479e+06;1.01145e+07;318227
239;357.187;3.75307e+06;4.68508e+06;1.06913e+07;336375
240;202.813;3.41207e+06;4.45793e+06;1.12422e+07;353710
241;119.333;3.10199e+06;4.22734e+06;1.17665e+07;370204
242;72.7146;2.82007e+06;3.99654e+06;1.22636e+07;385845
243;45.837;2.56375e+06;3.7681e+06;1.27336e+07;400632
244;29.8503;2.33072e+06;3.54408e+06;1.31767e+07;414574
245;20.0511;2.11887e+06;3.32604e+06;1.35935e+07;427687
246;13.8694;1.92627e+06;3.1152e+06;1.39847e+07;439994
247;9.86202;1.75118e+06;2.91242e+06;1.4351e+07;451520
248;7.19637;1.592e+06;2.71833e+06;1.46935e+07;462296
249;5.37984;1.44729e+06;2.53331e+06;1.50132e+07;472354
250;4.1136;1.31573e+06;2.35758e+06;1.53111e+07;481727
251;3.21211;1.19613e+06;2.1912e+06;1.55884e+07;490450
252;2.55756;1.0874e+06;2.03414e+06;1.5846e+07;498558
253;2.07354;988559;1.88624e+06;1.60853e+07;506084
254;1.7095;898699;1.7473e+06;1.63071e+07;513063
255;1.43139;817008;1.61704e+06;1.65126e+07;519528
256;1.2158;742742;1.49516e+06;1.67027e+07;525511
257;1.04644;675227;1.38131e+06;1.68786e+07;531043
258;0.911724;613849;1.27514e+06;1.7041e+07;536154
259;0.803346;558050;1.17626e+06;1.7191e+07;540872
260;0.715234;507323;1.08431e+06;1.73293e+07;545224
261;0.642902;461208;998899;1.74568e+07;549236
262;0.582994;419284;919656;1.75743e+07;552932
263;0.532968;381171;846215;1.76824e+07;556335
264;0.49088;346523;778217;1.77819e+07;559466
265;0.455224;315024;715318;1.78735e+07;562345
266;0.424826;286388;657185;1.79576e+07;564992
267;0.398759;260356;603501;1.80349e+07;567423
268;0.376288;236689;553963;1.81058e+07;569656
269;0.356822;215174;508282;1.8171e+07;571706
270;0.339882;195615;466187;1.82308e+07;573587
271;0.325082;177834;427420;1.82856e+07;575312
272;0.312103;161668;391739;1.83358e+07;576893
273;0.30068;146973;358917;1.83819e+07;578342
274;0.290597;133613;328740;1.84241e+07;579670
275;0.281671;121468;301009;1.84628e+07;580887
276;0.273749;110426;275538;1.84982e+07;582001
277;0.2667;100388;252153;1.85306e+07;583020
278;0.260415;91263.2;230692;1.85602e+07;583953
279;0.254801;82967.3;211005;1.85874e+07;584807
280;0.249776;75425.6;192952;1.86122e+07;585587
281;0.245271;68569.4;176403;1.86349e+07;586301
282;0.241227;62336.5;161238;1.86556e+07;586954
283;0.237591;56670.1;147346;1.86746e+07;587550
284;0.234319;51518.8;134625;1.86919e+07;588096
285;0.23137;46835.7;122978;1.87077e+07;588594
286;0.22871;42578.4;112318;1.87222e+07;589049
287;0.226309;38708;102564;1.87354e+07;589464
288;0.224139;35189.4;93641.7;1.87475e+07;589844
289;0.222177;31990.7;85481.6;1.87585e+07;590190
290;0.220401;29082.8;78020.7;1.87685e+07;590507
291;0.218794;26439.1;71200.4;1.87777e+07;590795
292;0.217337;24035.8;64967.1;1.87861e+07;591059
293;0.216017;21851;59271.5;1.87937e+07;591299
294;0.21482;19864.7;54068.1;1.88007e+07;591518
295;0.213734;18059;49315.3;1.88071e+07;591718
296;0.212749;16417.5;44974.9;1.88129e+07;591901
297;0.211854;14925.1;41011.8;1.88181e+07;592067
298;0.211042;13568.4;37393.8;1.8823e+07;592219
299;0.210304;12335;34091.3;1.88274e+07;592357
300;0.209633;11213.8;31077.3;1.88314e+07;592484
301;0.209024;10194.5;28326.9;1.8835e+07;592599
302;0.208471;9267.78;25817.5;1.88384e+07;592703
303;0.207967;8425.34;23528.3;1.88414e+07;592799
304;0.20751;7659.48;21440.2;1.88442e+07;592886
305;0.207094;6963.23;19535.8;1.88467e+07;592965
306;0.206716;6330.28;17799;1.8849e+07;593038
307;0.206372;5754.85;16215.4;1.88511e+07;593103
308;0.206059;5231.74;14771.6;1.8853e+07;593163
309;0.205774;4756.17;13455.4;1.88547e+07;593218
310;0.205515;4323.84;12255.6;1.88563e+07;593268
311;0.20528;3930.8;11162;1.88577e+07;593313
312;0.205065;3573.49;10165.4;1.88591e+07;593354
313;0.204871;3248.66;9257.14;1.88602e+07;593392
314;0.204693;2953.36;8429.55;1.88613e+07;593426
315;0.204532;2684.9;7675.51;1.88623e+07;593458
316;0.204385;2440.84;6988.53;1.88632e+07;593486
317;0.204251;2218.97;6362.69;1.88641e+07;593512
318;0.20413;2017.26;5792.6;1.88648e+07;593535
319;0.204019;1833.9;5273.33;1.88655e+07;593557
320;0.203919;1667.19;4800.37;1.88661e+07;593576
321;0.203827;1515.65;4369.64;1.88667e+07;593594
322;0.203744;1377.87;3977.37;1.88672e+07;593610
323;0.203668;1252.63;3620.17;1.88676e+07;593625
324;0.203599;1138.76;3294.9;1.88681e+07;593638
325;0.203537;1035.25;2998.74;1.88685e+07;593651
326;0.203479;941.144;2729.1;1.88688e+07;593662
327;0.203428;855.595;2483.61;1.88691e+07;593672
328;0.20338;777.821;2260.12;1.88694e+07;593681
329;0.203337;707.117;2056.67;1.88697e+07;593689
330;0.203298;642.84;1871.48;1.88699e+07;593697
331;0.203263;584.406;1702.9;1.88702e+07;593704
332;0.20323;531.284;1549.46;1.88704e+07;593710
333;0.203201;482.99;1409.8;1.88705e+07;593716
334;0.203174;439.086;1282.7;1.88707e+07;593721
335;0.20315;399.173;1167.02;1.88709e+07;593726
336;0.203128;362.888;1061.75;1.8871e+07;593730
337;0.203107;329.902;965.943;1.88711e+07;593734
338;0.203089;299.914;878.762;1.88712e+07;593738
339;0.203072;272.652;799.43;1.88713e+07;593741
340;0.203057;247.868;727.244;1.88714e+07;593744
341;0.203043;225.337;661.56;1.88715e+07;593747
342;0.203031;204.853;601.796;1.88716e+07;593749
343;0.203019;186.232;547.419;1.88717e+07;593751
344;0.203009;169.304;497.946;1.88717e+07;593753
345;0.202999;153.914;452.935;1.88718e+07;593755
346;0.202991;139.923;411.985;1.88718e+07;593757
347;0.202983;127.204;374.73;1.88719e+07;593758
348;0.202976;115.641;340.838;1.88719e+07;593760
349;0.202969;105.13;310.006;1.8872e+07;593761
350;0.202964;95.5733;281.959;1.8872e+07;593762
351;0.202958;86.8857;256.445;1.8872e+07;593763
352;0.202953;78.9878;233.236;1.88721e+07;593764
353;0.202949;71.8078;212.124;1.88721e+07;593765
354;0.202945;65.2805;192.921;1.88721e+07;593766
355;0.202941;59.3465;175.454;1.88721e+07;593766
356;0.202938;53.9519;159.566;1.88722e+07;593767
357;0.202935;49.0477;145.115;1.88722e+07;593768
358;0.202932;44.5893;131.971;1.88722e+07;593768
359;0.20293;40.5361;120.016;1.88722e+07;593769
360;0.202927;36.8514;109.143;1.88722e+07;593769
361;0.202925;33.5016;99.2534;1.88722e+07;593770
362;0.202923;30.4563;90.2593;1.88723e+07;593770
363;0.202922;27.6878;82.0793;1.88723e+07;593770
364;0.20292;25.171;74.6399;1.88723e+07;593771
365;0.202919;22.8829;67.8741;1.88723e+07;593771
366;0.202917;20.8029;61.721;1.88723e+07;593771
367;0.202916;18.9119;56.1253;1.88723e+07;593771
368;0.202915;17.1928;51.0364;1.88723e+07;593771
369;0.202914;15.63;46.4085;1.88723e+07;593772
370;0.202913;14.2092;42.1999;1.88723e+07;593772
371;0.202913;12.9176;38.3727;1.88723e+07;593772
372;0.202912;11.7434;34.8923;1.88723e+07;593772
373;0.202911;10.6759;31.7273;1.88723e+07;593772
374;0.202911;9.70548;28.8492;1.88723e+07;593772
375;0.20291;8.82326;26.232;1.88723e+07;593772
376;0.20291;8.02122;23.8521;1.88723e+07;593773
377;0.202909;7.29209;21.688;1.88723e+07;593773
378;0.202909;6.62924;19.7201;1.88723e+07;593773
379;0.202908;6.02664;17.9306;1.88723e+07;593773
380;0.202908;5.47882;16.3035;1.88723e+07;593773
381;0.202908;4.9808;14.8239;1.88724e+07;593773
382;0.202907;4.52804;13.4785;1.88724e+07;593773
383;0.202907;4.11645;12.2552;1.88724e+07;593773
384;0.202907;3.74226;11.1428;1.88724e+07;593773
385;0.202907;3.40209;10.1313;1.88724e+07;593773
386;0.202906;3.09284;9.21167;1.88724e+07;593773
387;0.202906;2.8117;8.37543;1.88724e+07;593773
388;0.202906;2.55612;7.61507;1.88724e+07;593773
389;0.202906;2.32377;6.92372;1.88724e+07;593773
390;0.202906;2.11254;6.2951;1.88724e+07;593773
391;0.202906;1.92051;5.72353;1.88724e+07;593773
392;0.202906;1.74593;5.20384;1.88724e+07;593773
393;0.202906;1.58723;4.73132;1.88724e+07;593773
394;0.202905;1.44295;4.30169;1.88724e+07;593773
395;0.202905;1.31178;3.91106;1.88724e+07;593773
396;0.202905;1.19254;3.55589;1.88724e+07;593773
397;0.202905;1.08414;3.23296;1.88724e+07;593773
398;0.202905;0.985593;2.93935;1.88724e+07;593773
399;0.202905;0.896003;2.6724;1.88724e+07;593773
400;0.202905;0.814556;2.42968;1.88724e+07;593773
401;0.202905;0.740513;2.20901;1.88724e+07;593773
402;0.202905;0.6732;2.00837;1.88724e+07;593773
403;0.202905;0.612006;1.82595;1.88724e+07;593773
404;0.202905;0.556375;1.66009;1.88724e+07;593773
405;0.202905;0.505801;1.5093;1.88724e+07;593773
406;0.202905;0.459823;1.3722;1.88724e+07;593773
407;0.202905;0.418025;1.24755;1.88724e+07;593774
408;0.202905;0.380027;1.13422;1.88724e+07;593774
409;0.202905;0.345483;1.03118;1.88724e+07;593774
410;0.202905;0.314078;0.937503;1.88724e+07;593774
411;0.202905;0.285529;0.852334;1.88724e+07;593774
412;0.202905;0.259574;0.7749;1.88724e+07;593774
413;0.202905;0.235979;0.7045;1.88724e+07;593774
414;0.202905;0.214528;0.640495;1.88724e+07;593774
415;0.202905;0.195028;0.582303;1.88724e+07;593774
416;0.202905;0.1773;0.529398;1.88724e+07;593774
417;0.202905;0.161183;0.481299;1.88724e+07;593774
