208;1.44478e+08;1.7647;0.8787;0.1176;0.0037
209;1.44478e+08;3.15493;0.932525;0.220935;0.00695119
210;1.44478e+08;4.51377;1.10619;0.3306;0.0104015
211;1.44478e+08;6.05557;1.38231;0.460688;0.0144944
212;1.44478e+08;7.94449;1.76509;0.623248;0.019609
213;1.44478e+08;10.3372;2.27314;0.830823;0.0261398
214;1.44478e+08;13.4089;2.93706;1.09814;0.0345505
215;1.44478e+08;17.3731;3.79967;1.44354;0.0454176
216;1.44478e+08;22.4992;4.91798;1.89038;0.0594763
217;1.44478e+08;29.1327;6.3666;2.46874;0.0776729
218;1.44478e+08;37.7197;8.2425;3.21745;0.101229
219;1.44478e+08;48.8365;10.6714;4.18677;0.131727
220;1.44478e+08;63.2291;13.8162;5.44173;0.171211
221;1.44478e+08;81.863;17.8878;7.06651;0.222331
222;1.44478e+08;105.988;23.1594;9.17012;0.288516
223;1.44478e+08;137.223;29.9845;11.8937;0.374205
224;1.44478e+08;177.663;38.821;15.4198;0.485148
225;1.44478e+08;230.021;50.2616;19.9852;0.628786
226;1.44478e+08;297.808;65.0737;25.8959;0.814753
227;1.44478e+08;385.573;84.2511;33.5486;1.05553
228;1.44477e+08;499.202;109.08;43.4565;1.36726
229;1.44477e+08;646.317;141.226;56.2844;1.77085
230;1.44477e+08;836.787;182.846;72.8925;2.29339
231;1.44477e+08;1083.39;236.73;94.3952;2.96992
232;1.44476e+08;1402.66;306.495;122.235;3.84582
233;1.44476e+08;1816.02;396.819;158.278;4.97985
234;1.44475e+08;2351.2;513.761;204.944;6.44808
235;1.44474e+08;3044.09;665.167;265.363;8.349
236;1.44473e+08;3941.17;861.19;343.586;10.8101
237;1.44471e+08;5102.61;1114.98;444.862;13.9965
238;1.44469e+08;6606.3;1443.56;575.984;18.1219
239;1.44467e+08;8553.08;1868.97;745.747;23.4631
240;1.44464e+08;11073.5;2419.74;965.537;30.3783
241;1.44459e+08;14336.6;3132.81;1250.1;39.3313
242;1.44454e+08;18561.2;4056;1618.52;50.9227
243;1.44447e+08;24030.4;5251.21;2095.5;65.9299
244;1.44437e+08;31110.8;6798.6;2713.04;85.3594
245;1.44425e+08;40277;8801.91;3512.56;110.514
246;1.4441e+08;52142.9;11395.4;4547.66;143.081
247;1.4439e+08;67503.1;14752.9;5887.77;185.244
248;1.44364e+08;87385.7;19099.4;7622.71;239.83
249;1.4433e+08;113120;24726;9868.8;310.498
250;1.44286e+08;146427;32009.4;12776.6;401.984
251;1.4423e+08;189529;41436.9;16540.9;520.419
252;1.44157e+08;245299;53638.8;21413.9;673.736
253;1.44063e+08;317448;69430.1;27721.8;872.199
254;1.4394e+08;410764;89864.3;35886.8;1129.09
255;1.43782e+08;531420;116302;46454.8;1461.59
256;1.43578e+08;687366;150501;60132;1891.91
257;1.43314e+08;888823;194727;77830.9;2448.76
258;1.42973e+08;1.1489e+06;251900;100731;3169.25
259;1.42533e+08;1.48437e+06;325780;130354;4101.28
260;1.41966e+08;1.91663e+06;421192;168666;5306.67
261;1.41236e+08;2.47279e+06;544323;218198;6865.08
262;1.40297e+08;3.18707e+06;703073;282211;8879.07
263;1.39092e+08;4.10224e+06;907495;364892;11480.4
264;1.3755e+08;5.27123e+06;1.17031e+06;471613;14838.2
265;1.35584e+08;6.75849e+06;1.50751e+06;609242;19168.3
266;1.33087e+08;8.64099e+06;1.93899e+06;786524;24746.1
267;1.29934e+08;1.1008e+07;2.48926e+06;1.01455e+06;31920.4
268;1.25983e+08;1.39589e+07;3.18794e+06;1.30729e+06;41130.6
269;1.21076e+08;1.7597e+07;4.0701e+06;1.68219e+06;52926
270;1.15055e+08;2.20187e+07;5.17597e+06;2.16083e+06;67985.4
271;1.07777e+08;2.72945e+07;6.54962e+06;2.76953e+06;87136.4
272;9.915e+07;3.34407e+07;8.23622e+06;3.53976e+06;111370
273;8.91678e+07;4.03831e+07;1.02769e+07;4.50834e+06;141844
274;7.7964e+07;4.79161e+07;1.27012e+07;5.71691e+06;179869
275;6.58539e+07;5.56706e+07;1.55161e+07;7.21057e+06;226863
276;5.33537e+07;6.31103e+07;1.86944e+07;9.03526e+06;284273
277;4.11469e+07;6.95804e+07;2.21635e+07;1.12337e+07;353442
278;2.99806e+07;7.44218e+07;2.58e+07;1.38402e+07;435447
279;2.05043e+07;7.71332e+07;2.94354e+07;1.68742e+07;530907
280;1.31052e+07;7.7521e+07;3.28763e+07;2.03358e+07;639818
281;7.81923e+06;7.57602e+07;3.5935e+07;2.42021e+07;761460
282;4.36901e+06;7.23239e+07;3.84627e+07;2.8428e+07;894420
283;2.30368e+06;6.78149e+07;4.03714e+07;3.29513e+07;1.03673e+06
284;1.15951e+06;6.27947e+07;4.16388e+07;3.76989e+07;1.18611e+06
285;564913;5.76813e+07;4.2296e+07;4.25957e+07;1.34017e+06
286;270337;5.27326e+07;4.24087e+07;4.75697e+07;1.49666e+06
287;128838;4.80807e+07;4.2058e+07;5.25569e+07;1.65358e+06
288;61886.7;4.37772e+07;4.13269e+07;5.7503e+07;1.80919e+06
289;30251.4;3.98294e+07;4.02933e+07;6.2363e+07;1.9621e+06
290;15158.1;3.6224e+07;3.90262e+07;6.71015e+07;2.11119e+06
291;7825.41;3.29386e+07;3.75851e+07;7.1691e+07;2.25558e+06
292;4175.98;2.99481e+07;3.60201e+07;7.6111e+07;2.39465e+06
293;2307.75;2.72277e+07;3.43732e+07;8.03469e+07;2.52792e+06
294;1321.6;2.47537e+07;3.26787e+07;8.43892e+07;2.6551e+06
295;784.209;2.25041e+07;3.09649e+07;8.82322e+07;2.77601e+06
296;481.799;2.04588e+07;2.92545e+07;9.18737e+07;2.89058e+06
297;306.127;1.85993e+07;2.75656e+07;9.5314e+07;2.99883e+06
298;200.871;1.69087e+07;2.59126e+07;9.85557e+07;3.10082e+06
299;135.9;1.53718e+07;2.43064e+07;1.01603e+08;3.19669e+06
300;94.6402;1.39745e+07;2.27553e+07;1.04461e+08;3.28663e+06
301;67.7235;1.27043e+07;2.12654e+07;1.07138e+08;3.37082e+06
302;49.7127;1.15495e+07;1.98407e+07;1.09638e+08;3.44951e+06
303;37.3706;1.04996e+07;1.84839e+07;1.11972e+08;3.52292e+06
304;28.7227;9.54522e+06;1.71962e+07;1.14145e+08;3.59131e+06
305;22.536;8.67757e+06;1.5978e+07;1.16168e+08;3.65493e+06
306;18.0237;7.88878e+06;1.48286e+07;1.18047e+08;3.71405e+06
307;14.6731;7.17169e+06;1.3747e+07;1.1979e+08;3.76892e+06
308;12.1433;6.51979e+06;1.27314e+07;1.21407e+08;3.81978e+06
309;10.2037;5.92714e+06;1.17797e+07;1.22904e+08;3.86689e+06
310;8.69522;5.38837e+06;1.08896e+07;1.2429e+08;3.91047e+06
311;7.5065;4.89857e+06;1.00585e+07;1.2557e+08;3.95076e+06
312;6.55834;4.45329e+06;9.2837e+06;1.26753e+08;3.98798e+06
313;5.79355;4.04848e+06;8.56239e+06;1.27845e+08;4.02233e+06
314;5.17029;3.68048e+06;7.89178e+06;1.28852e+08;4.05401e+06
315;4.65752;3.34592e+06;7.26906e+06;1.2978e+08;4.08321e+06
316;4.23197;3.04178e+06;6.69147e+06;1.30635e+08;4.11011e+06
317;3.87596;2.76528e+06;6.15629e+06;1.31422e+08;4.13486e+06
318;3.57592;2.51392e+06;5.6609e+06;1.32146e+08;4.15764e+06
319;3.32134;2.2854e+06;5.20274e+06;1.32811e+08;4.17859e+06
320;3.10399;2.07766e+06;4.7794e+06;1.33423e+08;4.19784e+06
321;2.91737;1.8888e+06;4.38851e+06;1.33985e+08;4.21552e+06
322;2.75629;1.71711e+06;4.02788e+06;1.34501e+08;4.23176e+06
323;2.61659;1.56102e+06;3.69538e+06;1.34975e+08;4.24666e+06
324;2.49491;1.41913e+06;3.38903e+06;1.3541e+08;4.26033e+06
325;2.3885;1.29013e+06;3.10694e+06;1.35808e+08;4.27287e+06
326;2.29509;1.17286e+06;2.84734e+06;1.36173e+08;4.28437e+06
327;2.21284;1.06624e+06;2.60857e+06;1.36508e+08;4.2949e+06
328;2.14017;969322;2.38907e+06;1.36815e+08;4.30456e+06
329;2.0758;881211;2.18739e+06;1.37096e+08;4.3134e+06
330;2.01863;801109;2.00216e+06;1.37353e+08;4.32149e+06
331;1.96775;728288;1.83212e+06;1.37589e+08;4.3289e+06
332;1.92235;662087;1.67608e+06;1.37804e+08;4.33568e+06
333;1.88178;601903;1.53296e+06;1.38001e+08;4.34188e+06
334;1.84545;547190;1.40172e+06;1.38182e+08;4.34755e+06
335;1.81288;497450;1.28143e+06;1.38346e+08;4.35274e+06
336;1.78362;452232;1.17121e+06;1.38497e+08;4.35748e+06
337;1.75731;411124;1.07025e+06;1.38635e+08;4.36181e+06
338;1.73362;373753;977804;1.38761e+08;4.36577e+06
339;1.71227;339779;893170;1.38876e+08;4.36939e+06
340;1.69301;308893;815715;1.38981e+08;4.37269e+06
341;1.67562;280815;744847;1.39077e+08;4.37571e+06
342;1.6599;255289;680023;1.39164e+08;4.37847e+06
343;1.64568;232083;620742;1.39244e+08;4.38098e+06
344;1.63281;210987;566542;1.39317e+08;4.38328e+06
345;1.62116;191808;516999;1.39384e+08;4.38538e+06
346;1.6106;174373;471723;1.39445e+08;4.38729e+06
347;1.60103;158522;430353;1.395e+08;4.38903e+06
348;1.59235;144113;392561;1.39551e+08;4.39063e+06
349;1.58448;131013;358043;1.39597e+08;4.39208e+06
350;1.57733;119104;326522;1.39639e+08;4.3934e+06
351;1.57084;108277;297741;1.39677e+08;4.39461e+06
352;1.56495;98434.8;271467;1.39712e+08;4.39571e+06
353;1.5596;89487;247486;1.39744e+08;4.39672e+06
354;1.55473;81352.7;225601;1.39773e+08;4.39763e+06
355;1.55032;73957.7;205630;1.398e+08;4.39847e+06
356;1.5463;67235;187410;1.39824e+08;4.39923e+06
357;1.54265;61123.3;170789;1.39846e+08;4.39992e+06
358;1.53933;55567.2;155628;1.39866e+08;4.40056e+06
359;1.53631;50516.2;141802;1.39885e+08;4.40113e+06
360;1.53357;45924.2;129193;1.39901e+08;4.40166e+06
361;1.53107;41749.7;117696;1.39916e+08;4.40213e+06
362;1.5288;37954.7;107215;1.3993e+08;4.40257e+06
363;1.52674;34504.6;97659.8;1.39943e+08;4.40297e+06
364;1.52486;31368.1;88950.1;1.39954e+08;4.40333e+06
365;1.52315;28516.8;81011.8;1.39965e+08;4.40366e+06
366;1.52159;25924.6;73777.3;1.39974e+08;4.40396e+06
367;1.52018;23568.1;67184.6;1.39983e+08;4.40423e+06
368;1.51889;21425.7;61177.5;1.39991e+08;4.40448e+06
369;1.51772;19478.1;55704.2;1.39998e+08;4.4047e+06
370;1.51666;17707.6;50717.9;1.40005e+08;4.40491e+06
371;1.51569;16097.9;46175.4;1.40011e+08;4.4051e+06
372;1.51481;14634.6;42037.6;1.40016e+08;4.40527e+06
373;1.514;13304.4;38268.8;1.40021e+08;4.40542e+06
374;1.51327;12095;34836.1;1.40026e+08;4.40557e+06
375;1.51261;10995.6;31709.9;1.4003e+08;4.40569e+06
376;1.51201;9996.06;28863;1.40033e+08;4.40581e+06
377;1.51146;9087.42;26270.6;1.40037e+08;4.40592e+06
378;1.51096;8261.37;23910;1.4004e+08;4.40602e+06
379;1.5105;7510.41;21760.7;1.40043e+08;4.4061e+06
380;1.51009;6827.72;19803.8;1.40045e+08;4.40619e+06
381;1.50971;6207.08;18022.2;1.40048e+08;4.40626e+06
382;1.50937;5642.86;16400.4;1.4005e+08;4.40633e+06
383;1.50906;5129.92;14923.9;1.40052e+08;4.40639e+06
384;1.50877;4663.61;13580;1.40053e+08;4.40644e+06
385;1.50851;4239.69;12356.6;1.40055e+08;4.40649e+06
386;1.50828;3854.3;11243.2;1.40056e+08;4.40654e+06
387;1.50807;3503.95;10229.7;1.40058e+08;4.40658e+06
388;1.50787;3185.44;9307.37;1.40059e+08;4.40662e+06
389;1.50769;2895.88;8467.95;1.4006e+08;4.40665e+06
390;1.50753;2632.65;7704.02;1.40061e+08;4.40668e+06
391;1.50739;2393.34;7008.83;1.40062e+08;4.40671e+06
392;1.50725;2175.78;6376.21;1.40063e+08;4.40674e+06
393;1.50713;1978.01;5800.56;1.40064e+08;4.40676e+06
394;1.50702;1798.2;5276.75;1.40064e+08;4.40678e+06
395;1.50692;1634.75;4800.14;1.40065e+08;4.4068e+06
396;1.50683;1486.15;4366.48;1.40065e+08;4.40682e+06
397;1.50675;1351.06;3971.92;1.40066e+08;4.40684e+06
398;1.50667;1228.25;3612.93;1.40066e+08;4.40685e+06
399;1.5066;1116.6;3286.33;1.40067e+08;4.40686e+06
400;1.50654;1015.1;2989.2;1.40067e+08;4.40688e+06
401;1.50649;922.828;2718.88;1.40068e+08;4.40689e+06
402;1.50643;838.943;2472.97;1.40068e+08;4.4069e+06
403;1.50639;762.684;2249.26;1.40068e+08;4.40691e+06
404;1.50634;693.356;2045.75;1.40068e+08;4.40691e+06
405;1.50631;630.33;1860.63;1.40069e+08;4.40692e+06
406;1.50627;573.033;1692.23;1.40069e+08;4.40693e+06
407;1.50624;520.944;1539.05;1.40069e+08;4.40693e+06
408;1.50621;473.59;1399.72;1.40069e+08;4.40694e+06
409;1.50618;430.541;1272.98;1.40069e+08;4.40695e+06
410;1.50616;391.405;1157.7;1.4007e+08;4.40695e+06
411;1.50614;355.826;1052.85;1.4007e+08;4.40695e+06
412;1.50612;323.482;957.487;1.4007e+08;4.40696e+06
413;1.5061;294.077;870.748;1.4007e+08;4.40696e+06
414;1.50608;267.346;791.858;1.4007e+08;4.40697e+06
415;1.50607;243.044;720.108;1.4007e+08;4.40697e+06
416;1.50605;220.951;654.851;1.4007e+08;4.40697e+06
417;1.50604;200.867;595.502;1.4007e+08;4.40697e+06
418;1.50603;182.608;541.527;1.4007e+08;4.40698e+06
419;1.50602;166.009;492.438;1.4007e+08;4.40698e+06
420;1.50601;150.919;447.796;1.4007e+08;4.40698e+06
421;1.506;137.2;407.197;1.40071e+08;4.40698e+06
422;1.50599;124.729;370.275;1.40071e+08;4.40698e+06
423;1.50599;113.391;336.699;1.40071e+08;4.40698e+06
424;1.50598;103.084;306.164;1.40071e+08;4.40698e+06
425;1.50597;93.7133;278.397;1.40071e+08;4.40699e+06
426;1.50597;85.1948;253.146;1.40071e+08;4.40699e+06
427;1.50596;77.4506;230.184;1.40071e+08;4.40699e+06
428;1.50596;70.4103;209.303;1.40071e+08;4.40699e+06
429;1.50596;64.01;190.314;1.40071e+08;4.40699e+06
430;1.50595;58.1915;173.048;1.40071e+08;4.40699e+06
431;1.50595;52.9019;157.347;1.40071e+08;4.40699e+06
432;1.50595;48.0931;143.069;1.40071e+08;4.40699e+06
433;1.50594;43.7215;130.087;1.40071e+08;4.40699e+06
434;1.50594;39.7472;118.281;1.40071e+08;4.40699e+06
435;1.50594;36.1342;107.547;1.40071e+08;4.40699e+06
436;1.50594;32.8496;97.7861;1.40071e+08;4.40699e+06
437;1.50593;29.8636;88.9107;1.40071e+08;4.40699e+06
438;1.50593;27.149;80.8404;1.40071e+08;4.40699e+06
439;1.50593;24.6811;73.5023;1.40071e+08;4.40699e+06
440;1.50593;22.4376;66.83;1.40071e+08;4.40699e+06
441;1.50593;20.398;60.7631;1.40071e+08;4.40699e+06
442;1.50593;18.5439;55.2467;1.40071e+08;4.407e+06
443;1.50593;16.8582;50.2309;1.40071e+08;4.407e+06
444;1.50592;15.3258;45.6703;1.40071e+08;4.407e+06
445;1.50592;13.9327;41.5236;1.40071e+08;4.407e+06
446;1.50592;12.6662;37.7533;1.40071e+08;4.407e+06
447;1.50592;11.5149;34.3252;1.40071e+08;4.407e+06
448;1.50592;10.4682;31.2082;1.40071e+08;4.407e+06
449;1.50592;9.5166;28.3742;1.40071e+08;4.407e+06
450;1.50592;8.65154;25.7975;1.40071e+08;4.407e+06
451;1.50592;7.86512;23.4547;1.40071e+08;4.407e+06
452;1.50592;7.15018;21.3246;1.40071e+08;4.407e+06
453;1.50592;6.50023;19.3879;1.40071e+08;4.407e+06
454;1.50592;5.90936;17.627;1.40071e+08;4.407e+06
455;1.50592;5.3722;16.026;1.40071e+08;4.407e+06
456;1.50592;4.88386;14.5704;1.40071e+08;4.407e+06
457;1.50592;4.43992;13.2469;1.40071e+08;4.407e+06
458;1.50592;4.03633;12.0437;1.40071e+08;4.407e+06
459;1.50592;3.66943;10.9497;1.40071e+08;4.407e+06
460;1.50592;3.33588;9.95502;1.40071e+08;4.407e+06
461;1.50592;3.03265;9.05071;1.40071e+08;4.407e+06
462;1.50592;2.75698;8.22853;1.40071e+08;4.407e+06
463;1.50592;2.50637;7.48102;1.40071e+08;4.407e+06
464;1.50592;2.27854;6.8014;1.40071e+08;4.407e+06
465;1.50592;2.07142;6.18351;1.40071e+08;4.407e+06
466;1.50592;1.88313;5.62174;1.40071e+08;4.407e+06
467;1.50592;1.71195;5.111;1.40071e+08;4.407e+06
468;1.50592;1.55634;4.64665;1.40071e+08;4.407e+06
469;1.50592;1.41487;4.22448;1.40071e+08;4.407e+06
470;1.50592;1.28626;3.84067;1.40071e+08;4.407e+06
471;1.50592;1.16933;3.49171;1.40071e+08;4.407e+06
472;1.50592;1.06304;3.17446;1.40071e+08;4.407e+06
473;1.50592;0.966412;2.88603;1.40071e+08;4.407e+06
474;1.50592;0.878565;2.6238;1.40071e+08;4.407e+06
475;1.50592;0.798704;2.3854;1.40071e+08;4.407e+06
476;1.50592;0.726102;2.16865;1.40071e+08;4.407e+06
477;1.50592;0.660099;1.97159;1.40071e+08;4.407e+06
478;1.50592;0.600096;1.79244;1.40071e+08;4.407e+06
479;1.50592;0.545547;1.62957;1.40071e+08;4.407e+06
480;1.50592;0.495957;1.48149;1.40071e+08;4.407e+06
481;1.50592;0.450875;1.34687;1.40071e+08;4.407e+06
482;1.50592;0.40989;1.22448;1.40071e+08;4.407e+06
483;1.50592;0.372631;1.11321;1.40071e+08;4.407e+06
484;1.50592;0.338759;1.01205;1.40071e+08;4.407e+06
485;1.50592;0.307966;0.92008;1.40071e+08;4.407e+06
486;1.50592;0.279972;0.836469;1.40071e+08;4.407e+06
487;1.50592;0.254522;0.760454;1.40071e+08;4.407e+06
488;1.50592;0.231386;0.691347;1.40071e+08;4.407e+06
489;1.50592;0.210353;0.62852;1.40071e+08;4.407e+06
490;1.50592;0.191232;0.571402;1.40071e+08;4.407e+06
491;1.50592;0.173849;0.519474;1.40071e+08;4.407e+06
492;1.50592;0.158046;0.472264;1.40071e+08;4.407e+06
