235;1.23019e+07;1.7647;0.8787;0.1176;0.0037
236;1.23019e+07;3.15493;0.932525;0.220935;0.00695119
237;1.23019e+07;4.51377;1.10619;0.3306;0.0104015
238;1.23019e+07;6.05557;1.38231;0.460688;0.0144944
239;1.23019e+07;7.94449;1.76509;0.623248;0.019609
240;1.23019e+07;10.3372;2.27314;0.830823;0.0261398
241;1.23019e+07;13.4089;2.93706;1.09814;0.0345505
242;1.23019e+07;17.3731;3.79966;1.44354;0.0454176
243;1.23019e+07;22.4991;4.91798;1.89038;0.0594763
244;1.23019e+07;29.1327;6.3666;2.46874;0.0776728
245;1.23019e+07;37.7196;8.24249;3.21745;0.101229
246;1.23019e+07;48.8364;10.6714;4.18677;0.131726
247;1.23019e+07;63.2289;13.8162;5.44172;0.171211
248;1.23018e+07;81.8626;17.8878;7.0665;0.22233
249;1.23018e+07;105.988;23.1593;9.17011;0.288515
250;1.23018e+07;137.222;29.9844;11.8936;0.374205
251;1.23017e+07;177.661;38.8207;15.4198;0.485147
252;1.23016e+07;230.017;50.2612;19.9851;0.628784
253;1.23016e+07;297.803;65.0731;25.8958;0.81475
254;1.23014e+07;385.563;84.25;33.5484;1.05552
255;1.23013e+07;499.185;109.078;43.4562;1.36725
256;1.23011e+07;646.289;141.223;56.2838;1.77083
257;1.23008e+07;836.741;182.84;72.8916;2.29336
258;1.23005e+07;1083.31;236.722;94.3937;2.96987
259;1.23001e+07;1402.53;306.48;122.232;3.84574
260;1.22996e+07;1815.81;396.794;158.274;4.97971
261;1.22989e+07;2350.84;513.72;204.937;6.44785
262;1.2298e+07;3043.48;665.097;265.351;8.34862
263;1.22968e+07;3940.15;861.073;343.566;10.8095
264;1.22953e+07;5100.89;1114.78;444.828;13.9954
265;1.22933e+07;6603.41;1443.23;575.927;18.1201
266;1.22908e+07;8548.24;1868.42;745.651;23.4601
267;1.22875e+07;11065.4;2418.81;965.377;30.3732
268;1.22832e+07;14323;3131.26;1249.83;39.3229
269;1.22777e+07;18538.4;4053.4;1618.07;50.9085
270;1.22705e+07;23992.2;5246.86;2094.74;65.9061
271;1.22613e+07;31046.9;6791.31;2711.78;85.3195
272;1.22494e+07;40169.8;8789.68;3510.43;110.447
273;1.22339e+07;51963.4;11374.9;4544.1;142.969
274;1.2214e+07;67202.4;14718.6;5881.79;185.056
275;1.21882e+07;86882.3;19042;7612.7;239.515
276;1.21549e+07;112278;24629.8;9852.04;309.971
277;1.21119e+07;145017;31848.2;12748.5;401.101
278;1.20566e+07;187172;41167.1;16493.8;518.939
279;1.19854e+07;241359;53187.4;21335.1;671.257
280;1.18939e+07;310869;68675.4;27589.9;868.051
281;1.17768e+07;399791;88603.1;35666.2;1122.15
282;1.16271e+07;513147;114197;46085.9;1449.98
283;1.14366e+07;656991;146990;59515.4;1872.51
284;1.11954e+07;838453;188880;76801.4;2416.37
285;1.0892e+07;1.06563e+06;242184;99013.7;3115.23
286;1.05135e+07;1.34726e+06;309673;127495;4011.31
287;1.00463e+07;1.69198e+06;394576;163912;5157.1
288;9.47744e+06;2.10705e+06;500515;210314;6617.03
289;8.79661e+06;2.59635e+06;631334;269175;8468.94
290;7.99941e+06;3.15755e+06;790761;343420;10804.9
291;7.09121e+06;3.77873e+06;981863;436413;13730.7
292;6.09131e+06;4.43513e+06;1.20625e+06;551880;17363.6
293;5.03582e+06;5.08748e+06;1.46308e+06;693735;21826.7
294;3.97703e+06;5.68381e+06;1.74806e+06;865794;27240.1
295;2.97755e+06;6.16663e+06;2.05268e+06;1.07137e+06;33708
296;2.09839e+06;6.48525e+06;2.36424e+06;1.31276e+06;41302.9
297;1.38433e+06;6.6098e+06;2.66697e+06;1.5908e+06;50050.6
298;852558;6.54074e+06;2.94429e+06;1.90443e+06;59918.3
299;490714;6.30803e+06;3.1817e+06;2.25068e+06;70812.2
300;265450;5.95989e+06;3.36916e+06;2.62485e+06;82584.5
301;136290;5.5473e+06;3.50224e+06;3.02106e+06;95050.4
302;67286.2;5.11205e+06;3.58167e+06;3.43293e+06;108009
303;32409.3;4.68224e+06;3.6119e+06;3.85413e+06;121261
304;15450.2;4.27359e+06;3.59939e+06;4.27889e+06;134625
305;7384.58;3.89318e+06;3.55125e+06;4.70218e+06;147943
306;3576.92;3.5431e+06;3.47438e+06;5.1198e+06;161082
307;1770.55;3.22284e+06;3.375e+06;5.52839e+06;173937
308;901.064;2.93075e+06;3.25857e+06;5.92529e+06;186425
309;473.392;2.66478e+06;3.12971e+06;6.3085e+06;198482
310;257.376;2.42276e+06;2.99231e+06;6.67655e+06;210062
311;144.98;2.20265e+06;2.84957e+06;7.02845e+06;221133
312;84.6326;2.00249e+06;2.70414e+06;7.36356e+06;231677
313;51.1731;1.82049e+06;2.55815e+06;7.68156e+06;241682
314;32.0182;1.65503e+06;2.41333e+06;7.9824e+06;251147
315;20.7028;1.5046e+06;2.27103e+06;8.26621e+06;260076
316;13.8127;1.36784e+06;2.13233e+06;8.53328e+06;268479
317;9.4934;1.24351e+06;1.99801e+06;8.78404e+06;276369
318;6.70995;1.13047e+06;1.86869e+06;9.01901e+06;283761
319;4.86881;1.02772e+06;1.74478e+06;9.23877e+06;290676
320;3.62073;934298;1.62655e+06;9.44395e+06;297131
321;2.755;849371;1.51418e+06;9.63524e+06;303149
322;2.14148;772164;1.40772e+06;9.8133e+06;308752
323;1.69791;701974;1.30715e+06;9.97885e+06;313960
324;1.3712;638165;1.2124e+06;1.01326e+07;318797
325;1.12638;580156;1.12335e+06;1.02752e+07;323283
326;0.939971;527420;1.03982e+06;1.04073e+07;327439
327;0.79593;479478;961634;1.05295e+07;331287
328;0.683097;435893;888573;1.06426e+07;334845
329;0.59359;396271;820412;1.07471e+07;338132
330;0.521758;360250;756917;1.08436e+07;341168
331;0.463491;327503;697849;1.09326e+07;343968
332;0.415758;297733;642970;1.10147e+07;346550
333;0.3763;270669;592042;1.10903e+07;348929
334;0.343409;246066;544831;1.11599e+07;351120
335;0.315781;223698;501110;1.1224e+07;353136
336;0.292411;203364;460660;1.12829e+07;354990
337;0.272514;184878;423268;1.13371e+07;356694
338;0.255473;168073;388731;1.13869e+07;358261
339;0.2408;152795;356855;1.14326e+07;359699
340;0.228102;138906;327458;1.14746e+07;361019
341;0.217064;126279;300364;1.15131e+07;362231
342;0.207427;114801;275409;1.15484e+07;363342
343;0.198983;104365;252437;1.15808e+07;364361
344;0.191558;94878.5;231303;1.16105e+07;365295
345;0.185007;86254;211870;1.16377e+07;366151
346;0.179212;78413.6;194011;1.16626e+07;366935
347;0.174071;71285.8;177605;1.16854e+07;367653
348;0.1695;64805.9;162542;1.17063e+07;368310
349;0.165426;58915;148716;1.17254e+07;368911
350;0.161787;53559.7;136032;1.17429e+07;369462
351;0.158533;48691.1;124400;1.17589e+07;369965
352;0.155616;44265.1;113736;1.17735e+07;370425
353;0.152998;40241.4;103964;1.17869e+07;370846
354;0.150645;36583.4;95011;1.17991e+07;371231
355;0.148528;33258;86811.6;1.18103e+07;371582
356;0.146621;30234.9;79304.5;1.18205e+07;371903
357;0.144901;27486.5;72433.2;1.18298e+07;372197
358;0.143349;24988;66145.6;1.18383e+07;372465
359;0.141946;22716.6;60393.6;1.18461e+07;372710
360;0.140678;20651.6;55132.8;1.18532e+07;372933
361;0.13953;18774.4;50322.4;1.18597e+07;373137
362;0.138492;17067.8;45924.9;1.18656e+07;373323
363;0.137551;15516.4;41905.7;1.1871e+07;373493
364;0.136698;14105.9;38232.9;1.1876e+07;373648
365;0.135925;12823.7;34877.5;1.18804e+07;373790
366;0.135224;11658;31812.5;1.18846e+07;373919
367;0.134587;10598.3;29013.4;1.18883e+07;374036
368;0.134009;9634.92;26457.5;1.18917e+07;374144
369;0.133485;8759.11;24124;1.18948e+07;374242
370;0.133008;7962.91;21993.9;1.18977e+07;374331
371;0.132576;7239.08;20049.9;1.19002e+07;374412
372;0.132182;6581.05;18275.9;1.19026e+07;374486
373;0.131825;5982.83;16657.2;1.19047e+07;374554
374;0.1315;5438.99;15180.6;1.19067e+07;374616
375;0.131205;4944.59;13833.6;1.19085e+07;374672
376;0.130936;4495.12;12605;1.19101e+07;374723
377;0.130692;4086.52;11484.6;1.19116e+07;374770
378;0.13047;3715.05;10463;1.19129e+07;374812
379;0.130268;3377.36;9531.54;1.19142e+07;374851
380;0.130084;3070.35;8682.37;1.19153e+07;374886
381;0.129917;2791.26;7908.29;1.19163e+07;374918
382;0.129765;2537.53;7202.74;1.19173e+07;374948
383;0.129627;2306.87;6559.71;1.19181e+07;374974
384;0.129501;2097.18;5973.71;1.19189e+07;374998
385;0.129387;1906.54;5439.73;1.19196e+07;375021
386;0.129282;1733.24;4953.2;1.19202e+07;375041
387;0.129188;1575.69;4509.93;1.19208e+07;375059
388;0.129101;1432.46;4106.1;1.19213e+07;375076
389;0.129023;1302.25;3738.24;1.19218e+07;375091
390;0.128952;1183.87;3403.17;1.19222e+07;375105
391;0.128887;1076.26;3097.98;1.19226e+07;375117
392;0.128828;978.427;2820.03;1.1923e+07;375129
393;0.128774;889.488;2566.9;1.19233e+07;375139
394;0.128725;808.634;2336.39;1.19236e+07;375149
395;0.12868;735.129;2126.49;1.19239e+07;375157
396;0.12864;668.306;1935.37;1.19242e+07;375165
397;0.128603;607.557;1761.36;1.19244e+07;375172
398;0.12857;552.33;1602.93;1.19246e+07;375179
399;0.128539;502.123;1458.7;1.19248e+07;375185
400;0.128511;456.48;1327.4;1.1925e+07;375190
401;0.128486;414.986;1207.88;1.19251e+07;375195
402;0.128463;377.264;1099.09;1.19253e+07;375200
403;0.128442;342.971;1000.06;1.19254e+07;375204
404;0.128423;311.795;909.932;1.19255e+07;375207
405;0.128406;283.453;827.9;1.19256e+07;375211
406;0.12839;257.687;753.241;1.19257e+07;375214
407;0.128376;234.263;685.297;1.19258e+07;375217
408;0.128363;212.969;623.465;1.19259e+07;375219
409;0.128351;193.61;567.197;1.1926e+07;375221
410;0.12834;176.011;515.995;1.1926e+07;375224
411;0.128331;160.011;469.405;1.19261e+07;375225
412;0.128322;145.466;427.011;1.19261e+07;375227
413;0.128314;132.243;388.437;1.19262e+07;375229
414;0.128306;120.222;353.341;1.19262e+07;375230
415;0.128299;109.294;321.409;1.19263e+07;375232
416;0.128293;99.3594;292.357;1.19263e+07;375233
417;0.128288;90.3277;265.926;1.19263e+07;375234
418;0.128283;82.1169;241.88;1.19264e+07;375235
419;0.128278;74.6525;220.004;1.19264e+07;375236
420;0.128274;67.8665;200.103;1.19264e+07;375236
421;0.12827;61.6975;182;1.19265e+07;375237
422;0.128267;56.0892;165.532;1.19265e+07;375238
423;0.128264;50.9907;150.551;1.19265e+07;375239
424;0.128261;46.3556;136.924;1.19265e+07;375239
425;0.128258;42.1419;124.529;1.19265e+07;375240
426;0.128256;38.3112;113.255;1.19265e+07;375240
427;0.128254;34.8287;102.999;1.19266e+07;375240
428;0.128252;31.6628;93.6713;1.19266e+07;375241
429;0.12825;28.7846;85.1872;1.19266e+07;375241
430;0.128248;26.1681;77.4705;1.19266e+07;375242
431;0.128247;23.7894;70.452;1.19266e+07;375242
432;0.128245;21.627;64.0686;1.19266e+07;375242
433;0.128244;19.6611;58.263;1.19266e+07;375242
434;0.128243;17.8739;52.9829;1.19266e+07;375243
435;0.128242;16.2492;48.1808;1.19266e+07;375243
436;0.128241;14.7721;43.8135;1.19266e+07;375243
437;0.12824;13.4293;39.8417;1.19266e+07;375243
438;0.12824;12.2086;36.2297;1.19266e+07;375243
439;0.128239;11.0988;32.9448;1.19267e+07;375243
440;0.128238;10.09;29.9574;1.19267e+07;375243
441;0.128238;9.17278;27.2408;1.19267e+07;375244
442;0.128237;8.33898;24.7703;1.19267e+07;375244
443;0.128237;7.58097;22.5237;1.19267e+07;375244
444;0.128236;6.89186;20.4806;1.19267e+07;375244
445;0.128236;6.26539;18.6228;1.19267e+07;375244
446;0.128236;5.69586;16.9334;1.19267e+07;375244
447;0.128235;5.17811;15.3971;1.19267e+07;375244
448;0.128235;4.70742;14.0001;1.19267e+07;375244
449;0.128235;4.27952;12.7298;1.19267e+07;375244
450;0.128234;3.89051;11.5747;1.19267e+07;375244
451;0.128234;3.53686;10.5243;1.19267e+07;375244
452;0.128234;3.21536;9.56924;1.19267e+07;375244
453;0.128234;2.92308;8.70077;1.19267e+07;375244
454;0.128234;2.65738;7.91108;1.19267e+07;375244
455;0.128234;2.41582;7.19302;1.19267e+07;375244
456;0.128233;2.19622;6.5401;1.19267e+07;375244
457;0.128233;1.99659;5.94642;1.19267e+07;375244
458;0.128233;1.8151;5.40661;1.19267e+07;375244
459;0.128233;1.6501;4.91578;1.19267e+07;375244
460;0.128233;1.50011;4.46949;1.19267e+07;375244
461;0.128233;1.36375;4.0637;1.19267e+07;375244
462;0.128233;1.23979;3.69474;1.19267e+07;375245
463;0.128233;1.12709;3.35927;1.19267e+07;375245
464;0.128233;1.02464;3.05424;1.19267e+07;375245
465;0.128233;0.931497;2.7769;1.19267e+07;375245
466;0.128233;0.846824;2.52473;1.19267e+07;375245
467;0.128233;0.769848;2.29546;1.19267e+07;375245
468;0.128232;0.699869;2.087;1.19267e+07;375245
469;0.128232;0.636251;1.89747;1.19267e+07;375245
470;0.128232;0.578416;1.72514;1.19267e+07;375245
471;0.128232;0.525838;1.56846;1.19267e+07;375245
472;0.128232;0.478039;1.426;1.19267e+07;375245
473;0.128232;0.434585;1.29648;1.19267e+07;375245
474;0.128232;0.395082;1.17872;1.19267e+07;375245
475;0.128232;0.359169;1.07166;1.19267e+07;375245
476;0.128232;0.32652;0.974312;1.19267e+07;375245
477;0.128232;0.29684;0.885809;1.19267e+07;375245
478;0.128232;0.269857;0.805343;1.19267e+07;375245
479;0.128232;0.245327;0.732185;1.19267e+07;375245
480;0.128232;0.223027;0.665671;1.19267e+07;375245
481;0.128232;0.202754;0.605198;1.19267e+07;375245
482;0.128232;0.184323;0.550218;1.19267e+07;375245
483;0.128232;0.167568;0.500232;1.19267e+07;375245
484;0.128232;0.152336;0.454786;1.19267e+07;375245
