241;3.36999e+07;1.7647;0.8787;0.1176;0.0037
242;3.36999e+07;3.15493;0.932525;0.220935;0.00695119
243;3.36999e+07;4.51377;1.10619;0.3306;0.0104015
244;3.36999e+07;6.05557;1.38231;0.460688;0.0144944
245;3.36999e+07;7.94449;1.76509;0.623248;0.019609
246;3.36999e+07;10.3372;2.27314;0.830823;0.0261398
247;3.36999e+07;13.4089;2.93706;1.09814;0.0345505
248;3.36999e+07;17.3731;3.79967;1.44354;0.0454176
249;3.36999e+07;22.4991;4.91798;1.89038;0.0594763
250;3.36999e+07;29.1327;6.3666;2.46874;0.0776729
251;3.36999e+07;37.7197;8.2425;3.21745;0.101229
252;3.36999e+07;48.8365;10.6714;4.18677;0.131727
253;3.36999e+07;63.229;13.8162;5.44172;0.171211
254;3.36998e+07;81.8629;17.8878;7.06651;0.222331
255;3.36998e+07;105.988;23.1594;9.17012;0.288516
256;3.36998e+07;137.223;29.9844;11.8937;0.374205
257;3.36997e+07;177.663;38.8209;15.4198;0.485148
258;3.36996e+07;230.02;50.2615;19.9852;0.628785
259;3.36996e+07;297.807;65.0735;25.8959;0.814752
260;3.36994e+07;385.57;84.2507;33.5486;1.05552
261;3.36993e+07;499.197;109.079;43.4564;1.36725
262;3.36991e+07;646.309;141.225;56.2842;1.77085
263;3.36989e+07;836.773;182.844;72.8923;2.29338
264;3.36985e+07;1083.36;236.728;94.3947;2.9699
265;3.36981e+07;1402.62;306.49;122.234;3.84579
266;3.36976e+07;1815.96;396.811;158.277;4.97981
267;3.36969e+07;2351.09;513.749;204.942;6.44801
268;3.3696e+07;3043.91;665.145;265.359;8.34888
269;3.36948e+07;3940.86;861.154;343.58;10.8099
270;3.36933e+07;5102.08;1114.92;444.852;13.9962
271;3.36913e+07;6605.41;1443.46;575.966;18.1214
272;3.36888e+07;8551.6;1868.8;745.717;23.4622
273;3.36855e+07;11071;2419.46;965.488;30.3768
274;3.36812e+07;14332.5;3132.33;1250.02;39.3287
275;3.36757e+07;18554.2;4055.2;1618.38;50.9184
276;3.36685e+07;24018.7;5249.88;2095.27;65.9226
277;3.36593e+07;31091.2;6796.37;2712.66;85.3472
278;3.36473e+07;40244.1;8798.16;3511.91;110.494
279;3.36318e+07;52087.9;11389.1;4546.57;143.047
280;3.36117e+07;67410.9;14742.4;5885.94;185.187
281;3.35858e+07;87231.2;19081.8;7619.65;239.734
282;3.35522e+07;112862;24696.5;9863.67;310.336
283;3.35088e+07;145994;31960;12768;401.714
284;3.34527e+07;188804;41354.1;16526.5;519.965
285;3.33803e+07;244085;53500.1;21389.7;672.975
286;3.32868e+07;315415;69197.8;27681.3;870.926
287;3.31662e+07;407363;89475.3;35819;1126.96
288;3.30108e+07;525735;115651;46341.3;1458.02
289;3.28108e+07;677871;149412;59941.9;1885.93
290;3.25541e+07;872978;192907;77512.7;2438.75
291;3.22252e+07;1.1225e+06;248861;100199;3152.51
292;3.18053e+07;1.44045e+06;320709;129465;4073.29
293;3.12711e+07;1.84371e+06;412744;167180;5259.91
294;3.05951e+07;2.35209e+06;530271;215719;6787.07
295;2.97454e+07;2.98801e+06;679755;278079;8749.07
296;2.86863e+07;3.77548e+06;868911;358018;11264.2
297;2.73806e+07;4.73796e+06;1.1067e+06;460202;14479.1
298;2.57931e+07;5.89474e+06;1.40314e+06;590350;18573.9
299;2.38969e+07;7.25512e+06;1.76877e+06;755359;23765.5
300;2.1682e+07;8.81056e+06;2.21371e+06;963367;30310
301;1.91663e+07;1.05253e+07;2.74607e+06;1.2237e+06;38500.7
302;1.64071e+07;1.23278e+07;3.36972e+06;1.54664e+06;48661.2
303;1.35078e+07;1.41065e+07;4.08157e+06;1.94292e+06;61129.1
304;1.06155e+07;1.57165e+07;4.86876e+06;2.42291e+06;76231
305;7.90291e+06;1.70005e+07;5.70682e+06;2.99548e+06;94245.4
306;5.5346e+06;1.78235e+07;6.55992e+06;3.6666e+06;115361
307;3.62688e+06;1.8111e+07;7.38436e+06;4.43804e+06;139632
308;2.21859e+06;1.7873e+07;8.13493e+06;5.30644e+06;166954
309;1.2688e+06;1.71982e+07;8.77282e+06;6.26311e+06;197054
310;682498;1.62212e+07;9.27199e+06;7.2948e+06;229513
311;348854;1.50803e+07;9.6218e+06;8.38518e+06;263820
312;171698;1.38866e+07;9.82547e+06;9.51671e+06;299420
313;82565.7;1.27135e+07;9.89594e+06;1.06722e+07;335774
314;39349.5;1.1601e+07;9.85122e+06;1.18359e+07;372389
315;18823.9;1.0567e+07;9.7108e+06;1.29944e+07;408839
316;9134.26;9.61618e+06;9.49342e+06;1.41364e+07;444769
317;4532.67;8.74667e+06;9.21598e+06;1.52529e+07;479895
318;2313.63;7.95382e+06;8.89316e+06;1.63367e+07;513994
319;1219.51;7.23191e+06;8.53742e+06;1.73825e+07;546898
320;665.318;6.57508e+06;8.15921e+06;1.83865e+07;578487
321;376.091;5.9777e+06;7.76717e+06;1.9346e+07;608676
322;220.311;5.43448e+06;7.36839e+06;2.02594e+07;637414
323;133.666;4.94057e+06;6.9686e+06;2.1126e+07;664677
324;83.9083;4.49153e+06;6.5724e+06;2.19455e+07;690461
325;54.4261;4.08328e+06;6.18345e+06;2.27184e+07;714779
326;36.4212;3.71212e+06;5.80457e+06;2.34456e+07;737658
327;25.103;3.3747e+06;5.43791e+06;2.41282e+07;759135
328;17.79;3.06795e+06;5.08505e+06;2.47677e+07;779255
329;12.9408;2.78908e+06;4.74711e+06;2.53657e+07;798070
330;9.64592;2.53555e+06;4.42481e+06;2.59239e+07;815634
331;7.35547;2.30507e+06;4.11856e+06;2.64443e+07;832006
332;5.72897;2.09554e+06;3.82851e+06;2.69286e+07;847245
333;4.55081;1.90506e+06;3.5546e+06;2.73789e+07;861410
334;3.68151;1.73189e+06;3.2966e+06;2.77969e+07;874562
335;3.02906;1.57446e+06;3.05415e+06;2.81846e+07;886760
336;2.53153;1.43135e+06;2.8268e+06;2.85437e+07;898060
337;2.14654;1.30124e+06;2.61402e+06;2.88762e+07;908519
338;1.84457;1.18295e+06;2.41522e+06;2.91836e+07;918191
339;1.60475;1.07542e+06;2.22978e+06;2.94676e+07;927127
340;1.41207;977668;2.05707e+06;2.97298e+07;935377
341;1.25562;888798;1.89642e+06;2.99717e+07;942989
342;1.12734;808007;1.74717e+06;3.01948e+07;950005
343;1.02121;734559;1.60869e+06;3.04002e+07;956470
344;0.932672;667788;1.48033e+06;3.05894e+07;962422
345;0.858248;607086;1.36146e+06;3.07635e+07;967899
346;0.795252;551902;1.2515e+06;3.09236e+07;972937
347;0.741586;501734;1.14986e+06;3.10708e+07;977567
348;0.695599;456126;1.05599e+06;3.1206e+07;981822
349;0.65598;414665;969362;3.13302e+07;985729
350;0.621679;376972;889472;3.14442e+07;989315
351;0.591847;342705;815845;3.15488e+07;992607
352;0.565795;311553;748035;3.16447e+07;995625
353;0.542958;283233;685619;3.17327e+07;998393
354;0.522869;257487;628199;3.18133e+07;1.00093e+06
355;0.505142;234081;575404;3.18872e+07;1.00325e+06
356;0.489455;212803;526886;3.19549e+07;1.00538e+06
357;0.475535;193460;482318;3.20168e+07;1.00733e+06
358;0.463155;175874;441398;3.20736e+07;1.00912e+06
359;0.452119;159887;403844;3.21255e+07;1.01075e+06
360;0.442262;145353;369391;3.2173e+07;1.01224e+06
361;0.433443;132141;337797;3.22164e+07;1.01361e+06
362;0.425538;120129;308834;3.22561e+07;1.01486e+06
363;0.418442;109210;282292;3.22924e+07;1.016e+06
364;0.412065;99282.4;257977;3.23256e+07;1.01705e+06
365;0.406325;90257.6;235709;3.2356e+07;1.018e+06
366;0.401153;82053.2;215322;3.23837e+07;1.01887e+06
367;0.396489;74594.6;196662;3.2409e+07;1.01967e+06
368;0.392279;67813.9;179588;3.24321e+07;1.0204e+06
369;0.388475;61649.7;163968;3.24533e+07;1.02106e+06
370;0.385035;56045.7;149683;3.24725e+07;1.02167e+06
371;0.381923;50951.2;136621;3.24902e+07;1.02222e+06
372;0.379105;46319.7;124680;3.25062e+07;1.02273e+06
373;0.376552;42109.2;113767;3.25209e+07;1.02319e+06
374;0.374239;38281.5;103795;3.25343e+07;1.02361e+06
375;0.372141;34801.7;94684.1;3.25465e+07;1.024e+06
376;0.370238;31638.2;86362.4;3.25576e+07;1.02435e+06
377;0.368511;28762.3;78762.6;3.25678e+07;1.02467e+06
378;0.366944;26147.8;71823.2;3.2577e+07;1.02496e+06
379;0.36552;23771;65487.9;3.25855e+07;1.02522e+06
380;0.364227;21610.2;59705;3.25932e+07;1.02547e+06
381;0.363053;19645.9;54427.1;3.26002e+07;1.02569e+06
382;0.361986;17860;49610.9;3.26066e+07;1.02589e+06
383;0.361016;16236.6;45216.6;3.26124e+07;1.02607e+06
384;0.360134;14760.7;41207.7;3.26177e+07;1.02624e+06
385;0.359333;13418.9;37551;3.26226e+07;1.02639e+06
386;0.358604;12199.1;34215.8;3.2627e+07;1.02653e+06
387;0.357941;11090.2;31174.3;3.2631e+07;1.02666e+06
388;0.357338;10082.1;28401;3.26347e+07;1.02677e+06
389;0.35679;9165.67;25872.4;3.2638e+07;1.02688e+06
390;0.356292;8332.51;23567.3;3.26411e+07;1.02697e+06
391;0.355838;7575.09;21466;3.26438e+07;1.02706e+06
392;0.355426;6886.51;19550.7;3.26464e+07;1.02714e+06
393;0.35505;6260.53;17805.2;3.26487e+07;1.02721e+06
394;0.354709;5691.45;16214.5;3.26508e+07;1.02728e+06
395;0.354398;5174.1;14765;3.26527e+07;1.02734e+06
396;0.354116;4703.77;13444.4;3.26544e+07;1.02739e+06
397;0.353858;4276.2;12241.1;3.2656e+07;1.02744e+06
398;0.353624;3887.49;11145;3.26574e+07;1.02749e+06
399;0.353412;3534.12;10146.5;3.26587e+07;1.02753e+06
400;0.353218;3212.87;9236.97;3.26599e+07;1.02757e+06
401;0.353042;2920.82;8408.57;3.2661e+07;1.0276e+06
402;0.352881;2655.32;7654.12;3.2662e+07;1.02763e+06
403;0.352736;2413.95;6967.04;3.26629e+07;1.02766e+06
404;0.352603;2194.52;6341.37;3.26637e+07;1.02769e+06
405;0.352482;1995.04;5771.64;3.26645e+07;1.02771e+06
406;0.352372;1813.69;5252.89;3.26652e+07;1.02773e+06
407;0.352272;1648.83;4780.58;3.26658e+07;1.02775e+06
408;0.352181;1498.95;4350.57;3.26663e+07;1.02777e+06
409;0.352098;1362.69;3959.1;3.26668e+07;1.02778e+06
410;0.352023;1238.82;3602.73;3.26673e+07;1.0278e+06
411;0.351955;1126.22;3278.33;3.26677e+07;1.02781e+06
412;0.351892;1023.84;2983.04;3.26681e+07;1.02782e+06
413;0.351836;930.775;2714.27;3.26685e+07;1.02783e+06
414;0.351784;846.168;2469.63;3.26688e+07;1.02784e+06
415;0.351737;769.251;2246.98;3.26691e+07;1.02785e+06
416;0.351694;699.326;2044.35;3.26693e+07;1.02786e+06
417;0.351656;635.757;1859.94;3.26696e+07;1.02787e+06
418;0.35162;577.967;1692.12;3.26698e+07;1.02788e+06
419;0.351588;525.43;1539.4;3.267e+07;1.02788e+06
420;0.351559;477.668;1400.43;3.26702e+07;1.02789e+06
421;0.351532;434.248;1273.98;3.26703e+07;1.02789e+06
422;0.351508;394.775;1158.92;3.26705e+07;1.0279e+06
423;0.351486;358.89;1054.23;3.26706e+07;1.0279e+06
424;0.351466;326.267;958.973;3.26708e+07;1.02791e+06
425;0.351448;296.609;872.308;3.26709e+07;1.02791e+06
426;0.351431;269.648;793.459;3.2671e+07;1.02791e+06
427;0.351416;245.137;721.723;3.26711e+07;1.02792e+06
428;0.351403;222.854;656.461;3.26711e+07;1.02792e+06
429;0.35139;202.596;597.09;3.26712e+07;1.02792e+06
430;0.351379;184.18;543.079;3.26713e+07;1.02792e+06
431;0.351368;167.438;493.945;3.26714e+07;1.02793e+06
432;0.351359;152.218;449.25;3.26714e+07;1.02793e+06
433;0.351351;138.382;408.592;3.26715e+07;1.02793e+06
434;0.351343;125.803;371.609;3.26715e+07;1.02793e+06
435;0.351336;114.367;337.968;3.26716e+07;1.02793e+06
436;0.351329;103.971;307.369;3.26716e+07;1.02793e+06
437;0.351324;94.5203;279.536;3.26716e+07;1.02793e+06
438;0.351318;85.9284;254.22;3.26717e+07;1.02794e+06
439;0.351313;78.1175;231.194;3.26717e+07;1.02794e+06
440;0.351309;71.0167;210.251;3.26717e+07;1.02794e+06
441;0.351305;64.5612;191.203;3.26718e+07;1.02794e+06
442;0.351301;58.6926;173.879;3.26718e+07;1.02794e+06
443;0.351298;53.3575;158.122;3.26718e+07;1.02794e+06
444;0.351295;48.5073;143.792;3.26718e+07;1.02794e+06
445;0.351292;44.098;130.76;3.26718e+07;1.02794e+06
446;0.35129;40.0895;118.907;3.26718e+07;1.02794e+06
447;0.351288;36.4453;108.128;3.26719e+07;1.02794e+06
448;0.351286;33.1325;98.3247;3.26719e+07;1.02794e+06
449;0.351284;30.1207;89.4097;3.26719e+07;1.02794e+06
450;0.351282;27.3828;81.3023;3.26719e+07;1.02794e+06
451;0.35128;24.8937;73.9294;3.26719e+07;1.02794e+06
452;0.351279;22.6308;67.2246;3.26719e+07;1.02794e+06
453;0.351278;20.5737;61.1274;3.26719e+07;1.02794e+06
454;0.351277;18.7035;55.5828;3.26719e+07;1.02794e+06
455;0.351276;17.0034;50.5407;3.26719e+07;1.02794e+06
456;0.351275;15.4578;45.9558;3.26719e+07;1.02794e+06
457;0.351274;14.0527;41.7864;3.26719e+07;1.02794e+06
458;0.351273;12.7753;37.9951;3.2672e+07;1.02794e+06
459;0.351272;11.614;34.5476;3.2672e+07;1.02794e+06
460;0.351272;10.5583;31.4127;3.2672e+07;1.02794e+06
461;0.351271;9.59855;28.5621;3.2672e+07;1.02794e+06
462;0.35127;8.72604;25.97;3.2672e+07;1.02794e+06
463;0.35127;7.93285;23.613;3.2672e+07;1.02794e+06
464;0.351269;7.21175;21.4699;3.2672e+07;1.02794e+06
465;0.351269;6.5562;19.5211;3.2672e+07;1.02794e+06
466;0.351269;5.96024;17.7492;3.2672e+07;1.02794e+06
467;0.351268;5.41846;16.138;3.2672e+07;1.02794e+06
468;0.351268;4.92592;14.673;3.2672e+07;1.02795e+06
469;0.351268;4.47815;13.3409;3.2672e+07;1.02795e+06
470;0.351268;4.07109;12.1297;3.2672e+07;1.02795e+06
471;0.351267;3.70103;11.0285;3.2672e+07;1.02795e+06
472;0.351267;3.36461;10.0271;3.2672e+07;1.02795e+06
473;0.351267;3.05876;9.11668;3.2672e+07;1.02795e+06
474;0.351267;2.78072;8.28887;3.2672e+07;1.02795e+06
475;0.351267;2.52795;7.5362;3.2672e+07;1.02795e+06
476;0.351266;2.29816;6.85185;3.2672e+07;1.02795e+06
477;0.351266;2.08926;6.22962;3.2672e+07;1.02795e+06
478;0.351266;1.89935;5.66388;3.2672e+07;1.02795e+06
479;0.351266;1.7267;5.1495;3.2672e+07;1.02795e+06
480;0.351266;1.56974;4.68182;3.2672e+07;1.02795e+06
481;0.351266;1.42705;4.25661;3.2672e+07;1.02795e+06
482;0.351266;1.29733;3.87;3.2672e+07;1.02795e+06
483;0.351266;1.1794;3.5185;3.2672e+07;1.02795e+06
484;0.351266;1.0722;3.19891;3.2672e+07;1.02795e+06
485;0.351266;0.974734;2.90835;3.2672e+07;1.02795e+06
486;0.351266;0.886131;2.64417;3.2672e+07;1.02795e+06
487;0.351266;0.805581;2.40398;3.2672e+07;1.02795e+06
488;0.351265;0.732354;2.1856;3.2672e+07;1.02795e+06
489;0.351265;0.665783;1.98706;3.2672e+07;1.02795e+06
490;0.351265;0.605263;1.80655;3.2672e+07;1.02795e+06
491;0.351265;0.550245;1.64243;3.2672e+07;1.02795e+06
492;0.351265;0.500228;1.49322;3.2672e+07;1.02795e+06
493;0.351265;0.454757;1.35757;3.2672e+07;1.02795e+06
494;0.351265;0.41342;1.23423;3.2672e+07;1.02795e+06
495;0.351265;0.37584;1.1221;3.2672e+07;1.02795e+06
496;0.351265;0.341676;1.02015;3.2672e+07;1.02795e+06
497;0.351265;0.310618;0.927466;3.2672e+07;1.02795e+06
498;0.351265;0.282383;0.8432;3.2672e+07;1.02795e+06
499;0.351265;0.256714;0.766588;3.2672e+07;1.02795e+06
500;0.351265;0.233379;0.696936;3.2672e+07;1.02795e+06
501;0.351265;0.212165;0.633612;3.2672e+07;1.02795e+06
502;0.351265;0.192879;0.576041;3.2672e+07;1.02795e+06
503;0.351265;0.175346;0.5237;3.2672e+07;1.02795e+06
504;0.351265;0.159407;0.476114;3.2672e+07;1.02795e+06
