181;1.58544e+07;1.7647;0.8787;0.1176;0.0037
182;1.58544e+07;3.15493;0.932525;0.220935;0.00695119
183;1.58544e+07;4.51377;1.10619;0.3306;0.0104015
184;1.58544e+07;6.05557;1.38231;0.460688;0.0144944
185;1.58544e+07;7.94449;1.76509;0.623248;0.019609
186;1.58543e+07;10.3372;2.27314;0.830823;0.0261398
187;1.58543e+07;13.4089;2.93706;1.09814;0.0345505
188;1.58543e+07;17.3731;3.79966;1.44354;0.0454176
189;1.58543e+07;22.4991;4.91798;1.89038;0.0594763
190;1.58543e+07;29.1327;6.3666;2.46874;0.0776728
191;1.58543e+07;37.7197;8.24249;3.21745;0.101229
192;1.58543e+07;48.8364;10.6714;4.18677;0.131726
193;1.58543e+07;63.2289;13.8162;5.44172;0.171211
194;1.58543e+07;81.8627;17.8878;7.06651;0.222331
195;1.58542e+07;105.988;23.1593;9.17011;0.288515
196;1.58542e+07;137.222;29.9844;11.8936;0.374205
197;1.58541e+07;177.662;38.8208;15.4198;0.485147
198;1.58541e+07;230.018;50.2613;19.9851;0.628784
199;1.5854e+07;297.804;65.0733;25.8959;0.814751
200;1.58539e+07;385.566;84.2503;33.5485;1.05552
201;1.58537e+07;499.189;109.079;43.4563;1.36725
202;1.58535e+07;646.296;141.224;56.284;1.77084
203;1.58533e+07;836.752;182.842;72.8919;2.29337
204;1.58529e+07;1083.33;236.724;94.394;2.96988
205;1.58525e+07;1402.56;306.484;122.233;3.84576
206;1.5852e+07;1815.86;396.8;158.275;4.97975
207;1.58513e+07;2350.93;513.73;204.939;6.44791
208;1.58504e+07;3043.63;665.114;265.354;8.34871
209;1.58492e+07;3940.4;861.102;343.571;10.8096
210;1.58477e+07;5101.31;1114.83;444.837;13.9957
211;1.58457e+07;6604.12;1443.31;575.941;18.1206
212;1.58432e+07;8549.43;1868.55;745.674;23.4608
213;1.58399e+07;11067.4;2419.04;965.416;30.3745
214;1.58356e+07;14326.4;3131.64;1249.9;39.3249
215;1.58301e+07;18544;4054.04;1618.18;50.912
216;1.5823e+07;24001.5;5247.93;2094.93;65.9119
217;1.58137e+07;31062.5;6793.09;2712.09;85.3293
218;1.58018e+07;40196;8792.67;3510.95;110.464
219;1.57863e+07;52007.2;11379.9;4544.97;142.997
220;1.57663e+07;67275.9;14727;5883.25;185.102
221;1.57404e+07;87005.2;19056;7615.15;239.592
222;1.57071e+07;112483;24653.3;9856.14;310.1
223;1.5664e+07;145361;31887.6;12755.4;401.317
224;1.56084e+07;187745;41232.9;16505.3;519.301
225;1.55367e+07;242316;53297.4;21354.3;671.863
226;1.54445e+07;312463;68859;27622.1;869.063
227;1.53262e+07;402441;88909.3;35719.9;1123.84
228;1.51745e+07;517541;114706;46175.7;1452.81
229;1.49807e+07;664256;147837;59665.1;1877.22
230;1.47342e+07;850416;190285;77050.8;2424.22
231;1.44221e+07;1.08523e+06;244507;99428.3;3128.27
232;1.40295e+07;1.37916e+06;313495;128182;4032.95
233;1.35398e+07;1.74347e+06;400834;165049;5192.88
234;1.29355e+07;2.18927e+06;510694;212187;6675.97
235;1.21999e+07;2.72588e+06;647752;272245;8565.53
236;1.13198e+07;3.35818e+06;816962;348421;10962.2
237;1.02898e+07;4.08298e+06;1.02312e+06;444495;13985
238;9.11694e+06;4.88468e+06;1.27016e+06;564815;17770.5
239;7.82656e+06;5.73104e+06;1.56011e+06;714186;22470.1
240;6.46554e+06;6.5711e+06;1.89182e+06;897654;28242.5
241;5.10165e+06;7.33768e+06;2.25965e+06;1.12013e+06;35242.3
242;3.81565e+06;7.95669e+06;2.65255e+06;1.38587e+06;43603
243;2.68599e+06;8.36309e+06;3.05406e+06;1.69781e+06;53417.4
244;1.76983e+06;8.51904e+06;3.44381e+06;2.05697e+06;64717.4
245;1.08864e+06;8.42585e+06;3.80045e+06;2.46196e+06;77459.5
246;625867;8.12271e+06;4.10537e+06;2.90889e+06;91521.2
247;338213;7.67201e+06;4.34574e+06;3.39168e+06;106711
248;173507;7.13933e+06;4.51599e+06;3.90274e+06;122790
249;85611.4;6.57826e+06;4.61717e+06;4.43382e+06;139499
250;41223.3;6.02469e+06;4.65507e+06;4.9768e+06;156583
251;19650.8;5.49862e+06;4.63805e+06;5.52424e+06;173807
252;9393.69;5.00905e+06;4.57528e+06;6.06967e+06;190968
253;4551.54;4.55857e+06;4.47562e+06;6.60772e+06;207896
254;2253.99;4.14649e+06;4.3471e+06;7.13406e+06;224456
255;1147.71;3.77068e+06;4.19671e+06;7.64528e+06;240540
256;603.328;3.42847e+06;4.03041e+06;8.13881e+06;256068
257;328.225;3.1171e+06;3.85317e+06;8.61279e+06;270981
258;185.007;2.8339e+06;3.66912e+06;9.06592e+06;285237
259;108.066;2.57637e+06;3.48166e+06;9.49741e+06;298813
260;65.3826;2.34222e+06;3.29353e+06;9.90685e+06;311695
261;40.9332;2.12934e+06;3.10693e+06;1.02942e+07;323881
262;26.4824;1.9358e+06;2.92362e+06;1.06595e+07;335377
263;17.6783;1.75984e+06;2.74495e+06;1.10034e+07;346194
264;12.1565;1.59988e+06;2.57195e+06;1.13262e+07;356350
265;8.59636;1.45445e+06;2.4054e+06;1.16286e+07;365867
266;6.24042;1.32225e+06;2.24584e+06;1.19115e+07;374767
267;4.6427;1.20205e+06;2.09361e+06;1.21756e+07;383076
268;3.53401;1.09279e+06;1.94892e+06;1.24218e+07;390823
269;2.74801;993455;1.81185e+06;1.2651e+07;398034
270;2.17954;903151;1.68238e+06;1.28641e+07;404738
271;1.76071;821055;1.5604e+06;1.30619e+07;410962
272;1.44676;746421;1.44576e+06;1.32454e+07;416736
273;1.20766;678572;1.33824e+06;1.34155e+07;422085
274;1.02286;616890;1.23759e+06;1.35728e+07;427037
275;0.878055;560815;1.14355e+06;1.37184e+07;431616
276;0.763164;509837;1.05581e+06;1.38529e+07;435847
277;0.670943;463493;974087;1.3977e+07;439753
278;0.596122;421361;898062;1.40916e+07;443357
279;0.534819;383060;827429;1.41972e+07;446680
280;0.484136;348239;761882;1.42945e+07;449742
281;0.441881;316585;701121;1.43841e+07;452561
282;0.406384;287807;644852;1.44665e+07;455155
283;0.376353;261645;592793;1.45424e+07;457541
284;0.350782;237862;544671;1.46121e+07;459734
285;0.328881;216240;500224;1.46761e+07;461749
286;0.31002;196584;459203;1.4735e+07;463600
287;0.293697;178715;421371;1.4789e+07;465299
288;0.279506;162469;386504;1.48385e+07;466858
289;0.267116;147701;354390;1.4884e+07;468288
290;0.256259;134275;324828;1.49257e+07;469600
291;0.246711;122069;297632;1.49639e+07;470802
292;0.238288;110973;272625;1.49989e+07;471903
293;0.230835;100886;249643;1.50309e+07;472912
294;0.224224;91715.3;228532;1.50603e+07;473835
295;0.218344;83378.4;209148;1.50872e+07;474681
296;0.213105;75799.3;191358;1.51117e+07;475455
297;0.208425;68909.1;175036;1.51343e+07;476163
298;0.204239;62645.3;160068;1.51548e+07;476810
299;0.200487;56950.9;146346;1.51737e+07;477403
300;0.19712;51774;133771;1.51909e+07;477944
301;0.194094;47067.8;122251;1.52066e+07;478439
302;0.19137;42789.3;111700;1.5221e+07;478891
303;0.188917;38899.8;102041;1.52341e+07;479305
304;0.186704;35363.8;93199.2;1.52461e+07;479682
305;0.184707;32149.2;85108.7;1.52571e+07;480027
306;0.182903;29226.9;77707.4;1.52671e+07;480342
307;0.181271;26570.1;70938.2;1.52762e+07;480629
308;0.179795;24154.9;64748.6;1.52846e+07;480892
309;0.178459;21959.2;59090.3;1.52922e+07;481131
310;0.177249;19963.1;53918.7;1.52991e+07;481350
311;0.176151;18148.5;49193;1.53055e+07;481550
312;0.175157;16498.8;44875.6;1.53113e+07;481732
313;0.174254;14999.1;40932;1.53165e+07;481898
314;0.173436;13635.6;37330.3;1.53213e+07;482049
315;0.172692;12396.2;34041.6;1.53257e+07;482187
316;0.172018;11269.3;31039.2;1.53297e+07;482313
317;0.171405;10245;28298.5;1.53334e+07;482428
318;0.170848;9313.7;25797.2;1.53367e+07;482533
319;0.170342;8467.08;23514.6;1.53397e+07;482628
320;0.169882;7697.43;21431.9;1.53425e+07;482715
321;0.169464;6997.73;19531.9;1.5345e+07;482794
322;0.169084;6361.64;17798.8;1.53473e+07;482867
323;0.168738;5783.37;16218.1;1.53494e+07;482933
324;0.168424;5257.66;14776.5;1.53513e+07;482993
325;0.168139;4779.74;13462.1;1.53531e+07;483047
326;0.167879;4345.26;12263.6;1.53547e+07;483097
327;0.167642;3950.28;11171;1.53561e+07;483142
328;0.167427;3591.2;10175;1.53574e+07;483184
329;0.167232;3264.76;9267.25;1.53586e+07;483221
330;0.167054;2967.99;8439.9;1.53597e+07;483256
331;0.166892;2698.2;7685.93;1.53607e+07;483287
332;0.166745;2452.93;6998.89;1.53616e+07;483315
333;0.166611;2229.96;6372.9;1.53624e+07;483341
334;0.166489;2027.26;5802.57;1.53632e+07;483365
335;0.166378;1842.98;5283;1.53638e+07;483386
336;0.166277;1675.45;4809.7;1.53645e+07;483406
337;0.166185;1523.16;4378.58;1.5365e+07;483424
338;0.166102;1384.7;3985.91;1.53655e+07;483440
339;0.166026;1258.83;3628.29;1.5366e+07;483455
340;0.165956;1144.4;3302.61;1.53664e+07;483468
341;0.165894;1040.38;3006.03;1.53668e+07;483480
342;0.165836;945.807;2735.97;1.53672e+07;483491
343;0.165784;859.833;2490.07;1.53675e+07;483502
344;0.165737;781.675;2266.18;1.53678e+07;483511
345;0.165694;710.62;2062.35;1.53681e+07;483519
346;0.165654;646.025;1876.78;1.53683e+07;483527
347;0.165619;587.301;1707.85;1.53685e+07;483534
348;0.165586;533.916;1554.07;1.53687e+07;483540
349;0.165557;485.383;1414.1;1.53689e+07;483546
350;0.16553;441.262;1286.69;1.53691e+07;483551
351;0.165505;401.151;1170.72;1.53692e+07;483556
352;0.165483;364.686;1065.18;1.53694e+07;483560
353;0.165463;331.536;969.123;1.53695e+07;483564
354;0.165445;301.4;881.705;1.53696e+07;483568
355;0.165428;274.003;802.152;1.53697e+07;483571
356;0.165413;249.096;729.758;1.53698e+07;483574
357;0.165399;226.453;663.881;1.53699e+07;483577
358;0.165386;205.868;603.937;1.537e+07;483579
359;0.165375;187.155;549.393;1.537e+07;483581
360;0.165364;170.143;499.764;1.53701e+07;483583
361;0.165355;154.677;454.608;1.53702e+07;483585
362;0.165346;140.617;413.524;1.53702e+07;483587
363;0.165338;127.834;376.146;1.53703e+07;483588
364;0.165331;116.214;342.14;1.53703e+07;483590
365;0.165325;105.65;311.202;1.53704e+07;483591
366;0.165319;96.0468;283.057;1.53704e+07;483592
367;0.165313;87.3162;257.453;1.53704e+07;483593
368;0.165308;79.3791;234.161;1.53705e+07;483594
369;0.165304;72.1636;212.973;1.53705e+07;483595
370;0.1653;65.6039;193.699;1.53705e+07;483596
371;0.165296;59.6405;176.166;1.53705e+07;483596
372;0.165293;54.2192;160.219;1.53705e+07;483597
373;0.16529;49.2907;145.713;1.53706e+07;483598
374;0.165287;44.8102;132.518;1.53706e+07;483598
375;0.165285;40.7369;120.517;1.53706e+07;483599
376;0.165282;37.0339;109.601;1.53706e+07;483599
377;0.16528;33.6676;99.6731;1.53706e+07;483600
378;0.165278;30.6072;90.6431;1.53706e+07;483600
379;0.165277;27.825;82.4303;1.53706e+07;483600
380;0.165275;25.2957;74.9608;1.53707e+07;483601
381;0.165274;22.9963;68.1674;1.53707e+07;483601
382;0.165272;20.906;61.9891;1.53707e+07;483601
383;0.165271;19.0056;56.3702;1.53707e+07;483601
384;0.16527;17.278;51.2601;1.53707e+07;483602
385;0.165269;15.7074;46.6128;1.53707e+07;483602
386;0.165268;14.2796;42.3865;1.53707e+07;483602
387;0.165267;12.9816;38.543;1.53707e+07;483602
388;0.165267;11.8016;35.0478;1.53707e+07;483602
389;0.165266;10.7288;31.8692;1.53707e+07;483602
390;0.165265;9.75357;28.9787;1.53707e+07;483603
391;0.165265;8.86697;26.3502;1.53707e+07;483603
392;0.165264;8.06096;23.96;1.53707e+07;483603
393;0.165264;7.32822;21.7863;1.53707e+07;483603
394;0.165264;6.66209;19.8098;1.53707e+07;483603
395;0.165263;6.0565;18.0125;1.53707e+07;483603
396;0.165263;5.50597;16.3781;1.53707e+07;483603
397;0.165262;5.00547;14.8919;1.53707e+07;483603
398;0.165262;4.55048;13.5405;1.53707e+07;483603
399;0.165262;4.13684;12.3117;1.53707e+07;483603
400;0.165262;3.7608;11.1943;1.53707e+07;483603
401;0.165262;3.41894;10.1783;1.53707e+07;483603
402;0.165261;3.10816;9.25446;1.53707e+07;483603
403;0.165261;2.82563;8.41443;1.53707e+07;483603
404;0.165261;2.56878;7.65061;1.53707e+07;483603
405;0.165261;2.33528;6.95609;1.53707e+07;483603
406;0.165261;2.123;6.32459;1.53707e+07;483603
407;0.165261;1.93002;5.7504;1.53707e+07;483603
408;0.16526;1.75458;5.22832;1.53707e+07;483603
409;0.16526;1.59509;4.75361;1.53707e+07;483603
410;0.16526;1.4501;4.32199;1.53707e+07;483604
411;0.16526;1.31828;3.92955;1.53708e+07;483604
412;0.16526;1.19845;3.57273;1.53708e+07;483604
413;0.16526;1.08951;3.2483;1.53708e+07;483604
414;0.16526;0.990476;2.95331;1.53708e+07;483604
415;0.16526;0.900442;2.68511;1.53708e+07;483604
416;0.16526;0.818592;2.44126;1.53708e+07;483604
417;0.16526;0.744182;2.21954;1.53708e+07;483604
418;0.16526;0.676536;2.01796;1.53708e+07;483604
419;0.16526;0.615039;1.83468;1.53708e+07;483604
420;0.16526;0.559132;1.66804;1.53708e+07;483604
421;0.16526;0.508307;1.51653;1.53708e+07;483604
422;0.16526;0.462102;1.37878;1.53708e+07;483604
423;0.16526;0.420097;1.25354;1.53708e+07;483604
424;0.16526;0.38191;1.13967;1.53708e+07;483604
425;0.16526;0.347194;1.03614;1.53708e+07;483604
426;0.16526;0.315634;0.94202;1.53708e+07;483604
427;0.16526;0.286943;0.856444;1.53708e+07;483604
428;0.16526;0.26086;0.778641;1.53708e+07;483604
429;0.16526;0.237148;0.707904;1.53708e+07;483604
430;0.16526;0.215591;0.643592;1.53708e+07;483604
431;0.165259;0.195994;0.585121;1.53708e+07;483604
432;0.165259;0.178178;0.531962;1.53708e+07;483604
433;0.165259;0.161982;0.483631;1.53708e+07;483604
