180;6.9826e+06;1.7647;0.8787;0.1176;0.0037
181;6.9826e+06;3.15493;0.932525;0.220935;0.00695119
182;6.9826e+06;4.51377;1.10619;0.3306;0.0104015
183;6.9826e+06;6.05557;1.38231;0.460688;0.0144944
184;6.98259e+06;7.94448;1.76509;0.623248;0.019609
185;6.98259e+06;10.3372;2.27314;0.830823;0.0261398
186;6.98259e+06;13.4089;2.93706;1.09814;0.0345505
187;6.98258e+06;17.3731;3.79966;1.44354;0.0454176
188;6.98258e+06;22.4991;4.91798;1.89038;0.0594763
189;6.98257e+06;29.1327;6.36659;2.46874;0.0776728
190;6.98256e+06;37.7196;8.24248;3.21745;0.101229
191;6.98254e+06;48.8363;10.6714;4.18676;0.131726
192;6.98252e+06;63.2287;13.8162;5.44172;0.171211
193;6.9825e+06;81.8623;17.8877;7.0665;0.22233
194;6.98247e+06;105.987;23.1592;9.1701;0.288515
195;6.98243e+06;137.221;29.9842;11.8936;0.374204
196;6.98237e+06;177.66;38.8205;15.4198;0.485146
197;6.9823e+06;230.015;50.2609;19.9851;0.628782
198;6.98222e+06;297.798;65.0726;25.8957;0.814747
199;6.9821e+06;385.555;84.2491;33.5483;1.05552
200;6.98195e+06;499.172;109.077;43.456;1.36724
201;6.98176e+06;646.267;141.22;56.2834;1.77082
202;6.98151e+06;836.702;182.836;72.8909;2.29334
203;6.98119e+06;1083.25;236.714;94.3924;2.96983
204;6.98077e+06;1402.42;306.468;122.23;3.84567
205;6.98023e+06;1815.63;396.774;158.271;4.9796
206;6.97953e+06;2350.53;513.685;204.931;6.44767
207;6.97862e+06;3042.97;665.039;265.341;8.3483
208;6.97745e+06;3939.29;860.976;343.549;10.8089
209;6.97593e+06;5099.45;1114.62;444.8;13.9946
210;6.97397e+06;6601.01;1442.96;575.879;18.1187
211;6.97142e+06;8544.22;1867.96;745.571;23.4576
212;6.96813e+06;11058.7;2418.04;965.243;30.369
213;6.96387e+06;14311.7;3129.97;1249.61;39.3158
214;6.95837e+06;18519.5;4051.24;1617.69;50.8967
215;6.95124e+06;23960.5;5243.24;2094.12;65.8863
216;6.94203e+06;30993.7;6785.24;2710.72;85.2863
217;6.93013e+06;40080.9;8779.53;3508.67;110.392
218;6.91475e+06;51814.5;11357.9;4541.14;142.876
219;6.8949e+06;66953.5;14690.1;5876.83;184.9
220;6.8693e+06;86466.2;18994.3;7604.39;239.254
221;6.83632e+06;111583;24550.1;9838.12;309.533
222;6.79391e+06;143858;31715;12725.2;400.368
223;6.73945e+06;185239;40944.7;16454.9;517.714
224;6.6697e+06;238145;52816.3;21270;669.209
225;6.58067e+06;305534;68057;27481.2;864.629
226;6.46747e+06;390962;87574.8;35484.7;1116.44
227;6.3243e+06;498588;112490;45783.5;1440.47
228;6.14447e+06;633100;144167;59012.4;1856.68
229;5.92054e+06;799484;184228;75966.4;2390.1
230;5.64478e+06;1.00256e+06;234554;97631.6;3071.74
231;5.31002e+06;1.24619e+06;297236;125215;3939.6
232;4.91091e+06;1.53202e+06;374460;160170;5039.37
233;4.44583e+06;1.85785e+06;468299;204207;6424.87
234;3.91917e+06;2.21563e+06;580373;259279;8157.58
235;3.34365e+06;2.58975e+06;711374;327530;10305
236;2.74163e+06;2.95636e+06;860493;411188;12937
237;2.1443e+06;3.28496e+06;1.02485e+06;512382;16120.9
238;1.58762e+06;3.54303e+06;1.19914e+06;632904;19912.8
239;1.10511e+06;3.70348e+06;1.37574e+06;773923;24349.6
240;719533;3.75241e+06;1.54551e+06;935710;29439.9
241;437299;3.69355e+06;1.69913e+06;1.11746e+06;35158.2
242;248565;3.54654e+06;1.82877e+06;1.31728e+06;41445
243;132997;3.33973e+06;1.92932e+06;1.53234e+06;48211.5
244;67697.7;3.10145e+06;1.99888e+06;1.75923e+06;55350
245;33225.5;2.854e+06;2.03834e+06;1.9943e+06;62745.9
246;15954.4;2.61184e+06;2.05051e+06;2.23401e+06;70287.7
247;7602.45;2.38278e+06;2.0392e+06;2.47515e+06;77874.6
248;3640.25;2.17014e+06;2.00844e+06;2.71496e+06;85419.6
249;1769.62;1.97475e+06;1.96208e+06;2.95115e+06;92850.9
250;880.289;1.79613e+06;1.90359e+06;3.18189e+06;100111
251;450.633;1.63329e+06;1.83595e+06;3.40576e+06;107154
252;238.283;1.48504e+06;1.76172e+06;3.62166e+06;113947
253;130.431;1.35016e+06;1.68301e+06;3.82884e+06;120465
254;73.9795;1.22748e+06;1.60159e+06;4.02676e+06;126692
255;43.4818;1.11594e+06;1.5189e+06;4.21511e+06;132618
256;26.4675;1.01452e+06;1.43609e+06;4.39373e+06;138238
257;16.6674;922306;1.35411e+06;4.56262e+06;143552
258;10.8437;838474;1.2737e+06;4.72186e+06;148562
259;7.27728;762260;1.19541e+06;4.87165e+06;153275
260;5.02937;692973;1.1197e+06;5.01223e+06;157698
261;3.57328;629983;1.04687e+06;5.1439e+06;161841
262;2.60546;572719;977152;5.26702e+06;165714
263;1.94639;520659;910683;5.38193e+06;169329
264;1.48729;473332;847545;5.48903e+06;172699
265;1.16064;430306;787764;5.5887e+06;175835
266;0.923597;391192;731323;5.68134e+06;178750
267;0.748409;355632;678173;5.76734e+06;181455
268;0.616715;323306;628238;5.8471e+06;183965
269;0.516148;293917;581421;5.92098e+06;186289
270;0.438226;267200;537612;5.98935e+06;188440
271;0.377033;242912;496688;6.05257e+06;190430
272;0.328379;220831;458520;6.11098e+06;192267
273;0.289249;200758;422975;6.16491e+06;193964
274;0.257446;182509;389917;6.21465e+06;195529
275;0.231345;165919;359210;6.2605e+06;196972
276;0.209734;150837;330720;6.30275e+06;198301
277;0.191691;137126;304315;6.34164e+06;199524
278;0.176515;124661;279866;6.37743e+06;200650
279;0.163661;113329;257250;6.41034e+06;201686
280;0.152704;103028;236347;6.44059e+06;202638
281;0.14331;93662.5;217044;6.46839e+06;203512
282;0.135213;85148.6;199230;6.49391e+06;204315
283;0.1282;77408.6;182804;6.51734e+06;205052
284;0.122098;70372.2;167666;6.53884e+06;205729
285;0.116767;63975.3;153725;6.55855e+06;206349
286;0.112093;58160;140893;6.57663e+06;206918
287;0.10798;52873.2;129090;6.5932e+06;207439
288;0.104349;48067.1;118237;6.60838e+06;207917
289;0.101135;43697.8;108264;6.62229e+06;208354
290;0.0982828;39725.7;99104.1;6.63502e+06;208755
291;0.0957453;36114.6;90693.8;6.64667e+06;209122
292;0.093483;32831.8;82975.5;6.65734e+06;209457
293;0.091462;29847.4;75895;6.6671e+06;209764
294;0.0896534;27134.2;69402;6.67602e+06;210045
295;0.0880321;24667.7;63450.1;6.68418e+06;210302
296;0.0865767;22425.5;57995.9;6.69165e+06;210536
297;0.0852682;20387;52999.5;6.69847e+06;210751
298;0.0840906;18533.8;48423.8;6.7047e+06;210947
299;0.0830294;16849.1;44234.7;6.71039e+06;211126
300;0.0820723;15317.5;40400.6;6.7156e+06;211290
301;0.0812082;13925.1;36892.4;6.72035e+06;211439
302;0.0804273;12659.3;33683.1;6.72469e+06;211576
303;0.0797213;11508.6;30748.1;6.72865e+06;211701
304;0.0790824;10462.5;28064.5;6.73226e+06;211814
305;0.078504;9511.44;25611.3;6.73556e+06;211918
306;0.07798;8646.85;23369.2;6.73857e+06;212013
307;0.077505;7860.85;21320.6;6.74132e+06;212099
308;0.0770743;7146.3;19448.9;6.74383e+06;212178
309;0.0766836;6496.7;17739.4;6.74612e+06;212250
310;0.076329;5906.15;16178.1;6.7482e+06;212316
311;0.0760071;5369.28;14752.6;6.75011e+06;212376
312;0.0757149;4881.22;13451.2;6.75184e+06;212430
313;0.0754494;4437.51;12263.2;6.75342e+06;212480
314;0.0752082;4034.14;11179.1;6.75487e+06;212526
315;0.0749891;3667.44;10189.8;6.75618e+06;212567
316;0.0747899;3334.07;9287.12;6.75738e+06;212605
317;0.0746088;3031;8463.66;6.75847e+06;212639
318;0.0744442;2755.49;7712.54;6.75947e+06;212670
319;0.0742946;2505.01;7027.48;6.76037e+06;212699
320;0.0741585;2277.31;6402.75;6.7612e+06;212725
321;0.0740347;2070.3;5833.1;6.76195e+06;212748
322;0.0739222;1882.11;5313.74;6.76264e+06;212770
323;0.0738198;1711.03;4840.27;6.76326e+06;212790
324;0.0737266;1555.49;4408.67;6.76383e+06;212808
325;0.0736419;1414.1;4015.3;6.76435e+06;212824
326;0.0735648;1285.56;3656.78;6.76482e+06;212839
327;0.0734947;1168.7;3330.07;6.76525e+06;212852
328;0.0734309;1062.47;3032.37;6.76564e+06;212865
329;0.0733729;965.888;2761.12;6.766e+06;212876
330;0.07332;878.089;2514;6.76633e+06;212886
331;0.073272;798.271;2288.87;6.76662e+06;212895
332;0.0732283;725.708;2083.79;6.76689e+06;212904
333;0.0731885;659.741;1896.99;6.76714e+06;212912
334;0.0731523;599.771;1726.86;6.76736e+06;212919
335;0.0731194;545.251;1571.91;6.76756e+06;212925
336;0.0730894;495.688;1430.8;6.76775e+06;212931
337;0.0730622;450.63;1302.3;6.76791e+06;212936
338;0.0730374;409.668;1185.3;6.76807e+06;212941
339;0.0730148;372.429;1078.76;6.76821e+06;212945
340;0.0729943;338.575;981.758;6.76833e+06;212949
341;0.0729756;307.799;893.448;6.76845e+06;212953
342;0.0729586;279.82;813.051;6.76855e+06;212956
343;0.0729431;254.384;739.864;6.76865e+06;212959
344;0.072929;231.261;673.242;6.76874e+06;212962
345;0.0729162;210.239;612.599;6.76882e+06;212964
346;0.0729046;191.128;557.402;6.76889e+06;212967
347;0.072894;173.755;507.162;6.76895e+06;212969
348;0.0728844;157.961;461.438;6.76901e+06;212971
349;0.0728756;143.602;419.824;6.76907e+06;212972
350;0.0728676;130.549;381.953;6.76912e+06;212974
351;0.0728604;118.682;347.489;6.76916e+06;212975
352;0.0728538;107.894;316.127;6.7692e+06;212977
353;0.0728478;98.086;287.588;6.76924e+06;212978
354;0.0728423;89.17;261.62;6.76927e+06;212979
355;0.0728373;81.0645;237.991;6.76931e+06;212980
356;0.0728328;73.6957;216.491;6.76933e+06;212981
357;0.0728287;66.9968;196.93;6.76936e+06;212982
358;0.072825;60.9068;179.132;6.76938e+06;212982
359;0.0728216;55.3704;162.94;6.7694e+06;212983
360;0.0728185;50.3372;148.208;6.76942e+06;212984
361;0.0728157;45.7615;134.806;6.76944e+06;212984
362;0.0728131;41.6018;122.614;6.76946e+06;212985
363;0.0728108;37.8202;111.523;6.76947e+06;212985
364;0.0728087;34.3824;101.433;6.76948e+06;212985
365;0.0728067;31.257;92.2543;6.76949e+06;212986
366;0.072805;28.4157;83.9051;6.76951e+06;212986
367;0.0728034;25.8328;76.3104;6.76952e+06;212986
368;0.0728019;23.4846;69.4022;6.76952e+06;212987
369;0.0728006;21.3498;63.1184;6.76953e+06;212987
370;0.0727994;19.4091;57.4029;6.76954e+06;212987
371;0.0727983;17.6448;52.2042;6.76955e+06;212987
372;0.0727974;16.0409;47.4757;6.76955e+06;212988
373;0.0727965;14.5828;43.1751;6.76956e+06;212988
374;0.0727956;13.2572;39.2635;6.76956e+06;212988
375;0.0727949;12.0521;35.7059;6.76957e+06;212988
376;0.0727942;10.9566;32.4703;6.76957e+06;212988
377;0.0727936;9.96065;29.5276;6.76958e+06;212988
378;0.072793;9.05523;26.8514;6.76958e+06;212988
379;0.0727925;8.23211;24.4174;6.76958e+06;212989
380;0.0727921;7.48381;22.2039;6.76959e+06;212989
381;0.0727916;6.80353;20.1908;6.76959e+06;212989
382;0.0727913;6.18509;18.3601;6.76959e+06;212989
383;0.0727909;5.62287;16.6953;6.76959e+06;212989
384;0.0727906;5.11175;15.1812;6.76959e+06;212989
385;0.0727903;4.64709;13.8044;6.7696e+06;212989
386;0.07279;4.22467;12.5524;6.7696e+06;212989
387;0.0727898;3.84065;11.4138;6.7696e+06;212989
388;0.0727896;3.49153;10.3784;6.7696e+06;212989
389;0.0727894;3.17415;9.43688;6.7696e+06;212989
390;0.0727892;2.88562;8.58072;6.7696e+06;212989
391;0.072789;2.62332;7.80218;6.7696e+06;212989
392;0.0727889;2.38486;7.09424;6.76961e+06;212989
393;0.0727888;2.16808;6.45049;6.76961e+06;212989
394;0.0727886;1.971;5.86512;6.76961e+06;212989
395;0.0727885;1.79183;5.33285;6.76961e+06;212989
396;0.0727884;1.62896;4.84885;6.76961e+06;212989
397;0.0727883;1.48088;4.40876;6.76961e+06;212989
398;0.0727883;1.34627;4.00859;6.76961e+06;212989
399;0.0727882;1.2239;3.64472;6.76961e+06;212989
400;0.0727881;1.11264;3.31387;6.76961e+06;212989
401;0.072788;1.0115;3.01304;6.76961e+06;212989
402;0.072788;0.919559;2.7395;6.76961e+06;212989
403;0.0727879;0.835971;2.49079;6.76961e+06;212989
404;0.0727879;0.759982;2.26464;6.76961e+06;212989
405;0.0727878;0.690899;2.05903;6.76961e+06;212989
406;0.0727878;0.628097;1.87207;6.76961e+06;212989
407;0.0727878;0.571003;1.70208;6.76961e+06;212989
408;0.0727877;0.519099;1.54752;6.76961e+06;212990
409;0.0727877;0.471913;1.40699;6.76961e+06;212990
410;0.0727877;0.429016;1.27922;6.76961e+06;212990
411;0.0727877;0.390018;1.16305;6.76961e+06;212990
412;0.0727876;0.354566;1.05743;6.76961e+06;212990
413;0.0727876;0.322336;0.961389;6.76961e+06;212990
414;0.0727876;0.293035;0.874073;6.76961e+06;212990
415;0.0727876;0.266398;0.794685;6.76961e+06;212990
416;0.0727876;0.242183;0.722505;6.76961e+06;212990
417;0.0727876;0.220168;0.65688;6.76961e+06;212990
418;0.0727875;0.200155;0.597214;6.76961e+06;212990
419;0.0727875;0.181961;0.542966;6.76961e+06;212990
420;0.0727875;0.165421;0.493644;6.76961e+06;212990
