168;7.65015e+06;1.7647;0.8787;0.1176;0.0037
169;7.65015e+06;3.15493;0.932525;0.220935;0.00695119
170;7.65015e+06;4.51377;1.10619;0.3306;0.0104015
171;7.65015e+06;6.05557;1.38231;0.460688;0.0144944
172;7.65014e+06;7.94448;1.76509;0.623248;0.019609
173;7.65014e+06;10.3372;2.27314;0.830823;0.0261398
174;7.65014e+06;13.4089;2.93706;1.09814;0.0345505
175;7.65013e+06;17.3731;3.79966;1.44354;0.0454176
176;7.65013e+06;22.4991;4.91798;1.89038;0.0594763
177;7.65012e+06;29.1327;6.36659;2.46874;0.0776728
178;7.65011e+06;37.7196;8.24249;3.21745;0.101229
179;7.65009e+06;48.8363;10.6714;4.18676;0.131726
180;7.65007e+06;63.2287;13.8162;5.44172;0.171211
181;7.65005e+06;81.8623;17.8877;7.0665;0.22233
182;7.65002e+06;105.987;23.1593;9.1701;0.288515
183;7.64998e+06;137.221;29.9843;11.8936;0.374204
184;7.64992e+06;177.66;38.8206;15.4198;0.485146
185;7.64985e+06;230.015;50.2609;19.9851;0.628782
186;7.64977e+06;297.799;65.0727;25.8958;0.814748
187;7.64965e+06;385.557;84.2493;33.5483;1.05552
188;7.6495e+06;499.175;109.077;43.456;1.36724
189;7.64931e+06;646.271;141.221;56.2835;1.77082
190;7.64906e+06;836.71;182.837;72.891;2.29334
191;7.64874e+06;1083.26;236.716;94.3927;2.96984
192;7.64832e+06;1402.45;306.47;122.23;3.84569
193;7.64778e+06;1815.66;396.778;158.271;4.97963
194;7.64708e+06;2350.59;513.692;204.932;6.4477
195;7.64617e+06;3043.07;665.051;265.343;8.34836
196;7.645e+06;3939.46;860.995;343.553;10.8091
197;7.64348e+06;5099.74;1114.65;444.806;13.9947
198;7.64152e+06;6601.49;1443.01;575.889;18.119
199;7.63897e+06;8545.03;1868.05;745.587;23.4581
200;7.63568e+06;11060;2418.2;965.27;30.3699
201;7.63142e+06;14314;3130.23;1249.65;39.3172
202;7.62591e+06;18523.3;4051.67;1617.77;50.8991
203;7.61878e+06;23966.9;5243.97;2094.24;65.8903
204;7.60957e+06;31004.4;6786.47;2710.93;85.293
205;7.59766e+06;40098.8;8781.57;3509.02;110.403
206;7.58226e+06;51844.5;11361.4;4541.74;142.895
207;7.56239e+06;67003.7;14695.9;5877.83;184.932
208;7.53676e+06;86548.2;19003;7605.95;239.303
209;7.50372e+06;111720;24565.2;9840.7;309.614
210;7.4612e+06;144086;31740.7;12729.6;400.505
211;7.40656e+06;185621;40988;16462.3;517.946
212;7.33653e+06;238781;52889.1;21282.5;669.602
213;7.24702e+06;306591;68178.9;27502.2;865.291
214;7.13303e+06;392709;87777.9;35520.1;1117.55
215;6.98858e+06;501464;112828;45842.7;1442.33
216;6.80666e+06;637803;144725;59111.3;1859.79
217;6.57936e+06;807118;185146;76130.9;2395.28
218;6.29828e+06;1.01483e+06;236055;97904.1;3080.32
219;5.95519e+06;1.26568e+06;299670;125664;3953.72
220;5.54332e+06;1.5625e+06;378370;160905;5062.5
221;5.05918e+06;1.90461e+06;474505;205402;6462.46
222;4.50495e+06;2.28571e+06;590076;261203;8218.13
223;3.8911e+06;2.69179e+06;726271;330596;10401.4
224;3.23833e+06;3.09988e+06;882858;416006;13088.6
225;2.5777e+06;3.47872e+06;1.05755e+06;519830;16355.2
226;1.94753e+06;3.79268e+06;1.24548e+06;644197;20268.1
227;1.38652e+06;4.00894e+06;1.43916e+06;790665;24876.4
228;924722;4.10632e+06;1.629e+06;959910;30201.3
229;575863;4.08191e+06;1.80467e+06;1.15148e+06;36228.6
230;334996;3.95173e+06;1.95681e+06;1.36371e+06;42905.8
231;182931;3.74459e+06;2.07866e+06;1.59383e+06;50146
232;94638.1;3.4925e+06;2.1669e+06;1.83828e+06;57837.1
233;46973;3.22269e+06;2.22152e+06;2.09311e+06;65854.6
234;22692.8;2.95403e+06;2.24499e+06;2.35436e+06;74074.2
235;10826.1;2.69738e+06;2.2412e+06;2.61837e+06;82380.7
236;5168.23;2.45784e+06;2.21453e+06;2.88194e+06;90673.1
237;2496.45;2.2371e+06;2.16933e+06;3.14236e+06;98866.9
238;1230.85;2.03501e+06;2.10954e+06;3.39748e+06;106893
239;623.41;1.85064e+06;2.03863e+06;3.64556e+06;114699
240;325.783;1.68271e+06;1.95957e+06;3.8853e+06;122242
241;176.13;1.5299e+06;1.87483e+06;4.11575e+06;129492
242;98.6466;1.39091e+06;1.78648e+06;4.33623e+06;136429
243;57.2566;1.26452e+06;1.69622e+06;4.54632e+06;143039
244;34.4268;1.1496e+06;1.60541e+06;4.74579e+06;149315
245;21.4238;1.04511e+06;1.51517e+06;4.93459e+06;155255
246;13.7808;950118;1.42638e+06;5.11277e+06;160861
247;9.14915;863757;1.33973e+06;5.28052e+06;166139
248;6.25892;785244;1.25573e+06;5.43807e+06;171096
249;4.40445;713868;1.17479e+06;5.58574e+06;175742
250;3.18281;648978;1.09718e+06;5.7239e+06;180089
251;2.35785;589987;1.02309e+06;5.85293e+06;184148
252;1.78767;536358;952615;5.97324e+06;187934
253;1.38495;487603;885818;6.08527e+06;191458
254;1.09469;443280;822691;6.18944e+06;194736
255;0.881521;402986;763193;6.28619e+06;197780
256;0.722212;366355;707249;6.37594e+06;200604
257;0.601215;333054;654761;6.45912e+06;203220
258;0.507931;302779;605613;6.53611e+06;205643
259;0.435014;275257;559675;6.60734e+06;207884
260;0.377284;250236;516807;6.67315e+06;209955
261;0.331037;227489;476865;6.73393e+06;211867
262;0.293586;206811;439700;6.79001e+06;213631
263;0.262953;188012;405164;6.84172e+06;215258
264;0.237665;170921;373107;6.88936e+06;216757
265;0.216614;155385;343386;6.93324e+06;218138
266;0.198952;141260;315858;6.97362e+06;219408
267;0.184029;128420;290385;7.01077e+06;220577
268;0.171336;116746;266835;7.04492e+06;221651
269;0.160475;106134;245080;7.0763e+06;222639
270;0.151131;96486.5;224999;7.10512e+06;223545
271;0.143051;87715.9;206477;7.13158e+06;224378
272;0.136032;79742.5;189405;7.15586e+06;225142
273;0.129908;72493.9;173679;7.17814e+06;225843
274;0.124545;65904.2;159201;7.19856e+06;226485
275;0.119832;59913.5;145881;7.21728e+06;227074
276;0.115676;54467.4;133632;7.23444e+06;227614
277;0.112001;49516.3;122373;7.25015e+06;228109
278;0.108742;45015.3;112030;7.26454e+06;228561
279;0.105846;40923.4;102533;7.27772e+06;228976
280;0.103265;37203.5;93815.7;7.28978e+06;229355
281;0.100961;33821.7;85817.6;7.30081e+06;229702
282;0.0989006;30747.3;78482.3;7.3109e+06;230020
283;0.0970546;27952.4;71757.4;7.32013e+06;230310
284;0.0953982;25411.5;65594.1;7.32857e+06;230576
285;0.0939099;23101.6;59947.4;7.33628e+06;230818
286;0.0925709;21001.7;54775.7;7.34333e+06;231040
287;0.0913648;19092.6;50040.5;7.34977e+06;231243
288;0.0902773;17357.1;45706.1;7.35566e+06;231428
289;0.0892958;15779.3;41739.7;7.36103e+06;231597
290;0.0884092;14345;38111;7.36594e+06;231752
291;0.0876077;13041;34792.1;7.37043e+06;231893
292;0.0868826;11855.6;31757.3;7.37452e+06;232021
293;0.0862263;10777.9;28982.8;7.37825e+06;232139
294;0.0856318;9798.22;26446.9;7.38166e+06;232246
295;0.085093;8907.56;24129.5;7.38477e+06;232344
296;0.0846045;8097.86;22012.3;7.38761e+06;232433
297;0.0841615;7361.77;20078.3;7.3902e+06;232515
298;0.0837595;6692.58;18312;7.39256e+06;232589
299;0.0833946;6084.23;16699.1;7.39471e+06;232657
300;0.0830632;5531.17;15226.6;7.39667e+06;232719
301;0.0827623;5028.39;13882.4;7.39847e+06;232775
302;0.082489;4571.31;12655.5;7.4001e+06;232826
303;0.0822406;4155.78;11535.9;7.40159e+06;232873
304;0.0820149;3778.02;10514.4;7.40294e+06;232916
305;0.0818097;3434.6;9582.41;7.40418e+06;232955
306;0.0816232;3122.39;8732.27;7.40531e+06;232990
307;0.0814537;2838.57;7956.87;7.40633e+06;233022
308;0.0812995;2580.54;7249.73;7.40727e+06;233052
309;0.0811592;2345.97;6604.91;7.40812e+06;233079
310;0.0810317;2132.72;6016.98;7.4089e+06;233103
311;0.0809157;1938.86;5480.99;7.40961e+06;233125
312;0.0808102;1762.61;4992.38;7.41025e+06;233146
313;0.0807142;1602.39;4547.03;7.41084e+06;233164
314;0.0806269;1456.74;4141.13;7.41137e+06;233181
315;0.0805474;1324.32;3771.23;7.41186e+06;233196
316;0.0804751;1203.94;3434.16;7.4123e+06;233210
317;0.0804094;1094.5;3127.03;7.41271e+06;233223
318;0.0803496;995.01;2847.22;7.41307e+06;233234
319;0.0802951;904.564;2592.29;7.41341e+06;233245
320;0.0802456;822.339;2360.07;7.41371e+06;233255
321;0.0802005;747.588;2148.55;7.41399e+06;233263
322;0.0801596;679.633;1955.88;7.41424e+06;233271
323;0.0801222;617.854;1780.41;7.41447e+06;233279
324;0.0800883;561.691;1620.61;7.41468e+06;233285
325;0.0800574;510.633;1475.09;7.41487e+06;233291
326;0.0800293;464.217;1342.58;7.41505e+06;233297
327;0.0800038;422.02;1221.92;7.41521e+06;233302
328;0.0799805;383.658;1112.06;7.41535e+06;233306
329;0.0799593;348.784;1012.04;7.41548e+06;233310
330;0.0799401;317.079;920.988;7.4156e+06;233314
331;0.0799226;288.257;838.095;7.41571e+06;233317
332;0.0799066;262.054;762.637;7.41581e+06;233320
333;0.0798921;238.233;693.949;7.4159e+06;233323
334;0.0798789;216.578;631.429;7.41598e+06;233326
335;0.0798669;196.891;574.523;7.41605e+06;233328
336;0.079856;178.994;522.731;7.41612e+06;233330
337;0.0798461;162.723;475.594;7.41618e+06;233332
338;0.0798371;147.932;432.696;7.41624e+06;233334
339;0.0798288;134.485;393.657;7.41629e+06;233336
340;0.0798214;122.26;358.131;7.41633e+06;233337
341;0.0798146;111.147;325.803;7.41638e+06;233338
342;0.0798084;101.043;296.387;7.41641e+06;233340
343;0.0798027;91.8585;269.62;7.41645e+06;233341
344;0.0797976;83.5086;245.265;7.41648e+06;233342
345;0.079793;75.9177;223.105;7.41651e+06;233343
346;0.0797887;69.0168;202.943;7.41654e+06;233343
347;0.0797849;62.7431;184.6;7.41656e+06;233344
348;0.0797814;57.0398;167.911;7.41658e+06;233345
349;0.0797782;51.8549;152.729;7.4166e+06;233345
350;0.0797753;47.1413;138.916;7.41662e+06;233346
351;0.0797727;42.8561;126.351;7.41664e+06;233347
352;0.0797703;38.9605;114.92;7.41665e+06;233347
353;0.0797681;35.419;104.522;7.41666e+06;233347
354;0.0797661;32.1994;95.0629;7.41668e+06;233348
355;0.0797643;29.2725;86.4587;7.41669e+06;233348
356;0.0797626;26.6116;78.6321;7.4167e+06;233348
357;0.0797612;24.1926;71.5131;7.41671e+06;233349
358;0.0797598;21.9935;65.0376;7.41671e+06;233349
359;0.0797586;19.9943;59.1478;7.41672e+06;233349
360;0.0797574;18.1768;53.7906;7.41673e+06;233349
361;0.0797564;16.5246;48.9181;7.41674e+06;233350
362;0.0797555;15.0225;44.4864;7.41674e+06;233350
363;0.0797546;13.6569;40.4558;7.41675e+06;233350
364;0.0797539;12.4155;36.7899;7.41675e+06;233350
365;0.0797532;11.287;33.4559;7.41676e+06;233350
366;0.0797525;10.261;30.4236;7.41676e+06;233350
367;0.079752;9.32825;27.666;7.41676e+06;233351
368;0.0797514;8.48031;25.158;7.41677e+06;233351
369;0.079751;7.70945;22.8772;7.41677e+06;233351
370;0.0797505;7.00866;20.803;7.41677e+06;233351
371;0.0797501;6.37157;18.9167;7.41677e+06;233351
372;0.0797498;5.7924;17.2013;7.41678e+06;233351
373;0.0797495;5.26587;15.6413;7.41678e+06;233351
374;0.0797492;4.7872;14.2227;7.41678e+06;233351
375;0.0797489;4.35205;12.9326;7.41678e+06;233351
376;0.0797486;3.95645;11.7595;7.41678e+06;233351
377;0.0797484;3.5968;10.6927;7.41679e+06;233351
378;0.0797482;3.26986;9.72263;7.41679e+06;233351
379;0.079748;2.97263;8.8405;7.41679e+06;233351
380;0.0797479;2.70241;8.03836;7.41679e+06;233351
381;0.0797477;2.45676;7.30896;7.41679e+06;233351
382;0.0797476;2.23345;6.6457;7.41679e+06;233351
383;0.0797474;2.03043;6.0426;7.41679e+06;233351
384;0.0797473;1.84586;5.4942;7.41679e+06;233351
385;0.0797472;1.67807;4.99554;7.41679e+06;233351
386;0.0797471;1.52553;4.54212;7.41679e+06;233351
387;0.079747;1.38686;4.12983;7.41679e+06;233352
388;0.079747;1.2608;3.75495;7.41679e+06;233352
389;0.0797469;1.14619;3.41408;7.41679e+06;233352
390;0.0797468;1.042;3.10414;7.4168e+06;233352
391;0.0797468;0.947285;2.82232;7.4168e+06;233352
392;0.0797467;0.861176;2.56609;7.4168e+06;233352
393;0.0797467;0.782896;2.3331;7.4168e+06;233352
394;0.0797466;0.71173;2.12126;7.4168e+06;233352
395;0.0797466;0.647034;1.92865;7.4168e+06;233352
396;0.0797465;0.588219;1.75352;7.4168e+06;233352
397;0.0797465;0.53475;1.59429;7.4168e+06;233352
398;0.0797465;0.486141;1.44951;7.4168e+06;233352
399;0.0797465;0.441951;1.31787;7.4168e+06;233352
400;0.0797464;0.401777;1.19819;7.4168e+06;233352
401;0.0797464;0.365256;1.08937;7.4168e+06;233352
402;0.0797464;0.332054;0.99043;7.4168e+06;233352
403;0.0797464;0.30187;0.900475;7.4168e+06;233352
404;0.0797464;0.27443;0.818687;7.4168e+06;233352
405;0.0797463;0.249485;0.744326;7.4168e+06;233352
406;0.0797463;0.226807;0.676718;7.4168e+06;233352
407;0.0797463;0.20619;0.615249;7.4168e+06;233352
408;0.0797463;0.187447;0.559362;7.4168e+06;233352
409;0.0797463;0.170408;0.50855;7.4168e+06;233352
410;0.0797463;0.154918;0.462353;7.4168e+06;233352
