203;5.44677e+06;1.7647;0.8787;0.1176;0.0037
204;5.44677e+06;3.15493;0.932525;0.220935;0.00695119
205;5.44677e+06;4.51377;1.10619;0.3306;0.0104015
206;5.44676e+06;6.05557;1.38231;0.460688;0.0144944
207;5.44676e+06;7.94448;1.76509;0.623248;0.019609
208;5.44676e+06;10.3372;2.27314;0.830823;0.0261398
209;5.44675e+06;13.4089;2.93706;1.09814;0.0345504
210;5.44675e+06;17.3731;3.79966;1.44354;0.0454176
211;5.44674e+06;22.4991;4.91797;1.89038;0.0594763
212;5.44673e+06;29.1326;6.36659;2.46874;0.0776728
213;5.44672e+06;37.7195;8.24248;3.21745;0.101229
214;5.44671e+06;48.8362;10.6714;4.18676;0.131726
215;5.44669e+06;63.2285;13.8161;5.44172;0.17121
216;5.44666e+06;81.862;17.8877;7.06649;0.22233
217;5.44663e+06;105.987;23.1592;9.17009;0.288515
218;5.44659e+06;137.22;29.9842;11.8936;0.374204
219;5.44654e+06;177.658;38.8204;15.4197;0.485145
220;5.44647e+06;230.013;50.2607;19.985;0.628781
221;5.44638e+06;297.795;65.0722;25.8957;0.814745
222;5.44627e+06;385.55;84.2485;33.5482;1.05551
223;5.44612e+06;499.163;109.076;43.4558;1.36723
224;5.44593e+06;646.252;141.219;56.2831;1.77081
225;5.44568e+06;836.677;182.833;72.8904;2.29332
226;5.44535e+06;1083.2;236.709;94.3916;2.9698
227;5.44494e+06;1402.35;306.46;122.229;3.84563
228;5.4444e+06;1815.51;396.76;158.268;4.97953
229;5.4437e+06;2350.34;513.663;204.927;6.44754
230;5.44279e+06;3042.64;665.001;265.334;8.3481
231;5.44162e+06;3938.73;860.912;343.538;10.8086
232;5.4401e+06;5098.52;1114.51;444.781;13.994
233;5.43814e+06;6599.44;1442.78;575.848;18.1177
234;5.43559e+06;8541.59;1867.66;745.519;23.456
235;5.4323e+06;11054.3;2417.54;965.156;30.3663
236;5.42805e+06;14304.4;3129.13;1249.46;39.3112
237;5.42255e+06;18507.1;4049.83;1617.44;50.889
238;5.41543e+06;23939.8;5240.88;2093.7;65.8734
239;5.40624e+06;30959.2;6781.3;2710.03;85.2646
240;5.39436e+06;40023;8772.91;3507.51;110.355
241;5.37903e+06;51717.8;11346.9;4539.21;142.815
242;5.35925e+06;66791.9;14671.6;5873.6;184.799
243;5.33377e+06;86196.3;18963.3;7598.98;239.084
244;5.301e+06;111133;24498.3;9829.07;309.248
245;5.25893e+06;143108;31628.7;12710.1;399.892
246;5.20503e+06;183994;40800.6;16429.6;516.918
247;5.13622e+06;236080;52576.6;21227.8;667.88
248;5.04872e+06;302123;67658.7;27410.8;862.413
249;4.93803e+06;385349;86914.7;35367.4;1112.75
250;4.79895e+06;489401;111400;45588.6;1434.34
251;4.6257e+06;618166;142374;58689.3;1846.52
252;4.41225e+06;775420;181295;75432.4;2373.3
253;4.15297e+06;964212;229790;96752.8;3044.09
254;3.84361e+06;1.18592e+06;289563;123776;3894.31
255;3.48277e+06;1.43897e+06;362240;157829;4965.7
256;3.07365e+06;1.71729e+06;449103;200428;6305.98
257;2.6259e+06;2.00893e+06;550728;253243;7967.66
258;2.15668e+06;2.29555e+06;666536;318008;10005.4
259;1.69008e+06;2.55347e+06;794351;396393;12471.5
260;1.25412e+06;2.75732e+06;930107;489808;15410.6
261;875129;2.88568e+06;1.06793e+06;599189;18852
262;571286;2.92721e+06;1.20069e+06;724777;22803.4
263;348115;2.8843e+06;1.32113e+06;865979;27245.9
264;198361;2.77187e+06;1.42306e+06;1.02134e+06;32134.1
265;106363;2.61191e+06;1.50241e+06;1.1887e+06;37399.4
266;54231.3;2.42661e+06;1.55759e+06;1.36538e+06;42958.4
267;26646.4;2.23362e+06;1.58923e+06;1.54855e+06;48721.4
268;12802.5;2.04443e+06;1.59949e+06;1.73545e+06;54601.6
269;6100.84;1.86529e+06;1.59131e+06;1.92355e+06;60519.7
270;2920.1;1.69892e+06;1.56784e+06;2.11068e+06;66407.6
271;1418.49;1.54599e+06;1.5321e+06;2.29506e+06;72208.6
272;704.917;1.40617e+06;1.48678e+06;2.47524e+06;77877.4
273;360.433;1.27869e+06;1.43426e+06;2.65008e+06;83378.4
274;190.342;1.16263e+06;1.37651e+06;2.81875e+06;88685.2
275;104.049;1.05703e+06;1.31523e+06;2.98063e+06;93778.3
276;58.9353;960995;1.25177e+06;3.1353e+06;98644.6
277;34.5926;873665;1.18729e+06;3.28251e+06;103276
278;21.0288;794262;1.12269e+06;3.42213e+06;107669
279;13.2256;722072;1.0587e+06;3.55416e+06;111823
280;8.59401;656440;995918;3.67866e+06;115740
281;5.76081;596772;934784;3.79578e+06;119425
282;3.97698;542528;875641;3.90572e+06;122884
283;2.82268;493213;818742;4.00869e+06;126124
284;2.05618;448381;764261;4.10497e+06;129153
285;1.53468;407623;712314;4.19485e+06;131981
286;1.17171;370571;662964;4.27862e+06;134616
287;0.913658;336886;616231;4.35658e+06;137069
288;0.726536;306263;572105;4.42905e+06;139349
289;0.588333;278424;530548;4.49633e+06;141466
290;0.484507;253116;491501;4.55873e+06;143429
291;0.405267;230107;454890;4.61653e+06;145248
292;0.343903;209191;420629;4.67002e+06;146931
293;0.295737;190175;388622;4.71949e+06;148487
294;0.257457;172888;358769;4.76519e+06;149925
295;0.226684;157173;330966;4.80738e+06;151253
296;0.201683;142886;305107;4.8463e+06;152477
297;0.181172;129898;281086;4.88218e+06;153606
298;0.164194;118090;258798;4.91524e+06;154646
299;0.150025;107356;238140;4.94567e+06;155604
300;0.138109;97596.9;219012;4.97368e+06;156485
301;0.12802;88725.4;201318;4.99943e+06;157295
302;0.119421;80660.3;184963;5.02311e+06;158040
303;0.112051;73328.3;169859;5.04486e+06;158724
304;0.1057;66662.7;155921;5.06484e+06;159353
305;0.100199;60603.1;143067;5.08317e+06;159930
306;0.0954142;55094.3;131222;5.1e+06;160459
307;0.0912346;50086.2;120313;5.11543e+06;160945
308;0.08757;45533.4;110272;5.12958e+06;161390
309;0.0843459;41394.4;101035;5.14255e+06;161798
310;0.0815004;37631.6;92541.9;5.15443e+06;162172
311;0.0789818;34210.9;84737.3;5.16531e+06;162514
312;0.0767468;31101.2;77568.4;5.17527e+06;162828
313;0.0747586;28274.1;70986.5;5.1844e+06;163115
314;0.0729862;25704;64945.9;5.19274e+06;163377
315;0.0714029;23367.5;59404.5;5.20038e+06;163617
316;0.0699861;21243.4;54322.8;5.20737e+06;163837
317;0.0687162;19312.3;49664.5;5.21376e+06;164038
318;0.0675761;17556.9;45395.7;5.2196e+06;164222
319;0.0665514;15960.9;41485.1;5.22494e+06;164390
320;0.065629;14510.1;37903.8;5.22981e+06;164543
321;0.064798;13191.1;34625;5.23427e+06;164684
322;0.0640484;11992;31624.1;5.23834e+06;164812
323;0.0633717;10902;28878.2;5.24206e+06;164929
324;0.0627603;9910.98;26366.2;5.24546e+06;165036
325;0.0622074;9010.08;24068.9;5.24856e+06;165133
326;0.0617071;8191.06;21968.4;5.25139e+06;165222
327;0.0612542;7446.49;20048.2;5.25397e+06;165304
328;0.0608439;6769.61;18293.2;5.25633e+06;165378
329;0.060472;6154.25;16689.6;5.25848e+06;165445
330;0.0601348;5594.83;15224.6;5.26045e+06;165507
331;0.0598288;5086.26;13886.4;5.26224e+06;165564
332;0.0595512;4623.92;12664.3;5.26387e+06;165615
333;0.0592992;4203.61;11548.5;5.26536e+06;165662
334;0.0590704;3821.5;10529.7;5.26672e+06;165705
335;0.0588626;3474.12;9599.86;5.26795e+06;165743
336;0.0586737;3158.33;8751.19;5.26908e+06;165779
337;0.0585022;2871.23;7976.76;5.27011e+06;165811
338;0.0583462;2610.24;7270.18;5.27105e+06;165841
339;0.0582045;2372.97;6625.58;5.27191e+06;165868
340;0.0580756;2157.27;6037.6;5.27268e+06;165892
341;0.0579584;1961.17;5501.33;5.27339e+06;165915
342;0.0578519;1782.9;5012.29;5.27404e+06;165935
343;0.057755;1620.83;4566.37;5.27463e+06;165954
344;0.0576669;1473.5;4159.8;5.27517e+06;165970
345;0.0575867;1339.56;3789.16;5.27566e+06;165986
346;0.0575138;1217.79;3451.3;5.2761e+06;166000
347;0.0574475;1107.1;3143.35;5.27651e+06;166013
348;0.0573871;1006.46;2862.7;5.27688e+06;166024
349;0.0573322;914.974;2606.94;5.27722e+06;166035
350;0.0572823;831.803;2373.89;5.27752e+06;166044
351;0.0572368;756.192;2161.55;5.2778e+06;166053
352;0.0571955;687.454;1968.09;5.27806e+06;166061
353;0.0571579;624.965;1791.85;5.27829e+06;166069
354;0.0571236;568.156;1631.31;5.2785e+06;166075
355;0.0570925;516.51;1485.08;5.27869e+06;166081
356;0.0570642;469.56;1351.89;5.27886e+06;166087
357;0.0570384;426.877;1230.59;5.27902e+06;166092
358;0.0570149;388.074;1120.12;5.27917e+06;166096
359;0.0569936;352.798;1019.52;5.2793e+06;166100
360;0.0569742;320.728;927.926;5.27942e+06;166104
361;0.0569565;291.574;844.522;5.27953e+06;166108
362;0.0569404;265.07;768.586;5.27963e+06;166111
363;0.0569258;240.975;699.451;5.27972e+06;166114
364;0.0569125;219.071;636.513;5.2798e+06;166116
365;0.0569004;199.157;579.217;5.27988e+06;166119
366;0.0568894;181.054;527.061;5.27994e+06;166121
367;0.0568794;164.596;479.587;5.28001e+06;166123
368;0.0568702;149.634;436.375;5.28006e+06;166124
369;0.0568619;136.032;397.044;5.28011e+06;166126
370;0.0568544;123.667;361.248;5.28016e+06;166127
371;0.0568475;112.426;328.67;5.2802e+06;166129
372;0.0568413;102.206;299.022;5.28024e+06;166130
373;0.0568356;92.9157;272.041;5.28028e+06;166131
374;0.0568304;84.4697;247.488;5.28031e+06;166132
375;0.0568257;76.7914;225.146;5.28034e+06;166133
376;0.0568215;69.8111;204.817;5.28036e+06;166134
377;0.0568176;63.4653;186.318;5.28039e+06;166135
378;0.056814;57.6963;169.487;5.28041e+06;166135
379;0.0568108;52.4517;154.173;5.28043e+06;166136
380;0.0568079;47.6838;140.239;5.28045e+06;166137
381;0.0568052;43.3494;127.563;5.28046e+06;166137
382;0.0568028;39.4089;116.03;5.28048e+06;166138
383;0.0568006;35.8266;105.538;5.28049e+06;166138
384;0.0567986;32.57;95.9926;5.28051e+06;166138
385;0.0567968;29.6094;87.3093;5.28052e+06;166139
386;0.0567951;26.9179;79.4102;5.28053e+06;166139
387;0.0567936;24.4711;72.2246;5.28054e+06;166139
388;0.0567923;22.2466;65.6881;5.28054e+06;166140
389;0.056791;20.2244;59.7424;5.28055e+06;166140
390;0.0567899;18.386;54.334;5.28056e+06;166140
391;0.0567888;16.7147;49.4146;5.28057e+06;166140
392;0.0567879;15.1954;44.94;5.28057e+06;166140
393;0.0567871;13.8141;40.87;5.28058e+06;166141
394;0.0567863;12.5584;37.1682;5.28058e+06;166141
395;0.0567856;11.4169;33.8013;5.28059e+06;166141
396;0.0567849;10.3791;30.739;5.28059e+06;166141
397;0.0567843;9.4356;27.9538;5.28059e+06;166141
398;0.0567838;8.57791;25.4207;5.2806e+06;166141
399;0.0567833;7.79818;23.1169;5.2806e+06;166141
400;0.0567829;7.08932;21.0217;5.2806e+06;166141
401;0.0567825;6.4449;19.1162;5.2806e+06;166141
402;0.0567821;5.85906;17.3832;5.28061e+06;166142
403;0.0567818;5.32647;15.8072;5.28061e+06;166142
404;0.0567815;4.8423;14.374;5.28061e+06;166142
405;0.0567812;4.40213;13.0706;5.28061e+06;166142
406;0.056781;4.00198;11.8853;5.28061e+06;166142
407;0.0567808;3.6382;10.8074;5.28062e+06;166142
408;0.0567806;3.30749;9.82714;5.28062e+06;166142
409;0.0567804;3.00684;8.93576;5.28062e+06;166142
410;0.0567802;2.73352;8.12518;5.28062e+06;166142
411;0.05678;2.48504;7.38807;5.28062e+06;166142
412;0.0567799;2.25915;6.71779;5.28062e+06;166142
413;0.0567798;2.05379;6.10827;5.28062e+06;166142
414;0.0567797;1.8671;5.55403;5.28062e+06;166142
415;0.0567796;1.69738;5.05005;5.28062e+06;166142
416;0.0567795;1.54309;4.59177;5.28062e+06;166142
417;0.0567794;1.40282;4.17505;5.28062e+06;166142
418;0.0567793;1.27531;3.79614;5.28062e+06;166142
419;0.0567792;1.15938;3.45159;5.28063e+06;166142
420;0.0567792;1.05399;3.1383;5.28063e+06;166142
421;0.0567791;0.958187;2.85343;5.28063e+06;166142
422;0.056779;0.871088;2.59441;5.28063e+06;166142
423;0.056779;0.791906;2.35889;5.28063e+06;166142
424;0.0567789;0.719922;2.14474;5.28063e+06;166142
425;0.0567789;0.654481;1.95003;5.28063e+06;166142
426;0.0567789;0.594989;1.77298;5.28063e+06;166142
427;0.0567788;0.540904;1.612;5.28063e+06;166142
428;0.0567788;0.491736;1.46563;5.28063e+06;166142
429;0.0567788;0.447037;1.33255;5.28063e+06;166142
430;0.0567788;0.406402;1.21155;5.28063e+06;166142
431;0.0567787;0.36946;1.10153;5.28063e+06;166142
432;0.0567787;0.335876;1.0015;5.28063e+06;166142
433;0.0567787;0.305345;0.910547;5.28063e+06;166142
434;0.0567787;0.277589;0.827854;5.28063e+06;166142
435;0.0567787;0.252356;0.752668;5.28063e+06;166142
436;0.0567786;0.229417;0.684308;5.28063e+06;166142
437;0.0567786;0.208563;0.622156;5.28063e+06;166142
438;0.0567786;0.189605;0.565647;5.28063e+06;166142
439;0.0567786;0.17237;0.514269;5.28063e+06;166142
440;0.0567786;0.156701;0.467556;5.28063e+06;166142
