272;2.07389e+06;1.7647;0.8787;0.1176;0.0037
273;2.07389e+06;3.15493;0.932525;0.220935;0.00695119
274;2.07389e+06;4.51377;1.10619;0.3306;0.0104015
275;2.07389e+06;6.05556;1.38231;0.460688;0.0144944
276;2.07388e+06;7.94447;1.76509;0.623248;0.019609
277;2.07388e+06;10.3372;2.27314;0.830823;0.0261398
278;2.07388e+06;13.4089;2.93705;1.09814;0.0345504
279;2.07387e+06;17.373;3.79966;1.44354;0.0454175
280;2.07387e+06;22.499;4.91796;1.89038;0.0594763
281;2.07386e+06;29.1324;6.36657;2.46873;0.0776727
282;2.07385e+06;37.7192;8.24244;3.21744;0.101229
283;2.07383e+06;48.8356;10.6713;4.18675;0.131726
284;2.07381e+06;63.2275;13.816;5.4417;0.17121
285;2.07379e+06;81.8604;17.8875;7.06647;0.222329
286;2.07376e+06;105.984;23.1589;9.17004;0.288513
287;2.07372e+06;137.216;29.9836;11.8935;0.374201
288;2.07366e+06;177.65;38.8195;15.4196;0.48514
289;2.07359e+06;229.999;50.2591;19.9848;0.628773
290;2.07351e+06;297.772;65.0696;25.8952;0.814731
291;2.07339e+06;385.511;84.2441;33.5474;1.05549
292;2.07324e+06;499.097;109.068;43.4545;1.36719
293;2.07305e+06;646.142;141.206;56.281;1.77074
294;2.0728e+06;836.493;182.812;72.8868;2.29321
295;2.07248e+06;1082.89;236.674;94.3855;2.96961
296;2.07206e+06;1401.83;306.401;122.218;3.84531
297;2.07152e+06;1814.63;396.661;158.251;4.97899
298;2.07082e+06;2348.87;513.496;204.898;6.44664
299;2.06992e+06;3040.18;664.721;265.286;8.34657
300;2.06875e+06;3934.62;860.443;343.457;10.806
301;2.06723e+06;5091.62;1113.73;444.645;13.9897
302;2.06527e+06;6587.88;1441.46;575.619;18.1105
303;2.06274e+06;8522.23;1865.45;745.135;23.4439
304;2.05946e+06;11021.8;2413.84;964.512;30.346
305;2.05523e+06;14250.1;3122.93;1248.38;39.2773
306;2.04977e+06;18416.3;4039.45;1615.64;50.8321
307;2.04273e+06;23787.9;5223.5;2090.67;65.778
308;2.03365e+06;30705.2;6752.21;2704.96;85.105
309;2.02196e+06;39598.9;8724.26;3499.02;110.088
310;2.00695e+06;51010.3;11265.5;4524.99;142.368
311;1.98771e+06;65613.2;14535.9;5849.82;184.05
312;1.96312e+06;84236.5;18736.9;7559.24;237.833
313;1.93182e+06;107882;24121.2;9762.7;307.16
314;1.89217e+06;137732;31001.8;12599.4;396.408
315;1.84224e+06;175136;39761.1;16245.2;511.115
316;1.7799e+06;221560;50857.9;20921.1;658.231
317;1.70285e+06;278470;64828.6;26902;846.405
318;1.60888e+06;347130;82277.9;34525.8;1086.27
319;1.49618e+06;428273;103852;44201.7;1390.7
320;1.36388e+06;521646;130184;56414.6;1774.95
321;1.21266e+06;625440;161811;71724.3;2256.63
322;1.04551e+06;735736;199036;90753.3;2855.33
323;868202;846170;241771;114160;3591.76
324;689282;948173;289361;142592;4486.32
325;519200;1.03207e+06;340450;176621;5556.95
326;368389;1.08906e+06;392969;216658;6816.62
327;244801;1.11365e+06;444297;262871;8270.6
328;151883;1.10534e+06;491635;315120;9914.5
329;88039.8;1.06871e+06;532476;372937;11733.6
330;47923.4;1.01168e+06;565032;435556;13703.7
331;24729.2;942913;588455;502004;15794.3
332;12251.8;869679;602786;571206;17971.6
333;5912.78;796964;608722;642094;20201.9
334;2820.05;727613;607328;713679;22454.2
335;1346.76;662946;599799;785101;24701.3
336;651.13;603380;587306;855638;26920.6
337;321.455;548863;570913;924705;29093.6
338;163.073;499129;551553;991844;31206
339;85.3712;453836;530020;1.05671e+06;33246.7
340;46.2419;412622;506982;1.11904e+06;35207.8
341;25.949;375135;482993;1.17866e+06;37083.6
342;15.0904;341046;458505;1.23546e+06;38870.7
343;9.09052;310051;433890;1.28938e+06;40567.2
344;5.66737;281870;409443;1.3404e+06;42172.6
345;3.6519;256250;385399;1.38855e+06;43687.5
346;2.42854;232959;361943;1.43388e+06;45113.5
347;1.66397;211783;339216;1.47644e+06;46452.7
348;1.17268;192533;317320;1.51633e+06;47707.8
349;0.848594;175032;296330;1.55365e+06;48881.9
350;0.629459;159122;276296;1.5885e+06;49978.3
351;0.477819;144658;257245;1.62099e+06;51000.6
352;0.370592;131508;239191;1.65124e+06;51952.4
353;0.293229;119554;222131;1.67937e+06;52837.4
354;0.236356;108687;206054;1.70549e+06;53659.3
355;0.193815;98807.3;190939;1.72973e+06;54421.7
356;0.161477;89825.8;176760;1.75218e+06;55128.1
357;0.136527;81660.6;163484;1.77297e+06;55782.2
358;0.11701;74237.7;151076;1.79219e+06;56387
359;0.101548;67489.5;139499;1.80996e+06;56946
360;0.089154;61354.7;128713;1.82637e+06;57462.2
361;0.0791115;55777.6;118677;1.8415e+06;57938.4
362;0.0708931;50707.4;109352;1.85546e+06;58377.5
363;0.0641056;46098.1;100697;1.86832e+06;58782.1
364;0.0584527;41907.8;92672.4;1.88016e+06;59154.7
365;0.0537081;38098.4;85240.7;1.89106e+06;59497.6
366;0.0496975;34635.2;78364.1;1.90108e+06;59813
367;0.0462853;31486.9;72006.9;1.9103e+06;60102.9
368;0.0433648;28624.8;66134.6;1.91877e+06;60369.3
369;0.0408513;26022.8;60714.5;1.92654e+06;60614
370;0.0386773;23657.3;55715.3;1.93368e+06;60838.7
371;0.0367883;21506.8;51107.5;1.94024e+06;61044.8
372;0.03514;19551.9;46863.1;1.94625e+06;61233.9
373;0.0336961;17774.6;42955.9;1.95176e+06;61407.3
374;0.0324269;16158.9;39361;1.95681e+06;61566.3
375;0.0313076;14690.1;36055.4;1.96144e+06;61711.9
376;0.0303177;13354.7;33017.2;1.96568e+06;61845.3
377;0.0294397;12140.8;30226.2;1.96956e+06;61967.5
378;0.0286593;11037.2;27663.3;1.97312e+06;62079.3
379;0.0279638;10033.9;25311;1.97637e+06;62181.7
380;0.027343;9121.83;23152.9;1.97934e+06;62275.3
381;0.0267876;8292.66;21173.6;1.98207e+06;62361
382;0.02629;7538.85;19359.1;1.98456e+06;62439.3
383;0.0258435;6853.57;17696.1;1.98683e+06;62510.9
384;0.0254423;6230.58;16172.5;1.98892e+06;62576.4
385;0.0250813;5664.22;14777.2;1.99082e+06;62636.3
386;0.0247561;5149.35;13499.6;1.99256e+06;62690.9
387;0.0244629;4681.27;12330.2;1.99414e+06;62740.9
388;0.0241982;4255.74;11260;1.99559e+06;62786.5
389;0.0239591;3868.9;10281;1.99692e+06;62828.2
390;0.023743;3517.21;9385.63;1.99813e+06;62866.2
391;0.0235474;3197.5;8566.87;1.99923e+06;62900.9
392;0.0233704;2906.85;7818.36;2.00024e+06;62932.6
393;0.0232101;2642.62;7134.23;2.00116e+06;62961.6
394;0.0230648;2402.4;6509.06;2.002e+06;62988
395;0.022933;2184.02;5937.89;2.00276e+06;63012
396;0.0228135;1985.5;5416.15;2.00346e+06;63034
397;0.0227051;1805.01;4939.65;2.0041e+06;63054
398;0.0226067;1640.94;4504.55;2.00468e+06;63072.3
399;0.0225173;1491.78;4107.31;2.00521e+06;63089
400;0.0224362;1356.17;3744.69;2.00569e+06;63104.2
401;0.0223624;1232.9;3413.74;2.00613e+06;63118
402;0.0222954;1120.83;3111.72;2.00653e+06;63130.7
403;0.0222345;1018.95;2836.15;2.0069e+06;63142.2
404;0.0221792;926.323;2584.75;2.00723e+06;63152.7
405;0.0221289;842.12;2355.42;2.00754e+06;63162.2
406;0.0220831;765.572;2146.26;2.00781e+06;63171
407;0.0220415;695.981;1955.51;2.00806e+06;63178.9
408;0.0220037;632.717;1781.57;2.00829e+06;63186.1
409;0.0219693;575.203;1622.98;2.0085e+06;63192.7
410;0.021938;522.917;1478.4;2.00869e+06;63198.7
411;0.0219096;475.384;1346.6;2.00887e+06;63204.2
412;0.0218837;432.171;1226.47;2.00903e+06;63209.2
413;0.0218601;392.887;1116.98;2.00917e+06;63213.7
414;0.0218387;357.174;1017.21;2.0093e+06;63217.9
415;0.0218192;324.706;926.288;2.00942e+06;63221.6
416;0.0218014;295.191;843.445;2.00953e+06;63225
417;0.0217853;268.358;767.968;2.00963e+06;63228.2
418;0.0217706;243.964;699.207;2.00972e+06;63231
419;0.0217573;221.788;636.569;2.0098e+06;63233.6
420;0.0217451;201.627;579.514;2.00988e+06;63236
421;0.021734;183.299;527.547;2.00995e+06;63238.1
422;0.021724;166.638;480.217;2.01001e+06;63240
423;0.0217148;151.49;437.114;2.01006e+06;63241.8
424;0.0217065;137.72;397.863;2.01012e+06;63243.4
425;0.0216989;125.201;362.121;2.01016e+06;63244.9
426;0.021692;113.82;329.576;2.01021e+06;63246.3
427;0.0216858;103.474;299.945;2.01024e+06;63247.5
428;0.02168;94.0682;272.967;2.01028e+06;63248.6
429;0.0216748;85.5174;248.407;2.01031e+06;63249.6
430;0.0216701;77.7439;226.049;2.01034e+06;63250.5
431;0.0216658;70.677;205.696;2.01037e+06;63251.4
432;0.0216619;64.2524;187.17;2.01039e+06;63252.1
433;0.0216584;58.4119;170.307;2.01041e+06;63252.8
434;0.0216551;53.1023;154.958;2.01043e+06;63253.4
435;0.0216522;48.2753;140.989;2.01045e+06;63254
436;0.0216495;43.887;128.275;2.01047e+06;63254.5
437;0.0216471;39.8977;116.705;2.01048e+06;63255
438;0.0216448;36.271;106.175;2.0105e+06;63255.4
439;0.0216428;32.974;96.593;2.01051e+06;63255.8
440;0.021641;29.9766;87.8736;2.01052e+06;63256.2
441;0.0216393;27.2518;79.9394;2.01053e+06;63256.5
442;0.0216378;24.7746;72.7199;2.01054e+06;63256.8
443;0.0216364;22.5226;66.151;2.01055e+06;63257.1
444;0.0216352;20.4753;60.1742;2.01056e+06;63257.3
445;0.021634;18.6141;54.7363;2.01056e+06;63257.5
446;0.021633;16.9221;49.7888;2.01057e+06;63257.7
447;0.021632;15.3838;45.2876;2.01058e+06;63257.9
448;0.0216312;13.9855;41.1926;2.01058e+06;63258.1
449;0.0216304;12.7142;37.4672;2.01059e+06;63258.3
450;0.0216297;11.5585;34.0782;2.01059e+06;63258.4
451;0.021629;10.5078;30.9952;2.01059e+06;63258.5
452;0.0216284;9.55264;28.1906;2.0106e+06;63258.6
453;0.0216279;8.6843;25.6394;2.0106e+06;63258.7
454;0.0216274;7.8949;23.3188;2.0106e+06;63258.8
455;0.021627;7.17725;21.2078;2.01061e+06;63258.9
456;0.0216266;6.52484;19.2877;2.01061e+06;63259
457;0.0216262;5.93173;17.5412;2.01061e+06;63259.1
458;0.0216259;5.39254;15.9527;2.01061e+06;63259.1
459;0.0216256;4.90236;14.5078;2.01062e+06;63259.2
460;0.0216253;4.45673;13.1936;2.01062e+06;63259.2
461;0.0216251;4.05162;11.9984;2.01062e+06;63259.3
462;0.0216248;3.68333;10.9113;2.01062e+06;63259.3
463;0.0216246;3.34851;9.92254;2.01062e+06;63259.4
464;0.0216244;3.04413;9.02331;2.01062e+06;63259.4
465;0.0216243;2.76742;8.2055;2.01062e+06;63259.4
466;0.0216241;2.51586;7.46173;2.01063e+06;63259.5
467;0.021624;2.28717;6.78531;2.01063e+06;63259.5
468;0.0216238;2.07927;6.17016;2.01063e+06;63259.5
469;0.0216237;1.89026;5.61072;2.01063e+06;63259.6
470;0.0216236;1.71844;5.10197;2.01063e+06;63259.6
471;0.0216235;1.56223;4.6393;2.01063e+06;63259.6
472;0.0216234;1.42022;4.21856;2.01063e+06;63259.6
473;0.0216233;1.29113;3.83595;2.01063e+06;63259.6
474;0.0216233;1.17376;3.48801;2.01063e+06;63259.6
475;0.0216232;1.06707;3.17161;2.01063e+06;63259.7
476;0.0216231;0.970071;2.88389;2.01063e+06;63259.7
477;0.0216231;0.881892;2.62226;2.01063e+06;63259.7
478;0.021623;0.801728;2.38434;2.01063e+06;63259.7
479;0.021623;0.728851;2.168;2.01063e+06;63259.7
480;0.021623;0.662599;1.97127;2.01063e+06;63259.7
481;0.0216229;0.602368;1.79239;2.01063e+06;63259.7
482;0.0216229;0.547613;1.62972;2.01063e+06;63259.7
483;0.0216228;0.497835;1.48182;2.01063e+06;63259.7
484;0.0216228;0.452582;1.34733;2.01063e+06;63259.7
485;0.0216228;0.411442;1.22504;2.01063e+06;63259.7
486;0.0216228;0.374042;1.11384;2.01063e+06;63259.7
487;0.0216228;0.340042;1.01273;2.01063e+06;63259.7
488;0.0216227;0.309132;0.920796;2.01063e+06;63259.7
489;0.0216227;0.281032;0.837203;2.01063e+06;63259.7
490;0.0216227;0.255486;0.761196;2.01063e+06;63259.7
491;0.0216227;0.232262;0.692087;2.01063e+06;63259.8
492;0.0216227;0.21115;0.629249;2.01063e+06;63259.8
493;0.0216227;0.191956;0.572115;2.01063e+06;63259.8
494;0.0216226;0.174507;0.520166;2.01063e+06;63259.8
495;0.0216226;0.158645;0.472933;2.01063e+06;63259.8
