160;1.50082e+07;1.7647;0.8787;0.1176;0.0037
161;1.50082e+07;3.15493;0.932525;0.220935;0.00695119
162;1.50081e+07;4.51377;1.10619;0.3306;0.0104015
163;1.50081e+07;6.05557;1.38231;0.460688;0.0144944
164;1.50081e+07;7.94449;1.76509;0.623248;0.019609
165;1.50081e+07;10.3372;2.27314;0.830823;0.0261398
166;1.50081e+07;13.4089;2.93706;1.09814;0.0345505
167;1.50081e+07;17.3731;3.79966;1.44354;0.0454176
168;1.50081e+07;22.4991;4.91798;1.89038;0.0594763
169;1.50081e+07;29.1327;6.3666;2.46874;0.0776728
170;1.50081e+07;37.7196;8.24249;3.21745;0.101229
171;1.50081e+07;48.8364;10.6714;4.18677;0.131726
172;1.50081e+07;63.2289;13.8162;5.44172;0.171211
173;1.5008e+07;81.8627;17.8878;7.06651;0.222331
174;1.5008e+07;105.988;23.1593;9.17011;0.288515
175;1.5008e+07;137.222;29.9844;11.8936;0.374205
176;1.50079e+07;177.662;38.8208;15.4198;0.485147
177;1.50079e+07;230.018;50.2613;19.9851;0.628784
178;1.50078e+07;297.804;65.0732;25.8959;0.814751
179;1.50077e+07;385.565;84.2502;33.5485;1.05552
180;1.50075e+07;499.189;109.079;43.4563;1.36725
181;1.50073e+07;646.295;141.224;56.2839;1.77084
182;1.50071e+07;836.75;182.841;72.8918;2.29336
183;1.50067e+07;1083.33;236.723;94.394;2.96988
184;1.50063e+07;1402.56;306.483;122.233;3.84575
185;1.50058e+07;1815.85;396.799;158.275;4.97974
186;1.50051e+07;2350.91;513.728;204.939;6.4479
187;1.50042e+07;3043.6;665.111;265.353;8.34869
188;1.5003e+07;3940.35;861.096;343.57;10.8096
189;1.50015e+07;5101.23;1114.82;444.835;13.9957
190;1.49995e+07;6603.98;1443.3;575.938;18.1205
191;1.4997e+07;8549.2;1868.53;745.67;23.4607
192;1.49937e+07;11067;2419;965.408;30.3742
193;1.49894e+07;14325.7;3131.56;1249.88;39.3245
194;1.49839e+07;18542.9;4053.91;1618.15;50.9113
195;1.49767e+07;23999.7;5247.72;2094.89;65.9108
196;1.49675e+07;31059.5;6792.75;2712.03;85.3273
197;1.49556e+07;40190.9;8792.09;3510.85;110.461
198;1.49401e+07;51998.7;11379;4544.8;142.991
199;1.49201e+07;67261.6;14725.4;5882.97;185.093
200;1.48943e+07;86981.2;19053.3;7614.67;239.577
201;1.48609e+07;112443;24648.7;9855.34;310.074
202;1.48178e+07;145294;31879.9;12754;401.274
203;1.47623e+07;187633;41220.1;16503.1;519.23
204;1.46907e+07;242129;53275.9;21350.6;671.744
205;1.45987e+07;312151;68823.1;27615.8;868.865
206;1.44806e+07;401922;88849.4;35709.4;1123.51
207;1.43293e+07;516679;114607;46158.1;1452.25
208;1.41361e+07;662829;147671;59635.8;1876.3
209;1.38907e+07;848062;190010;77001.9;2422.68
210;1.35803e+07;1.08137e+06;244050;99347.1;3125.72
211;1.31905e+07;1.37285e+06;312743;128047;4028.7
212;1.27053e+07;1.73324e+06;399600;164826;5185.85
213;1.21081e+07;2.17287e+06;508680;211819;6664.37
214;1.13836e+07;2.69989e+06;644491;271640;8546.49
215;1.05204e+07;3.31762e+06;811734;347432;10931.1
216;9.51558e+06;4.02091e+06;1.01484e+06;442892;13934.5
217;8.37905e+06;4.79194e+06;1.25724e+06;562237;17689.4
218;7.13891e+06;5.59649e+06;1.54033e+06;710089;22341.2
219;5.84402e+06;6.38266e+06;1.86221e+06;891231;28040.4
220;4.562e+06;7.0845e+06;2.2165e+06;1.11023e+06;34930.6
221;3.37027e+06;7.63225e+06;2.59162e+06;1.37089e+06;43131.7
222;2.34029e+06;7.96846e+06;2.97103e+06;1.67566e+06;52720.7
223;1.51985e+06;8.06456e+06;3.33498e+06;2.02506e+06;63713.5
224;921320;7.93002e+06;3.66351e+06;2.41725e+06;76052.9
225;522426;7.60808e+06;3.93997e+06;2.84808e+06;89607.9
226;278947;7.15998e+06;4.15362e+06;3.31142e+06;104186
227;141759;6.64633e+06;4.30063e+06;3.79988e+06;119554
228;69498.7;6.11444e+06;4.38312e+06;4.30564e+06;135467
229;33354.4;5.59478e+06;4.40725e+06;4.82109e+06;151684
230;15893.2;5.10367e+06;4.38121e+06;5.33938e+06;167991
231;7613.05;4.64803e+06;4.31369e+06;5.85461e+06;184201
232;3703.61;4.22943e+06;4.21295e+06;6.36191e+06;200162
233;1844.16;3.84684e+06;4.08637e+06;6.85735e+06;215750
234;945.141;3.49806e+06;3.94037e+06;7.33791e+06;230869
235;500.398;3.18053e+06;3.78038e+06;7.80129e+06;245449
236;274.269;2.89165e+06;3.61093e+06;8.24587e+06;259436
237;155.771;2.62891e+06;3.43578e+06;8.67051e+06;272797
238;91.6766;2.39001e+06;3.25798e+06;9.07456e+06;285509
239;55.8759;2.17279e+06;3.08004e+06;9.4577e+06;297564
240;35.2306;1.97531e+06;2.90394e+06;9.81991e+06;308960
241;22.9482;1.79576e+06;2.73125e+06;1.01614e+07;319704
242;15.418;1.63254e+06;2.56318e+06;1.04826e+07;329810
243;10.6668;1.48414e+06;2.40067e+06;1.0784e+07;339294
244;7.5862;1.34924e+06;2.24437e+06;1.10664e+07;348176
245;5.53666;1.22659e+06;2.09478e+06;1.13303e+07;356480
246;4.13975;1.1151e+06;1.95218e+06;1.15766e+07;364231
247;3.16587;1.01374e+06;1.81674e+06;1.18062e+07;371454
248;2.47242;921589;1.68852e+06;1.20199e+07;378176
249;1.96886;837817;1.56747e+06;1.22184e+07;384424
250;1.59645;761660;1.4535e+06;1.24028e+07;390223
251;1.31632;692425;1.34642e+06;1.25737e+07;395601
252;1.10228;629484;1.24604e+06;1.2732e+07;400583
253;0.936357;572264;1.15212e+06;1.28786e+07;405193
254;0.80599;520245;1.06439e+06;1.30141e+07;409456
255;0.702288;472955;982566;1.31392e+07;413394
256;0.618853;429964;906372;1.32548e+07;417030
257;0.551015;390880;835513;1.33614e+07;420383
258;0.495322;355349;769696;1.34596e+07;423475
259;0.449193;323048;708633;1.35501e+07;426323
260;0.41067;293683;652041;1.36335e+07;428945
261;0.378259;266987;599644;1.37102e+07;431357
262;0.350799;242718;551177;1.37807e+07;433576
263;0.327388;220655;506382;1.38455e+07;435615
264;0.307312;200597;465015;1.39051e+07;437489
265;0.290005;182363;426843;1.39597e+07;439209
266;0.275011;165786;391644;1.40099e+07;440789
267;0.261963;150716;359208;1.4056e+07;442238
268;0.250563;137016;329336;1.40982e+07;443567
269;0.240564;124562;301842;1.4137e+07;444785
270;0.231766;113239;276551;1.41725e+07;445902
271;0.223998;102945;253299;1.4205e+07;446926
272;0.217122;93587.8;231932;1.42348e+07;447863
273;0.211019;85080.6;212305;1.4262e+07;448721
274;0.205589;77346.8;194287;1.4287e+07;449506
275;0.200747;70316;177750;1.43099e+07;450225
276;0.196422;63924.3;162581;1.43308e+07;450883
277;0.192551;58113.6;148671;1.43499e+07;451484
278;0.18908;52831;135919;1.43674e+07;452035
279;0.185965;48028.7;124235;1.43834e+07;452537
280;0.183164;43662.9;113531;1.4398e+07;452997
281;0.180642;39693.9;103729;1.44113e+07;453417
282;0.17837;36085.8;94754.5;1.44235e+07;453801
283;0.176321;32805.6;86541;1.44347e+07;454152
284;0.174471;29823.5;79025.6;1.44448e+07;454472
285;0.172799;27112.6;72150.7;1.44541e+07;454764
286;0.171287;24648.1;65863.4;1.44626e+07;455031
287;0.169919;22407.5;60114.7;1.44704e+07;455275
288;0.168681;20370.7;54859.6;1.44774e+07;455497
289;0.167559;18519;50056.8;1.44839e+07;455700
290;0.166542;16835.6;45668.3;1.44898e+07;455885
291;0.165619;15305.3;41659.1;1.44951e+07;456054
292;0.164783;13914;37997.1;1.45e+07;456209
293;0.164023;12649.2;34652.8;1.45045e+07;456349
294;0.163334;11499.4;31599.3;1.45086e+07;456477
295;0.162708;10454.1;28811.6;1.45123e+07;456594
296;0.16214;9503.85;26267;1.45157e+07;456701
297;0.161623;8639.95;23944.7;1.45188e+07;456798
298;0.161154;7854.58;21825.6;1.45216e+07;456887
299;0.160727;7140.6;19892.1;1.45242e+07;456967
300;0.160339;6491.52;18128.3;1.45265e+07;457041
301;0.159987;5901.44;16519.4;1.45286e+07;457108
302;0.159666;5365;15052;1.45306e+07;457169
303;0.159375;4877.32;13713.9;1.45323e+07;457225
304;0.15911;4433.97;12493.8;1.4534e+07;457276
305;0.158869;4030.92;11381.3;1.45354e+07;457322
306;0.15865;3664.51;10367.2;1.45368e+07;457364
307;0.15845;3331.41;9442.74;1.4538e+07;457402
308;0.158269;3028.58;8600.16;1.45391e+07;457437
309;0.158104;2753.29;7832.26;1.45401e+07;457469
310;0.157953;2503.01;7132.48;1.4541e+07;457498
311;0.157817;2275.49;6494.84;1.45419e+07;457524
312;0.157692;2068.65;5913.85;1.45426e+07;457549
313;0.157579;1880.61;5384.54;1.45433e+07;457570
314;0.157476;1709.66;4902.35;1.4544e+07;457590
315;0.157383;1554.25;4463.1;1.45445e+07;457608
316;0.157298;1412.97;4063.01;1.45451e+07;457625
317;0.15722;1284.53;3698.6;1.45455e+07;457640
318;0.15715;1167.77;3366.73;1.4546e+07;457654
319;0.157085;1061.62;3064.49;1.45464e+07;457666
320;0.157027;965.117;2789.27;1.45467e+07;457677
321;0.156974;877.388;2538.66;1.4547e+07;457688
322;0.156926;797.633;2310.48;1.45473e+07;457697
323;0.156882;725.128;2102.72;1.45476e+07;457706
324;0.156842;659.214;1913.57;1.45479e+07;457714
325;0.156805;599.292;1741.38;1.45481e+07;457721
326;0.156772;544.816;1584.63;1.45483e+07;457727
327;0.156742;495.292;1441.94;1.45485e+07;457733
328;0.156715;450.27;1312.05;1.45487e+07;457738
329;0.15669;409.341;1193.83;1.45488e+07;457743
330;0.156667;372.132;1086.23;1.45489e+07;457748
331;0.156646;338.305;988.294;1.45491e+07;457752
332;0.156627;307.553;899.166;1.45492e+07;457755
333;0.15661;279.597;818.053;1.45493e+07;457759
334;0.156595;254.181;744.239;1.45494e+07;457762
335;0.156581;231.076;677.068;1.45495e+07;457764
336;0.156568;210.071;615.944;1.45496e+07;457767
337;0.156556;190.976;560.326;1.45496e+07;457769
338;0.156546;173.616;509.718;1.45497e+07;457771
339;0.156536;157.834;463.671;1.45498e+07;457773
340;0.156527;143.487;421.775;1.45498e+07;457775
341;0.156519;130.444;383.656;1.45499e+07;457776
342;0.156512;118.587;348.976;1.45499e+07;457778
343;0.156505;107.807;317.425;1.45499e+07;457779
344;0.156499;98.0077;288.721;1.455e+07;457780
345;0.156494;89.0988;262.608;1.455e+07;457781
346;0.156489;80.9998;238.853;1.45501e+07;457782
347;0.156484;73.6369;217.243;1.45501e+07;457783
348;0.15648;66.9433;197.585;1.45501e+07;457784
349;0.156476;60.8582;179.703;1.45501e+07;457785
350;0.156473;55.3261;163.437;1.45501e+07;457785
351;0.15647;50.297;148.641;1.45502e+07;457786
352;0.156467;45.725;135.183;1.45502e+07;457786
353;0.156464;41.5686;122.942;1.45502e+07;457787
354;0.156462;37.79;111.808;1.45502e+07;457787
355;0.15646;34.3549;101.68;1.45502e+07;457788
356;0.156458;31.2321;92.4694;1.45502e+07;457788
357;0.156456;28.3931;84.0919;1.45503e+07;457789
358;0.156455;25.8121;76.4725;1.45503e+07;457789
359;0.156453;23.4658;69.5427;1.45503e+07;457789
360;0.156452;21.3328;63.2402;1.45503e+07;457789
361;0.156451;19.3936;57.5083;1.45503e+07;457790
362;0.15645;17.6307;52.2954;1.45503e+07;457790
363;0.156449;16.0281;47.5546;1.45503e+07;457790
364;0.156448;14.5712;43.2432;1.45503e+07;457790
365;0.156447;13.2466;39.3223;1.45503e+07;457790
366;0.156446;12.0425;35.7566;1.45503e+07;457791
367;0.156445;10.9479;32.514;1.45503e+07;457791
368;0.156445;9.9527;29.5652;1.45503e+07;457791
369;0.156444;9.048;26.8837;1.45503e+07;457791
370;0.156444;8.22553;24.4451;1.45503e+07;457791
371;0.156443;7.47783;22.2277;1.45503e+07;457791
372;0.156443;6.7981;20.2112;1.45503e+07;457791
373;0.156442;6.18015;18.3775;1.45503e+07;457791
374;0.156442;5.61838;16.7101;1.45503e+07;457791
375;0.156442;5.10767;15.1939;1.45503e+07;457791
376;0.156442;4.64338;13.8151;1.45503e+07;457791
377;0.156441;4.2213;12.5614;1.45503e+07;457791
378;0.156441;3.83758;11.4215;1.45503e+07;457792
379;0.156441;3.48875;10.3849;1.45503e+07;457792
380;0.156441;3.17162;9.44231;1.45503e+07;457792
381;0.15644;2.88332;8.58526;1.45504e+07;457792
382;0.15644;2.62123;7.80596;1.45504e+07;457792
383;0.15644;2.38296;7.09737;1.45504e+07;457792
384;0.15644;2.16635;6.45307;1.45504e+07;457792
385;0.15644;1.96942;5.86723;1.45504e+07;457792
386;0.15644;1.7904;5.33456;1.45504e+07;457792
387;0.15644;1.62766;4.85022;1.45504e+07;457792
388;0.15644;1.4797;4.40984;1.45504e+07;457792
389;0.156439;1.3452;4.00944;1.45504e+07;457792
390;0.156439;1.22292;3.64537;1.45504e+07;457792
391;0.156439;1.11176;3.31435;1.45504e+07;457792
392;0.156439;1.0107;3.01338;1.45504e+07;457792
393;0.156439;0.918825;2.73973;1.45504e+07;457792
394;0.156439;0.835304;2.49092;1.45504e+07;457792
395;0.156439;0.759375;2.2647;1.45504e+07;457792
396;0.156439;0.690348;2.05902;1.45504e+07;457792
397;0.156439;0.627595;1.87201;1.45504e+07;457792
398;0.156439;0.570547;1.70199;1.45504e+07;457792
399;0.156439;0.518684;1.5474;1.45504e+07;457792
400;0.156439;0.471536;1.40685;1.45504e+07;457792
401;0.156439;0.428673;1.27906;1.45504e+07;457792
402;0.156439;0.389707;1.16288;1.45504e+07;457792
403;0.156439;0.354283;1.05724;1.45504e+07;457792
404;0.156439;0.322078;0.961204;1.45504e+07;457792
405;0.156439;0.292801;0.873887;1.45504e+07;457792
406;0.156439;0.266186;0.7945;1.45504e+07;457792
407;0.156439;0.241989;0.722323;1.45504e+07;457792
408;0.156439;0.219993;0.656702;1.45504e+07;457792
409;0.156439;0.199995;0.597042;1.45504e+07;457792
410;0.156439;0.181816;0.5428;1.45504e+07;457792
411;0.156439;0.165289;0.493485;1.45504e+07;457792
