137;4.50423e+06;1.7647;0.8787;0.1176;0.0037
138;4.50423e+06;3.15493;0.932525;0.220935;0.00695119
139;4.50423e+06;4.51377;1.10619;0.3306;0.0104015
140;4.50422e+06;6.05557;1.38231;0.460688;0.0144944
141;4.50422e+06;7.94448;1.76509;0.623248;0.019609
142;4.50422e+06;10.3372;2.27314;0.830823;0.0261398
143;4.50421e+06;13.4089;2.93706;1.09814;0.0345504
144;4.50421e+06;17.3731;3.79966;1.44354;0.0454176
145;4.5042e+06;22.4991;4.91797;1.89038;0.0594763
146;4.50419e+06;29.1326;6.36659;2.46874;0.0776728
147;4.50418e+06;37.7195;8.24247;3.21745;0.101229
148;4.50417e+06;48.8361;10.6714;4.18676;0.131726
149;4.50415e+06;63.2284;13.8161;5.44171;0.17121
150;4.50412e+06;81.8618;17.8877;7.06649;0.22233
151;4.50409e+06;105.986;23.1592;9.17008;0.288515
152;4.50405e+06;137.22;29.9841;11.8936;0.374203
153;4.504e+06;177.657;38.8203;15.4197;0.485145
154;4.50393e+06;230.011;50.2605;19.985;0.62878
155;4.50384e+06;297.792;65.0719;25.8956;0.814743
156;4.50373e+06;385.545;84.2479;33.5481;1.05551
157;4.50358e+06;499.155;109.075;43.4556;1.36723
158;4.50339e+06;646.238;141.217;56.2828;1.7708
159;4.50314e+06;836.654;182.83;72.8899;2.29331
160;4.50281e+06;1083.16;236.705;94.3908;2.96978
161;4.5024e+06;1402.29;306.452;122.227;3.84559
162;4.50186e+06;1815.39;396.747;158.266;4.97946
163;4.50116e+06;2350.15;513.641;204.924;6.44743
164;4.50025e+06;3042.32;664.965;265.328;8.3479
165;4.49908e+06;3938.2;860.852;343.528;10.8083
166;4.49756e+06;5097.63;1114.41;444.764;13.9934
167;4.4956e+06;6597.95;1442.61;575.819;18.1168
168;4.49306e+06;8539.1;1867.37;745.47;23.4544
169;4.48977e+06;11050.1;2417.07;965.073;30.3637
170;4.48552e+06;14297.4;3128.33;1249.32;39.3068
171;4.48002e+06;18495.4;4048.49;1617.21;50.8817
172;4.47291e+06;23920.2;5238.64;2093.31;65.8611
173;4.46373e+06;30926.3;6777.54;2709.38;85.2441
174;4.45188e+06;39968.1;8766.63;3506.42;110.321
175;4.43659e+06;51626;11336.3;4537.37;142.757
176;4.41688e+06;66638.6;14654;5870.53;184.702
177;4.39152e+06;85940.6;18934;7593.84;238.922
178;4.35895e+06;110707;24449.3;9820.48;308.978
179;4.31719e+06;142400;31546.8;12695.7;399.44
180;4.26383e+06;182820;40664.4;16405.6;516.163
181;4.19589e+06;234139;52350.1;21187.8;666.621
182;4.10982e+06;298927;67283.3;27344.1;860.317
183;4.00146e+06;380112;86294.3;35256.6;1109.27
184;3.86614e+06;480878;110379;45404.9;1428.55
185;3.6989e+06;604411;140702;58385.4;1836.96
186;3.49491e+06;753455;178576;74932;2357.55
187;3.25027e+06;929610;225403;95932.5;3018.28
188;2.96304e+06;1.13233e+06;282564;122440;3852.28
189;2.63474e+06;1.35771e+06;351218;155669;4897.76
190;2.2718e+06;1.59723e+06;432030;196973;6197.27
191;1.88674e+06;1.8371e+06;524813;247779;7795.78
192;1.49813e+06;2.05872e+06;628146;309497;9737.59
193;1.12864e+06;2.24107e+06;739090;383367;12061.7
194;800949;2.36505e+06;853152;470284;14796.4
195;532348;2.41867e+06;964648;570615;17953
196;330350;2.40081e+06;1.06749e+06;684058;21522.2
197;191525;2.3214e+06;1.15624e+06;809595;25471.9
198;104271;2.19764e+06;1.227e+06;945568;29750
199;53812.5;2.04833e+06;1.27793e+06;1.08986e+06;34289.9
200;26663.2;1.88929e+06;1.30911e+06;1.24015e+06;39018.3
201;12868.4;1.73135e+06;1.32205e+06;1.3941e+06;43862
202;6137.53;1.5807e+06;1.31907e+06;1.54957e+06;48753.6
203;2931;1.44022e+06;1.30275e+06;1.7047e+06;53634.2
204;1417;1.31082e+06;1.27564e+06;1.8579e+06;58454.3
205;699.503;1.19238e+06;1.24006e+06;2.00792e+06;63174.2
206;354.825;1.08434e+06;1.19803e+06;2.15375e+06;67762.4
207;185.737;985942;1.15127e+06;2.29463e+06;72195.1
208;100.596;896405;1.10125e+06;2.43002e+06;76454.8
209;56.4441;814966;1.04915e+06;2.55953e+06;80529.5
210;32.8209;740909;995967;2.68291e+06;84411.3
211;19.7695;673573;942504;2.80004e+06;88096.4
212;12.3238;612353;889406;2.91087e+06;91583.6
213;7.94038;556694;837183;3.01547e+06;94874.4
214;5.27994;506094;786237;3.11392e+06;97972
215;3.61737;460091;736870;3.20638e+06;100881
216;2.54913;418270;689310;3.29304e+06;103608
217;1.8445;380250;643717;3.3741e+06;106158
218;1.36809;345686;600198;3.4498e+06;108540
219;1.03845;314263;558817;3.52039e+06;110760
220;0.805361;285697;519599;3.5861e+06;112828
221;0.637201;259727;482542;3.64721e+06;114751
222;0.513588;236118;447619;3.70395e+06;116536
223;0.421128;214655;414786;3.75659e+06;118192
224;0.350848;195143;383984;3.80537e+06;119727
225;0.296625;177405;355145;3.85053e+06;121148
226;0.254212;161279;328192;3.8923e+06;122462
227;0.220612;146618;303043;3.93089e+06;123676
228;0.19368;133291;279611;3.96653e+06;124797
229;0.171858;121175;257811;3.99941e+06;125832
230;0.154;110160;237553;4.02973e+06;126786
231;0.139253;100146;218751;4.05767e+06;127665
232;0.12697;91043.1;201320;4.08339e+06;128474
233;0.116661;82767.3;185176;4.10707e+06;129219
234;0.107948;75243.8;170238;4.12884e+06;129904
235;0.100534;68404.1;156427;4.14886e+06;130534
236;0.094189;62186.2;143671;4.16726e+06;131113
237;0.0887284;56533.5;131896;4.18415e+06;131644
238;0.0840053;51394.6;121036;4.19966e+06;132132
239;0.0799014;46722.8;111026;4.2139e+06;132580
240;0.0763204;42475.7;101806;4.22696e+06;132991
241;0.0731837;38614.7;93317.8;4.23893e+06;133368
242;0.0704265;35104.6;85508.4;4.2499e+06;133713
243;0.0679949;31913.6;78327.2;4.25996e+06;134029
244;0.0658444;29012.7;71727.1;4.26917e+06;134319
245;0.0639372;26375.4;65663.8;4.2776e+06;134584
246;0.0622417;23977.9;60096.3;4.28533e+06;134827
247;0.060731;21798.3;54986.2;4.29239e+06;135050
248;0.0593822;19816.8;50297.9;4.29886e+06;135253
249;0.0581758;18015.5;45998.1;4.30478e+06;135439
250;0.0570949;16377.9;42056.1;4.31018e+06;135610
251;0.056125;14889.1;38443.5;4.31513e+06;135765
252;0.0552534;13535.7;35133.7;4.31965e+06;135907
253;0.0544692;12305.3;32102.4;4.32378e+06;136037
254;0.0537628;11186.8;29326.9;4.32756e+06;136156
255;0.0531258;10169.9;26786.4;4.33101e+06;136265
256;0.0525509;9245.44;24461.7;4.33416e+06;136364
257;0.0520315;8405.03;22334.9;4.33703e+06;136454
258;0.051562;7641.02;20389.7;4.33966e+06;136537
259;0.0511372;6946.45;18611;4.34206e+06;136612
260;0.0507527;6315.02;16984.9;4.34425e+06;136681
261;0.0504044;5740.98;15498.7;4.34624e+06;136744
262;0.0500888;5219.13;14140.5;4.34807e+06;136801
263;0.0498026;4744.71;12899.7;4.34973e+06;136854
264;0.049543;4313.41;11766.3;4.35125e+06;136901
265;0.0493075;3921.33;10731.1;4.35263e+06;136945
266;0.0490937;3564.88;9785.87;4.35389e+06;136985
267;0.0488995;3240.83;8922.9;4.35504e+06;137021
268;0.0487232;2946.24;8135.14;4.35609e+06;137054
269;0.0485631;2678.43;7416.16;4.35705e+06;137084
270;0.0484175;2434.96;6760.05;4.35792e+06;137111
271;0.0482853;2213.62;6161.39;4.35872e+06;137136
272;0.0481651;2012.4;5615.23;4.35944e+06;137159
273;0.0480558;1829.47;5117.03;4.3601e+06;137180
274;0.0479564;1663.18;4662.64;4.3607e+06;137199
275;0.047866;1511.99;4248.24;4.36125e+06;137216
276;0.0477839;1374.55;3870.37;4.36175e+06;137232
277;0.0477091;1249.61;3525.84;4.36221e+06;137246
278;0.0476412;1136.02;3211.75;4.36262e+06;137259
279;0.0475793;1032.75;2925.42;4.363e+06;137271
280;0.0475231;938.876;2664.45;4.36334e+06;137282
281;0.0474719;853.532;2426.59;4.36366e+06;137292
282;0.0474254;775.946;2209.83;4.36394e+06;137301
283;0.047383;705.413;2012.31;4.3642e+06;137309
284;0.0473445;641.291;1832.34;4.36444e+06;137316
285;0.0473094;582.997;1668.37;4.36465e+06;137323
286;0.0472775;530.003;1518.99;4.36485e+06;137329
287;0.0472485;481.826;1382.92;4.36503e+06;137335
288;0.0472221;438.028;1258.97;4.36519e+06;137340
289;0.0471981;398.211;1146.07;4.36534e+06;137345
290;0.0471762;362.014;1043.25;4.36547e+06;137349
291;0.0471563;329.107;949.611;4.3656e+06;137353
292;0.0471382;299.191;864.339;4.36571e+06;137356
293;0.0471218;271.994;786.691;4.36581e+06;137360
294;0.0471068;247.27;715.99;4.3659e+06;137363
295;0.0470932;224.793;651.617;4.36599e+06;137365
296;0.0470808;204.36;593.01;4.36606e+06;137368
297;0.0470695;185.783;539.654;4.36613e+06;137370
298;0.0470592;168.896;491.082;4.3662e+06;137372
299;0.0470499;153.543;446.866;4.36625e+06;137374
300;0.0470414;139.586;406.618;4.36631e+06;137375
301;0.0470337;126.898;369.984;4.36635e+06;137377
302;0.0470266;115.363;336.64;4.3664e+06;137378
303;0.0470202;104.876;306.292;4.36644e+06;137379
304;0.0470144;95.3429;278.672;4.36647e+06;137381
305;0.0470091;86.6763;253.536;4.36651e+06;137382
306;0.0470043;78.7974;230.661;4.36654e+06;137383
307;0.0469999;71.6347;209.844;4.36656e+06;137383
308;0.0469959;65.1231;190.902;4.36659e+06;137384
309;0.0469923;59.2034;173.665;4.36661e+06;137385
310;0.046989;53.8219;157.981;4.36663e+06;137385
311;0.046986;48.9294;143.71;4.36665e+06;137386
312;0.0469833;44.4818;130.726;4.36667e+06;137387
313;0.0469808;40.4384;118.912;4.36668e+06;137387
314;0.0469785;36.7625;108.164;4.3667e+06;137388
315;0.0469765;33.4208;98.3855;4.36671e+06;137388
316;0.0469746;30.3829;89.4893;4.36672e+06;137388
317;0.0469729;27.6211;81.396;4.36673e+06;137389
318;0.0469714;25.1103;74.0334;4.36674e+06;137389
319;0.04697;22.8278;67.3357;4.36675e+06;137389
320;0.0469687;20.7527;61.2429;4.36676e+06;137389
321;0.0469675;18.8663;55.7006;4.36676e+06;137390
322;0.0469665;17.1514;50.6591;4.36677e+06;137390
323;0.0469655;15.5923;46.0732;4.36678e+06;137390
324;0.0469646;14.175;41.9018;4.36678e+06;137390
325;0.0469638;12.8865;38.1077;4.36679e+06;137390
326;0.0469631;11.7151;34.6566;4.36679e+06;137391
327;0.0469625;10.6502;31.5176;4.3668e+06;137391
328;0.0469619;9.68209;28.6626;4.3668e+06;137391
329;0.0469613;8.80199;26.066;4.3668e+06;137391
330;0.0469608;8.00189;23.7043;4.36681e+06;137391
331;0.0469604;7.27451;21.5563;4.36681e+06;137391
332;0.04696;6.61326;19.6028;4.36681e+06;137391
333;0.0469596;6.01212;17.8261;4.36681e+06;137391
334;0.0469592;5.46562;16.2103;4.36681e+06;137391
335;0.0469589;4.96879;14.7408;4.36682e+06;137391
336;0.0469587;4.51713;13.4044;4.36682e+06;137391
337;0.0469584;4.10652;12.1891;4.36682e+06;137391
338;0.0469582;3.73324;11.0838;4.36682e+06;137391
339;0.046958;3.39389;10.0787;4.36682e+06;137392
340;0.0469578;3.08538;9.16466;4.36682e+06;137392
341;0.0469576;2.80492;8.33345;4.36683e+06;137392
342;0.0469574;2.54996;7.57757;4.36683e+06;137392
343;0.0469573;2.31816;6.8902;4.36683e+06;137392
344;0.0469572;2.10744;6.26514;4.36683e+06;137392
345;0.046957;1.91588;5.69675;4.36683e+06;137392
346;0.0469569;1.74172;5.17988;4.36683e+06;137392
347;0.0469568;1.5834;4.70989;4.36683e+06;137392
348;0.0469568;1.43947;4.28251;4.36683e+06;137392
349;0.0469567;1.30862;3.89389;4.36683e+06;137392
350;0.0469566;1.18967;3.54051;4.36683e+06;137392
351;0.0469565;1.08153;3.21919;4.36683e+06;137392
352;0.0469565;0.983217;2.92701;4.36683e+06;137392
353;0.0469564;0.893843;2.66134;4.36683e+06;137392
354;0.0469564;0.812592;2.41977;4.36683e+06;137392
355;0.0469563;0.738728;2.20012;4.36683e+06;137392
356;0.0469563;0.671577;2.00039;4.36683e+06;137392
357;0.0469562;0.610531;1.81879;4.36683e+06;137392
358;0.0469562;0.555034;1.65367;4.36683e+06;137392
359;0.0469562;0.504581;1.50353;4.36683e+06;137392
360;0.0469561;0.458715;1.36702;4.36683e+06;137392
361;0.0469561;0.417018;1.2429;4.36683e+06;137392
362;0.0469561;0.379111;1.13004;4.36683e+06;137392
363;0.0469561;0.34465;1.02743;4.36683e+06;137392
364;0.0469561;0.313321;0.93413;4.36683e+06;137392
365;0.046956;0.28484;0.849301;4.36683e+06;137392
366;0.046956;0.258948;0.772173;4.36684e+06;137392
367;0.046956;0.23541;0.702047;4.36684e+06;137392
368;0.046956;0.214011;0.638287;4.36684e+06;137392
369;0.046956;0.194558;0.580316;4.36684e+06;137392
370;0.046956;0.176872;0.527609;4.36684e+06;137392
371;0.046956;0.160795;0.479688;4.36684e+06;137392
