200;5.16066e+07;1.7647;0.8787;0.1176;0.0037
201;5.16066e+07;3.15493;0.932525;0.220935;0.00695119
202;5.16066e+07;4.51377;1.10619;0.3306;0.0104015
203;5.16066e+07;6.05557;1.38231;0.460688;0.0144944
204;5.16066e+07;7.94449;1.76509;0.623248;0.019609
205;5.16066e+07;10.3372;2.27314;0.830823;0.0261398
206;5.16066e+07;13.4089;2.93706;1.09814;0.0345505
207;5.16066e+07;17.3731;3.79967;1.44354;0.0454176
208;5.16066e+07;22.4991;4.91798;1.89038;0.0594763
209;5.16066e+07;29.1327;6.3666;2.46874;0.0776729
210;5.16066e+07;37.7197;8.2425;3.21745;0.101229
211;5.16066e+07;48.8365;10.6714;4.18677;0.131727
212;5.16066e+07;63.2291;13.8162;5.44172;0.171211
213;5.16065e+07;81.863;17.8878;7.06651;0.222331
214;5.16065e+07;105.988;23.1594;9.17012;0.288516
215;5.16065e+07;137.223;29.9845;11.8937;0.374205
216;5.16064e+07;177.663;38.8209;15.4198;0.485148
217;5.16063e+07;230.02;50.2615;19.9852;0.628785
218;5.16062e+07;297.807;65.0736;25.8959;0.814753
219;5.16061e+07;385.571;84.2509;33.5486;1.05553
220;5.1606e+07;499.199;109.08;43.4565;1.36725
221;5.16058e+07;646.312;141.226;56.2843;1.77085
222;5.16055e+07;836.779;182.845;72.8924;2.29338
223;5.16052e+07;1083.38;236.729;94.3949;2.96991
224;5.16048e+07;1402.64;306.492;122.234;3.8458
225;5.16043e+07;1815.99;396.815;158.278;4.97983
226;5.16036e+07;2351.14;513.755;204.943;6.44804
227;5.16027e+07;3043.99;665.155;265.361;8.34893
228;5.16015e+07;3941;861.17;343.583;10.81
229;5.16e+07;5102.32;1114.95;444.857;13.9963
230;5.1598e+07;6605.81;1443.51;575.974;18.1216
231;5.15954e+07;8552.27;1868.88;745.731;23.4626
232;5.15921e+07;11072.2;2419.58;965.51;30.3775
233;5.15879e+07;14334.3;3132.55;1250.05;39.3299
234;5.15824e+07;18557.4;4055.56;1618.44;50.9203
235;5.15752e+07;24024;5250.49;2095.38;65.9259
236;5.15659e+07;31100.1;6797.38;2712.83;85.3527
237;5.1554e+07;40259;8799.86;3512.2;110.503
238;5.15384e+07;52112.7;11392;4547.07;143.062
239;5.15184e+07;67452.6;14747.2;5886.76;185.213
240;5.14924e+07;87301.1;19089.8;7621.03;239.777
241;5.14588e+07;112979;24709.9;9865.99;310.41
242;5.14153e+07;146190;31982.3;12771.9;401.836
243;5.13591e+07;189131;41391.5;16533;520.171
244;5.12864e+07;244633;53562.8;21400.6;673.319
245;5.11924e+07;316333;69302.8;27699.6;871.502
246;5.10711e+07;408897;89651;35849.6;1127.92
247;5.09145e+07;528297;115945;46392.6;1459.63
248;5.07127e+07;682145;149903;60027.7;1888.63
249;5.04527e+07;880099;193727;77656.4;2443.27
250;5.01185e+07;1.13434e+06;250229;100439;3160.06
251;4.96896e+07;1.4601e+06;322988;129866;4085.91
252;4.91407e+07;1.87622e+06;416532;167849;5280.96
253;4.84407e+07;2.40568e+06;536556;216833;6822.13
254;4.75519e+07;3.07589e+06;690148;279932;8807.39
255;4.64295e+07;3.9187e+06;886031;361093;11360.9
256;4.50224e+07;4.96952e+06;1.13477e+06;465291;14639.2
257;4.32749e+07;6.26531e+06;1.44885e+06;598739;18837.9
258;4.11301e+07;7.84057e+06;1.84262e+06;769124;24198.6
259;3.85373e+07;9.72064e+06;2.33182e+06;985816;31016.3
260;3.54626e+07;1.19117e+07;2.93257e+06;1.26004e+06;39644
261;3.19037e+07;1.43879e+07;3.65963e+06;1.60491e+06;50494.6
262;2.79073e+07;1.70764e+07;4.52357e+06;2.03528e+06;64035.2
263;2.35851e+07;1.98464e+07;5.52711e+06;2.56725e+06;80772.4
264;1.91205e+07;2.25069e+07;6.66071e+06;3.21724e+06;101223
265;1.4757e+07;2.48246e+07;7.89864e+06;4.00054e+06;125867
266;1.07615e+07;2.65636e+07;9.19709e+06;4.92942e+06;155092
267;7.36681e+06;2.75436e+07;1.04961e+07;6.011e+06;189122
268;4.71301e+06;2.76937e+07;1.17266e+07;7.24534e+06;227957
269;2.81473e+06;2.70746e+07;1.28216e+07;8.6244e+06;271346
270;1.57413e+06;2.58541e+07;1.37274e+07;1.01322e+07;318786
271;830624;2.42475e+07;1.44124e+07;1.17466e+07;369577
272;418311;2.24557e+07;1.48683e+07;1.34414e+07;422903
273;203875;2.06289e+07;1.5106e+07;1.519e+07;477915
274;97578.5;1.886e+07;1.51488e+07;1.69664e+07;533807
275;46503;1.71967e+07;1.50256e+07;1.87479e+07;589858
276;22333.3;1.56577e+07;1.47662e+07;2.05149e+07;645453
277;10913.7;1.42459e+07;1.43983e+07;2.22514e+07;700088
278;5466.38;1.29564e+07;1.39468e+07;2.39447e+07;753361
279;2820.78;1.17813e+07;1.34328e+07;2.55848e+07;804965
280;1504.56;1.07117e+07;1.28743e+07;2.71645e+07;854666
281;831.041;9.73865e+06;1.22863e+07;2.86785e+07;902301
282;475.68;8.85376e+06;1.16812e+07;3.01234e+07;947760
283;282.119;8.04915e+06;1.10691e+07;3.14971e+07;990981
284;173.243;7.31759e+06;1.04581e+07;3.27988e+07;1.03194e+06
285;110.024;6.65249e+06;9.8547e+06;3.40287e+07;1.07063e+06
286;72.1625;6.04781e+06;9.26403e+06;3.51876e+07;1.10709e+06
287;48.8013;5.49809e+06;8.69005e+06;3.62771e+07;1.14137e+06
288;33.9716;4.99833e+06;8.13572e+06;3.7299e+07;1.17352e+06
289;24.3007;4.54399e+06;7.60321e+06;3.82558e+07;1.20363e+06
290;17.8318;4.13095e+06;7.09399e+06;3.91499e+07;1.23176e+06
291;13.4004;3.75545e+06;6.60899e+06;3.99842e+07;1.25801e+06
292;10.2963;3.41408e+06;6.14869e+06;4.07614e+07;1.28246e+06
293;8.07628;3.10374e+06;5.71319e+06;4.14845e+07;1.30521e+06
294;6.45752;2.82162e+06;5.30231e+06;4.21563e+07;1.32635e+06
295;5.2558;2.56513e+06;4.91563e+06;4.27799e+07;1.34597e+06
296;4.34869;2.33196e+06;4.55253e+06;4.3358e+07;1.36415e+06
297;3.65333;2.11999e+06;4.21229e+06;4.38934e+07;1.381e+06
298;3.11263;1.92728e+06;3.89404e+06;4.43887e+07;1.39658e+06
299;2.68664;1.75209e+06;3.59689e+06;4.48467e+07;1.41099e+06
300;2.3469;1.59283e+06;3.31985e+06;4.52697e+07;1.4243e+06
301;2.07291;1.44804e+06;3.06194e+06;4.56601e+07;1.43658e+06
302;1.84966;1.31641e+06;2.82215e+06;4.60202e+07;1.44791e+06
303;1.666;1.19675e+06;2.59949e+06;4.6352e+07;1.45835e+06
304;1.51361;1.08797e+06;2.39295e+06;4.66577e+07;1.46797e+06
305;1.38613;989070;2.20158e+06;4.69392e+07;1.47683e+06
306;1.2787;899164;2.02444e+06;4.71981e+07;1.48497e+06
307;1.18756;817430;1.86061e+06;4.74361e+07;1.49246e+06
308;1.10975;743126;1.70922e+06;4.76549e+07;1.49935e+06
309;1.04295;675576;1.56944e+06;4.78559e+07;1.50567e+06
310;0.985293;614166;1.44048e+06;4.80405e+07;1.51148e+06
311;0.935295;558338;1.32158e+06;4.82099e+07;1.51681e+06
312;0.891748;507585;1.21202e+06;4.83653e+07;1.5217e+06
313;0.853666;461446;1.11114e+06;4.85079e+07;1.52618e+06
314;0.820242;419501;1.01831e+06;4.86385e+07;1.53029e+06
315;0.790808;381368;932919;4.87583e+07;1.53406e+06
316;0.764807;346702;854423;4.8868e+07;1.53751e+06
317;0.741775;315186;782296;4.89685e+07;1.54067e+06
318;0.721322;286536;716054;4.90605e+07;1.54357e+06
319;0.703115;260490;655243;4.91447e+07;1.54622e+06
320;0.686874;236811;599440;4.92217e+07;1.54864e+06
321;0.672359;215285;548255;4.92922e+07;1.55086e+06
322;0.659363;195716;501321;4.93567e+07;1.55289e+06
323;0.647709;177925;458301;4.94157e+07;1.55474e+06
324;0.637243;161752;418883;4.94696e+07;1.55644e+06
325;0.627832;147049;382775;4.95188e+07;1.55799e+06
326;0.619358;133682;349711;4.95638e+07;1.55941e+06
327;0.611721;121530;319443;4.9605e+07;1.5607e+06
328;0.604831;110483;291742;4.96425e+07;1.56188e+06
329;0.598608;100440;266396;4.96768e+07;1.56296e+06
330;0.592985;91310.2;243213;4.97082e+07;1.56395e+06
331;0.587899;83010.1;222011;4.97368e+07;1.56485e+06
332;0.583296;75464.5;202627;4.97629e+07;1.56567e+06
333;0.579128;68604.8;184908;4.97867e+07;1.56642e+06
334;0.575352;62368.6;168715;4.98084e+07;1.5671e+06
335;0.571929;56699.3;153919;4.98283e+07;1.56773e+06
336;0.568824;51545.4;140402;4.98464e+07;1.5683e+06
337;0.566008;46859.9;128057;4.98629e+07;1.56882e+06
338;0.563451;42600.3;116783;4.9878e+07;1.56929e+06
339;0.561131;38728;106490;4.98917e+07;1.56972e+06
340;0.559023;35207.6;97093.1;4.99042e+07;1.57012e+06
341;0.557109;32007.2;88516;4.99156e+07;1.57047e+06
342;0.55537;29097.8;80688.5;4.9926e+07;1.5708e+06
343;0.553789;26452.8;73546;4.99355e+07;1.5711e+06
344;0.552353;24048.2;67029.4;4.99442e+07;1.57137e+06
345;0.551047;21862.2;61084.7;4.99521e+07;1.57162e+06
346;0.54986;19875;55662.4;4.99592e+07;1.57185e+06
347;0.54878;18068.3;50717.2;4.99658e+07;1.57205e+06
348;0.547799;16425.9;46207.6;4.99718e+07;1.57224e+06
349;0.546906;14932.8;42095.8;4.99772e+07;1.57241e+06
350;0.546094;13575.4;38346.9;4.99821e+07;1.57257e+06
351;0.545355;12341.4;34929.5;4.99867e+07;1.57271e+06
352;0.544684;11219.6;31814.3;4.99908e+07;1.57284e+06
353;0.544072;10199.7;28975.1;4.99945e+07;1.57296e+06
354;0.543516;9272.57;26387.6;4.99979e+07;1.57306e+06
355;0.543011;8429.69;24029.7;5.0001e+07;1.57316e+06
356;0.54255;7663.43;21881.1;5.00038e+07;1.57325e+06
357;0.542132;6966.83;19923.5;5.00064e+07;1.57333e+06
358;0.541751;6333.54;18140.1;5.00088e+07;1.5734e+06
359;0.541404;5757.82;16515.4;5.00109e+07;1.57347e+06
360;0.541089;5234.44;15035.5;5.00128e+07;1.57353e+06
361;0.540802;4758.63;13687.5;5.00146e+07;1.57359e+06
362;0.540541;4326.07;12459.8;5.00162e+07;1.57364e+06
363;0.540303;3932.83;11341.6;5.00177e+07;1.57369e+06
364;0.540087;3575.34;10323.4;5.0019e+07;1.57373e+06
365;0.53989;3250.34;9396.16;5.00202e+07;1.57377e+06
366;0.539711;2954.88;8551.86;5.00213e+07;1.5738e+06
367;0.539549;2686.28;7783.12;5.00223e+07;1.57383e+06
368;0.5394;2442.1;7083.21;5.00232e+07;1.57386e+06
369;0.539266;2220.11;6446;5.00241e+07;1.57389e+06
370;0.539143;2018.31;5865.91;5.00248e+07;1.57391e+06
371;0.539032;1834.84;5337.84;5.00255e+07;1.57393e+06
372;0.53893;1668.05;4857.15;5.00262e+07;1.57395e+06
373;0.538838;1516.43;4419.6;5.00267e+07;1.57397e+06
374;0.538754;1378.59;4021.35;5.00272e+07;1.57399e+06
375;0.538677;1253.27;3658.87;5.00277e+07;1.574e+06
376;0.538608;1139.35;3328.97;5.00282e+07;1.57401e+06
377;0.538545;1035.78;3028.73;5.00285e+07;1.57403e+06
378;0.538487;941.63;2755.5;5.00289e+07;1.57404e+06
379;0.538435;856.036;2506.85;5.00292e+07;1.57405e+06
380;0.538387;778.222;2280.59;5.00295e+07;1.57406e+06
381;0.538344;707.482;2074.69;5.00298e+07;1.57407e+06
382;0.538304;643.172;1887.34;5.003e+07;1.57407e+06
383;0.538269;584.708;1716.87;5.00303e+07;1.57408e+06
384;0.538236;531.558;1561.76;5.00305e+07;1.57409e+06
385;0.538206;483.239;1420.64;5.00306e+07;1.57409e+06
386;0.538179;439.313;1292.24;5.00308e+07;1.5741e+06
387;0.538155;399.379;1175.43;5.0031e+07;1.5741e+06
388;0.538133;363.076;1069.15;5.00311e+07;1.57411e+06
389;0.538112;330.072;972.468;5.00312e+07;1.57411e+06
390;0.538094;300.069;884.511;5.00313e+07;1.57412e+06
391;0.538077;272.792;804.496;5.00314e+07;1.57412e+06
392;0.538062;247.996;731.707;5.00315e+07;1.57412e+06
393;0.538048;225.453;665.494;5.00316e+07;1.57412e+06
394;0.538035;204.959;605.263;5.00317e+07;1.57413e+06
395;0.538024;186.328;550.476;5.00318e+07;1.57413e+06
396;0.538013;169.391;500.64;5.00318e+07;1.57413e+06
397;0.538004;153.993;455.31;5.00319e+07;1.57413e+06
398;0.537995;139.995;414.079;5.00319e+07;1.57413e+06
399;0.537987;127.27;376.577;5.0032e+07;1.57414e+06
400;0.53798;115.701;342.467;5.0032e+07;1.57414e+06
401;0.537974;105.184;311.443;5.00321e+07;1.57414e+06
402;0.537968;95.6226;283.226;5.00321e+07;1.57414e+06
403;0.537962;86.9306;257.563;5.00321e+07;1.57414e+06
404;0.537957;79.0286;234.223;5.00322e+07;1.57414e+06
405;0.537953;71.8449;212.995;5.00322e+07;1.57414e+06
406;0.537949;65.3142;193.689;5.00322e+07;1.57414e+06
407;0.537945;59.3771;176.132;5.00323e+07;1.57414e+06
408;0.537942;53.9798;160.165;5.00323e+07;1.57414e+06
409;0.537939;49.073;145.643;5.00323e+07;1.57415e+06
410;0.537936;44.6123;132.438;5.00323e+07;1.57415e+06
411;0.537934;40.557;120.428;5.00323e+07;1.57415e+06
412;0.537931;36.8704;109.507;5.00323e+07;1.57415e+06
413;0.537929;33.5189;99.5752;5.00324e+07;1.57415e+06
414;0.537927;30.472;90.5436;5.00324e+07;1.57415e+06
415;0.537926;27.7021;82.3305;5.00324e+07;1.57415e+06
416;0.537924;25.184;74.862;5.00324e+07;1.57415e+06
417;0.537923;22.8948;68.0704;5.00324e+07;1.57415e+06
418;0.537921;20.8136;61.8946;5.00324e+07;1.57415e+06
419;0.53792;18.9217;56.2788;5.00324e+07;1.57415e+06
420;0.537919;17.2017;51.1721;5.00324e+07;1.57415e+06
421;0.537918;15.6381;46.5286;5.00324e+07;1.57415e+06
422;0.537917;14.2166;42.3062;5.00324e+07;1.57415e+06
423;0.537917;12.9243;38.4667;5.00324e+07;1.57415e+06
424;0.537916;11.7495;34.9755;5.00324e+07;1.57415e+06
425;0.537915;10.6814;31.801;5.00324e+07;1.57415e+06
426;0.537915;9.71049;28.9145;5.00324e+07;1.57415e+06
427;0.537914;8.82781;26.2898;5.00324e+07;1.57415e+06
428;0.537913;8.02536;23.9033;5.00325e+07;1.57415e+06
429;0.537913;7.29586;21.7334;5.00325e+07;1.57415e+06
430;0.537913;6.63266;19.7603;5.00325e+07;1.57415e+06
431;0.537912;6.02975;17.9663;5.00325e+07;1.57415e+06
432;0.537912;5.48165;16.3351;5.00325e+07;1.57415e+06
433;0.537912;4.98337;14.8519;5.00325e+07;1.57415e+06
434;0.537911;4.53038;13.5034;5.00325e+07;1.57415e+06
435;0.537911;4.11857;12.2772;5.00325e+07;1.57415e+06
436;0.537911;3.74419;11.1624;5.00325e+07;1.57415e+06
437;0.537911;3.40384;10.1487;5.00325e+07;1.57415e+06
438;0.53791;3.09444;9.22709;5.00325e+07;1.57415e+06
439;0.53791;2.81315;8.38913;5.00325e+07;1.57415e+06
440;0.53791;2.55744;7.62724;5.00325e+07;1.57415e+06
441;0.53791;2.32497;6.93453;5.00325e+07;1.57415e+06
442;0.53791;2.11363;6.30471;5.00325e+07;1.57415e+06
443;0.53791;1.9215;5.73208;5.00325e+07;1.57415e+06
444;0.53791;1.74683;5.21144;5.00325e+07;1.57415e+06
445;0.537909;1.58805;4.73808;5.00325e+07;1.57415e+06
446;0.537909;1.44369;4.3077;5.00325e+07;1.57415e+06
447;0.537909;1.31246;3.91641;5.00325e+07;1.57415e+06
448;0.537909;1.19316;3.56065;5.00325e+07;1.57415e+06
449;0.537909;1.0847;3.2372;5.00325e+07;1.57415e+06
450;0.537909;0.986102;2.94313;5.00325e+07;1.57415e+06
451;0.537909;0.896465;2.67577;5.00325e+07;1.57415e+06
452;0.537909;0.814976;2.43268;5.00325e+07;1.57415e+06
453;0.537909;0.740895;2.21168;5.00325e+07;1.57415e+06
454;0.537909;0.673548;2.01075;5.00325e+07;1.57415e+06
455;0.537909;0.612322;1.82807;5.00325e+07;1.57415e+06
456;0.537909;0.556662;1.66199;5.00325e+07;1.57415e+06
457;0.537909;0.506062;1.51099;5.00325e+07;1.57415e+06
458;0.537909;0.460061;1.37371;5.00325e+07;1.57415e+06
459;0.537909;0.418241;1.2489;5.00325e+07;1.57415e+06
460;0.537909;0.380223;1.13542;5.00325e+07;1.57415e+06
461;0.537909;0.345661;1.03226;5.00325e+07;1.57415e+06
462;0.537909;0.31424;0.938466;5.00325e+07;1.57415e+06
463;0.537909;0.285676;0.853195;5.00325e+07;1.57415e+06
464;0.537909;0.259708;0.77567;5.00325e+07;1.57415e+06
465;0.537909;0.2361;0.705189;5.00325e+07;1.57415e+06
466;0.537909;0.214639;0.641111;5.00325e+07;1.57415e+06
467;0.537909;0.195128;0.582855;5.00325e+07;1.57415e+06
468;0.537909;0.177391;0.529892;5.00325e+07;1.57415e+06
469;0.537909;0.161266;0.481741;5.00325e+07;1.57415e+06
