211;5.77796e+07;1.7647;0.8787;0.1176;0.0037
212;5.77796e+07;3.15493;0.932525;0.220935;0.00695119
213;5.77796e+07;4.51377;1.10619;0.3306;0.0104015
214;5.77796e+07;6.05557;1.38231;0.460688;0.0144944
215;5.77796e+07;7.94449;1.76509;0.623248;0.019609
216;5.77796e+07;10.3372;2.27314;0.830823;0.0261398
217;5.77796e+07;13.4089;2.93706;1.09814;0.0345505
218;5.77796e+07;17.3731;3.79967;1.44354;0.0454176
219;5.77796e+07;22.4991;4.91798;1.89038;0.0594763
220;5.77796e+07;29.1327;6.3666;2.46874;0.0776729
221;5.77796e+07;37.7197;8.2425;3.21745;0.101229
222;5.77796e+07;48.8365;10.6714;4.18677;0.131727
223;5.77795e+07;63.2291;13.8162;5.44172;0.171211
224;5.77795e+07;81.863;17.8878;7.06651;0.222331
225;5.77795e+07;105.988;23.1594;9.17012;0.288516
226;5.77794e+07;137.223;29.9845;11.8937;0.374205
227;5.77794e+07;177.663;38.8209;15.4198;0.485148
228;5.77793e+07;230.02;50.2615;19.9852;0.628785
229;5.77792e+07;297.808;65.0737;25.8959;0.814753
230;5.77791e+07;385.572;84.2509;33.5486;1.05553
231;5.7779e+07;499.199;109.08;43.4565;1.36725
232;5.77788e+07;646.313;141.226;56.2843;1.77085
233;5.77785e+07;836.78;182.845;72.8924;2.29338
234;5.77782e+07;1083.38;236.729;94.395;2.96991
235;5.77778e+07;1402.64;306.493;122.234;3.84581
236;5.77772e+07;1815.99;396.816;158.278;4.97983
237;5.77765e+07;2351.15;513.756;204.943;6.44805
238;5.77756e+07;3044.01;665.157;265.361;8.34894
239;5.77745e+07;3941.03;861.174;343.583;10.81
240;5.77729e+07;5102.37;1114.95;444.857;13.9964
241;5.7771e+07;6605.89;1443.51;575.976;18.1217
242;5.77684e+07;8552.41;1868.89;745.733;23.4627
243;5.77651e+07;11072.4;2419.61;965.515;30.3776
244;5.77609e+07;14334.7;3132.59;1250.06;39.3301
245;5.77553e+07;18558;4055.63;1618.45;50.9207
246;5.77482e+07;24025;5250.61;2095.4;65.9266
247;5.77389e+07;31101.9;6797.58;2712.87;85.3538
248;5.77269e+07;40262;8800.2;3512.26;110.505
249;5.77114e+07;52117.7;11392.5;4547.17;143.066
250;5.76913e+07;67461;14748.1;5886.93;185.218
251;5.76654e+07;87315.1;19091.4;7621.31;239.786
252;5.76317e+07;113002;24712.5;9866.46;310.424
253;5.75882e+07;146229;31986.8;12772.7;401.861
254;5.7532e+07;189198;41399.1;16534.3;520.212
255;5.74592e+07;244744;53575.4;21402.8;673.388
256;5.73652e+07;316518;69323.9;27703.3;871.617
257;5.72437e+07;409207;89686.4;35855.8;1128.12
258;5.70869e+07;528815;116004;46402.9;1459.96
259;5.68847e+07;683009;150002;60045;1889.17
260;5.66241e+07;881541;193893;77685.3;2444.18
261;5.62887e+07;1.13674e+06;250505;100487;3161.58
262;5.5858e+07;1.4641e+06;323449;129947;4088.45
263;5.53062e+07;1.88286e+06;417301;167984;5285.21
264;5.46012e+07;2.41666e+06;537834;217059;6829.23
265;5.37042e+07;3.09399e+06;692269;280308;8819.21
266;5.25686e+07;3.9484e+06;889541;361719;11380.6
267;5.11401e+07;5.01797e+06;1.14055e+06;466329;14671.9
268;4.93582e+07;6.34373e+06;1.45833e+06;600457;18891.9
269;4.71591e+07;7.96623e+06;1.85808e+06;771957;24287.8
270;4.44817e+07;9.91948e+06;2.35683e+06;990468;31162.7
271;4.12781e+07;1.22214e+07;2.97263e+06;1.26763e+06;39882.9
272;3.75279e+07;1.48607e+07;3.72297e+06;1.61721e+06;50881.7
273;3.32569e+07;1.77808e+07;4.62221e+06;2.05503e+06;64656.7
274;2.85568e+07;2.08647e+07;5.67781e+06;2.59861e+06;81758.8
275;2.35977e+07;2.39272e+07;6.88569e+06;3.26632e+06;102767
276;1.86262e+07;2.67237e+07;8.22544e+06;4.07607e+06;128244
277;1.39365e+07;2.89842e+07;9.65687e+06;5.04339e+06;158678
278;9.81476e+06;3.04713e+07;1.11202e+07;6.17903e+06;194408
279;6.47012e+06;3.10461e+07;1.25411e+07;7.48676e+06;235553
280;3.98173e+06;3.07124e+07;1.3842e+07;8.9616e+06;281955
281;2.29016e+06;2.96122e+07;1.49547e+07;1.05894e+07;333170
282;1.23807e+06;2.79725e+07;1.58324e+07;1.23481e+07;388503
283;635347;2.60325e+07;1.64547e+07;1.421e+07;447083
284;313559;2.3988e+07;1.68251e+07;1.61451e+07;507965
285;151002;2.197e+07;1.69647e+07;1.81237e+07;570218
286;71982.7;2.0052e+07;1.6904e+07;2.01187e+07;632987
287;34407.9;1.82668e+07;1.66762e+07;2.21066e+07;695532
288;16669.6;1.66241e+07;1.63139e+07;2.40678e+07;757234
289;8253.58;1.51214e+07;1.58461e+07;2.59863e+07;817595
290;4201.76;1.37509e+07;1.52985e+07;2.78498e+07;876226
291;2208.27;1.25029e+07;1.46928e+07;2.96489e+07;932830
292;1201.06;1.13674e+07;1.40471e+07;3.13767e+07;987194
293;676.82;1.03347e+07;1.33764e+07;3.30287e+07;1.03917e+06
294;395.247;9.39552e+06;1.26933e+07;3.46017e+07;1.08866e+06
295;239.076;8.54162e+06;1.20077e+07;3.60945e+07;1.13563e+06
296;149.64;7.76528e+06;1.13276e+07;3.75066e+07;1.18005e+06
297;96.7906;7.05947e+06;1.06594e+07;3.88387e+07;1.22197e+06
298;64.5988;6.41779e+06;1.00081e+07;4.00922e+07;1.26141e+06
299;44.4124;5.83444e+06;9.37751e+06;4.12692e+07;1.29844e+06
300;31.4;5.3041e+06;8.77037e+06;4.2372e+07;1.33313e+06
301;22.7904;4.82197e+06;8.18866e+06;4.34034e+07;1.36558e+06
302;16.9526;4.38365e+06;7.63369e+06;4.43664e+07;1.39588e+06
303;12.9023;3.98518e+06;7.1062e+06;4.52641e+07;1.42413e+06
304;10.0313;3.62293e+06;6.60647e+06;4.60998e+07;1.45042e+06
305;7.95511;3.29361e+06;6.13443e+06;4.68767e+07;1.47486e+06
306;6.42562;2.99422e+06;5.68971e+06;4.75981e+07;1.49756e+06
307;5.2793;2.72205e+06;5.27173e+06;4.82672e+07;1.51861e+06
308;4.40634;2.47462e+06;4.8797e+06;4.88872e+07;1.53812e+06
309;3.73168;2.24967e+06;4.51274e+06;4.9461e+07;1.55617e+06
310;3.20312;2.04518e+06;4.16984e+06;4.99917e+07;1.57287e+06
311;2.78377;1.85927e+06;3.84994e+06;5.04821e+07;1.5883e+06
312;2.44719;1.69027e+06;3.55195e+06;5.09349e+07;1.60254e+06
313;2.17414;1.53662e+06;3.27475e+06;5.13526e+07;1.61568e+06
314;1.95043;1.39694e+06;3.0172e+06;5.17377e+07;1.6278e+06
315;1.76549;1.26996e+06;2.77819e+06;5.20925e+07;1.63896e+06
316;1.61131;1.15452e+06;2.55664e+06;5.24192e+07;1.64924e+06
317;1.4818;1.04958e+06;2.35146e+06;5.27199e+07;1.6587e+06
318;1.37223;954169;2.16164e+06;5.29964e+07;1.6674e+06
319;1.27894;867435;1.98616e+06;5.32506e+07;1.6754e+06
320;1.19904;788585;1.82409e+06;5.34842e+07;1.68275e+06
321;1.13024;716903;1.67451e+06;5.36987e+07;1.6895e+06
322;1.07069;651737;1.53656e+06;5.38956e+07;1.6957e+06
323;1.01893;592494;1.40942e+06;5.40763e+07;1.70138e+06
324;0.973737;538636;1.29231e+06;5.42421e+07;1.7066e+06
325;0.934134;489674;1.18452e+06;5.43941e+07;1.71138e+06
326;0.899308;445163;1.08535e+06;5.45334e+07;1.71576e+06
327;0.868585;404698;994160;5.4661e+07;1.71978e+06
328;0.841402;367911;910356;5.47779e+07;1.72345e+06
329;0.817289;334467;833373;5.4885e+07;1.72682e+06
330;0.795846;304064;762688;5.4983e+07;1.72991e+06
331;0.776735;276425;697813;5.50727e+07;1.73273e+06
332;0.759669;251298;638295;5.51547e+07;1.73531e+06
333;0.744401;228455;583713;5.52298e+07;1.73767e+06
334;0.730719;207688;533675;5.52984e+07;1.73983e+06
335;0.718438;188810;487819;5.53612e+07;1.74181e+06
336;0.707402;171647;445810;5.54186e+07;1.74361e+06
337;0.69747;156044;407336;5.5471e+07;1.74526e+06
338;0.688523;141860;372110;5.55189e+07;1.74677e+06
339;0.680454;128965;339868;5.55626e+07;1.74814e+06
340;0.67317;117242;310365;5.56026e+07;1.7494e+06
341;0.66659;106585;283375;5.56391e+07;1.75055e+06
342;0.660641;96896;258690;5.56724e+07;1.7516e+06
343;0.655258;88088.2;236119;5.57029e+07;1.75256e+06
344;0.650384;80080.9;215485;5.57306e+07;1.75343e+06
345;0.64597;72801.6;196626;5.5756e+07;1.75423e+06
346;0.641969;66183.9;179393;5.57791e+07;1.75495e+06
347;0.638342;60167.8;163649;5.58002e+07;1.75562e+06
348;0.635051;54698.6;149267;5.58194e+07;1.75622e+06
349;0.632065;49726.5;136133;5.5837e+07;1.75678e+06
350;0.629355;45206.3;124140;5.5853e+07;1.75728e+06
351;0.626894;41097.1;113192;5.58676e+07;1.75774e+06
352;0.624659;37361.4;103197;5.58809e+07;1.75816e+06
353;0.622628;33965.2;94075.4;5.5893e+07;1.75854e+06
354;0.620783;30877.8;85751.5;5.59041e+07;1.75889e+06
355;0.619106;28071;78156.7;5.59142e+07;1.7592e+06
356;0.617582;25519.3;71227.9;5.59234e+07;1.75949e+06
357;0.616196;23199.6;64907.7;5.59318e+07;1.75976e+06
358;0.614936;21090.8;59143.2;5.59394e+07;1.76e+06
359;0.613791;19173.6;53886.3;5.59463e+07;1.76022e+06
360;0.612749;17430.8;49092.8;5.59527e+07;1.76042e+06
361;0.611801;15846.3;44722.3;5.59585e+07;1.7606e+06
362;0.610939;14405.9;40737.9;5.59637e+07;1.76076e+06
363;0.610155;13096.4;37105.9;5.59685e+07;1.76091e+06
364;0.609442;11905.9;33795.4;5.59729e+07;1.76105e+06
365;0.608793;10823.7;30778.3;5.59768e+07;1.76118e+06
366;0.608203;9839.8;28028.7;5.59805e+07;1.76129e+06
367;0.607666;8945.36;25523.3;5.59838e+07;1.76139e+06
368;0.607177;8132.23;23240.4;5.59868e+07;1.76149e+06
369;0.606733;7393.01;21160.6;5.59895e+07;1.76157e+06
370;0.606328;6720.99;19265.8;5.5992e+07;1.76165e+06
371;0.60596;6110.05;17539.8;5.59942e+07;1.76172e+06
372;0.605625;5554.65;15967.7;5.59963e+07;1.76179e+06
373;0.605321;5049.73;14535.7;5.59982e+07;1.76185e+06
374;0.605044;4590.71;13231.5;5.59999e+07;1.7619e+06
375;0.604791;4173.41;12043.8;5.60015e+07;1.76195e+06
376;0.604562;3794.05;10962.3;5.60029e+07;1.762e+06
377;0.604353;3449.17;9977.44;5.60042e+07;1.76204e+06
378;0.604163;3135.64;9080.71;5.60053e+07;1.76207e+06
379;0.60399;2850.61;8264.25;5.60064e+07;1.76211e+06
380;0.603833;2591.49;7520.92;5.60074e+07;1.76214e+06
381;0.60369;2355.93;6844.2;5.60083e+07;1.76216e+06
382;0.60356;2141.77;6228.15;5.60091e+07;1.76219e+06
383;0.603442;1947.08;5667.36;5.60098e+07;1.76221e+06
384;0.603334;1770.09;5156.9;5.60105e+07;1.76223e+06
385;0.603236;1609.19;4692.27;5.60111e+07;1.76225e+06
386;0.603147;1462.92;4269.37;5.60116e+07;1.76227e+06
387;0.603065;1329.94;3884.48;5.60121e+07;1.76229e+06
388;0.602992;1209.05;3534.18;5.60126e+07;1.7623e+06
389;0.602925;1099.14;3215.39;5.6013e+07;1.76231e+06
390;0.602863;999.233;2925.27;5.60134e+07;1.76233e+06
391;0.602808;908.403;2661.27;5.60137e+07;1.76234e+06
392;0.602757;825.829;2421.03;5.6014e+07;1.76235e+06
393;0.602711;750.761;2202.43;5.60143e+07;1.76236e+06
394;0.60267;682.517;2003.52;5.60146e+07;1.76236e+06
395;0.602632;620.476;1822.53;5.60148e+07;1.76237e+06
396;0.602597;564.075;1657.86;5.6015e+07;1.76238e+06
397;0.602565;512.801;1508.04;5.60152e+07;1.76238e+06
398;0.602537;466.187;1371.72;5.60154e+07;1.76239e+06
399;0.602511;423.811;1247.71;5.60156e+07;1.76239e+06
400;0.602487;385.286;1134.89;5.60157e+07;1.7624e+06
401;0.602466;350.264;1032.25;5.60158e+07;1.7624e+06
402;0.602446;318.425;938.876;5.6016e+07;1.76241e+06
403;0.602428;289.48;853.935;5.60161e+07;1.76241e+06
404;0.602412;263.166;776.666;5.60162e+07;1.76241e+06
405;0.602397;239.244;706.378;5.60163e+07;1.76242e+06
406;0.602384;217.497;642.442;5.60163e+07;1.76242e+06
407;0.602372;197.727;584.284;5.60164e+07;1.76242e+06
408;0.602361;179.753;531.384;5.60165e+07;1.76242e+06
409;0.60235;163.414;483.267;5.60166e+07;1.76243e+06
410;0.602341;148.559;439.501;5.60166e+07;1.76243e+06
411;0.602333;135.055;399.693;5.60167e+07;1.76243e+06
412;0.602325;122.779;363.487;5.60167e+07;1.76243e+06
413;0.602318;111.618;330.557;5.60167e+07;1.76243e+06
414;0.602312;101.472;300.606;5.60168e+07;1.76243e+06
415;0.602306;92.2484;273.367;5.60168e+07;1.76243e+06
416;0.602301;83.863;248.593;5.60169e+07;1.76244e+06
417;0.602297;76.2399;226.061;5.60169e+07;1.76244e+06
418;0.602292;69.3097;205.57;5.60169e+07;1.76244e+06
419;0.602288;63.0094;186.935;5.60169e+07;1.76244e+06
420;0.602285;57.2819;169.987;5.6017e+07;1.76244e+06
421;0.602282;52.075;154.575;5.6017e+07;1.76244e+06
422;0.602279;47.3413;140.558;5.6017e+07;1.76244e+06
423;0.602276;43.038;127.812;5.6017e+07;1.76244e+06
424;0.602274;39.1259;116.221;5.6017e+07;1.76244e+06
425;0.602271;35.5693;105.68;5.6017e+07;1.76244e+06
426;0.602269;32.3361;96.0939;5.60171e+07;1.76244e+06
427;0.602268;29.3967;87.3771;5.60171e+07;1.76244e+06
428;0.602266;26.7246;79.4504;5.60171e+07;1.76244e+06
429;0.602264;24.2953;72.2423;5.60171e+07;1.76244e+06
430;0.602263;22.0869;65.6878;5.60171e+07;1.76244e+06
431;0.602262;20.0792;59.7275;5.60171e+07;1.76244e+06
432;0.602261;18.254;54.3078;5.60171e+07;1.76244e+06
433;0.60226;16.5947;49.3795;5.60171e+07;1.76244e+06
434;0.602259;15.0862;44.8983;5.60171e+07;1.76244e+06
435;0.602258;13.7149;40.8234;5.60171e+07;1.76244e+06
436;0.602257;12.4682;37.1182;5.60171e+07;1.76244e+06
437;0.602256;11.3349;33.7492;5.60171e+07;1.76244e+06
438;0.602256;10.3045;30.6857;5.60171e+07;1.76244e+06
439;0.602255;9.36783;27.9002;5.60171e+07;1.76244e+06
440;0.602255;8.5163;25.3675;5.60171e+07;1.76244e+06
441;0.602254;7.74217;23.0645;5.60171e+07;1.76244e+06
442;0.602254;7.03841;20.9706;5.60172e+07;1.76244e+06
443;0.602253;6.39861;19.0666;5.60172e+07;1.76244e+06
444;0.602253;5.81698;17.3355;5.60172e+07;1.76244e+06
445;0.602253;5.28822;15.7614;5.60172e+07;1.76244e+06
446;0.602252;4.80752;14.3303;5.60172e+07;1.76244e+06
447;0.602252;4.37052;13.029;5.60172e+07;1.76244e+06
448;0.602252;3.97324;11.8459;5.60172e+07;1.76244e+06
449;0.602252;3.61207;10.7701;5.60172e+07;1.76244e+06
450;0.602251;3.28373;9.79206;5.60172e+07;1.76244e+06
451;0.602251;2.98524;8.90277;5.60172e+07;1.76244e+06
452;0.602251;2.71388;8.09423;5.60172e+07;1.76244e+06
453;0.602251;2.46719;7.35909;5.60172e+07;1.76244e+06
454;0.602251;2.24292;6.6907;5.60172e+07;1.76244e+06
455;0.602251;2.03904;6.083;5.60172e+07;1.76244e+06
456;0.60225;1.85369;5.53048;5.60172e+07;1.76244e+06
457;0.60225;1.68519;5.02813;5.60172e+07;1.76244e+06
458;0.60225;1.53201;4.5714;5.60172e+07;1.76245e+06
459;0.60225;1.39275;4.15615;5.60172e+07;1.76245e+06
460;0.60225;1.26615;3.77861;5.60172e+07;1.76245e+06
461;0.60225;1.15106;3.43536;5.60172e+07;1.76245e+06
462;0.60225;1.04642;3.12328;5.60172e+07;1.76245e+06
463;0.60225;0.951305;2.83955;5.60172e+07;1.76245e+06
464;0.60225;0.864831;2.58158;5.60172e+07;1.76245e+06
465;0.60225;0.786218;2.34705;5.60172e+07;1.76245e+06
466;0.60225;0.714751;2.13382;5.60172e+07;1.76245e+06
467;0.60225;0.64978;1.93996;5.60172e+07;1.76245e+06
468;0.60225;0.590715;1.76371;5.60172e+07;1.76245e+06
469;0.60225;0.537019;1.60347;5.60172e+07;1.76245e+06
470;0.60225;0.488204;1.45778;5.60172e+07;1.76245e+06
471;0.60225;0.443826;1.32533;5.60172e+07;1.76245e+06
472;0.60225;0.403483;1.20491;5.60172e+07;1.76245e+06
473;0.60225;0.366806;1.09543;5.60172e+07;1.76245e+06
474;0.60225;0.333463;0.995898;5.60172e+07;1.76245e+06
475;0.602249;0.303152;0.905408;5.60172e+07;1.76245e+06
476;0.602249;0.275595;0.823138;5.60172e+07;1.76245e+06
477;0.602249;0.250544;0.748343;5.60172e+07;1.76245e+06
478;0.602249;0.227769;0.680344;5.60172e+07;1.76245e+06
479;0.602249;0.207065;0.618522;5.60172e+07;1.76245e+06
480;0.602249;0.188243;0.562318;5.60172e+07;1.76245e+06
481;0.602249;0.171132;0.51122;5.60172e+07;1.76245e+06
482;0.602249;0.155576;0.464765;5.60172e+07;1.76245e+06
