136;4.67965e+07;1.7647;0.8787;0.1176;0.0037
137;4.67965e+07;3.15493;0.932525;0.220935;0.00695119
138;4.67965e+07;4.51377;1.10619;0.3306;0.0104015
139;4.67965e+07;6.05557;1.38231;0.460688;0.0144944
140;4.67965e+07;7.94449;1.76509;0.623248;0.019609
141;4.67965e+07;10.3372;2.27314;0.830823;0.0261398
142;4.67965e+07;13.4089;2.93706;1.09814;0.0345505
143;4.67965e+07;17.3731;3.79967;1.44354;0.0454176
144;4.67965e+07;22.4991;4.91798;1.89038;0.0594763
145;4.67965e+07;29.1327;6.3666;2.46874;0.0776729
146;4.67965e+07;37.7197;8.2425;3.21745;0.101229
147;4.67965e+07;48.8365;10.6714;4.18677;0.131727
148;4.67965e+07;63.2291;13.8162;5.44172;0.171211
149;4.67964e+07;81.8629;17.8878;7.06651;0.222331
150;4.67964e+07;105.988;23.1594;9.17012;0.288516
151;4.67964e+07;137.223;29.9845;11.8937;0.374205
152;4.67963e+07;177.663;38.8209;15.4198;0.485148
153;4.67962e+07;230.02;50.2615;19.9852;0.628785
154;4.67962e+07;297.807;65.0736;25.8959;0.814753
155;4.6796e+07;385.571;84.2509;33.5486;1.05553
156;4.67959e+07;499.199;109.08;43.4565;1.36725
157;4.67957e+07;646.312;141.225;56.2842;1.77085
158;4.67954e+07;836.778;182.845;72.8924;2.29338
159;4.67951e+07;1083.37;236.729;94.3949;2.96991
160;4.67947e+07;1402.64;306.492;122.234;3.8458
161;4.67942e+07;1815.98;396.814;158.278;4.97982
162;4.67935e+07;2351.13;513.753;204.943;6.44804
163;4.67926e+07;3043.98;665.153;265.36;8.34892
164;4.67914e+07;3940.97;861.167;343.582;10.81
165;4.67899e+07;5102.27;1114.94;444.856;13.9963
166;4.67879e+07;6605.74;1443.5;575.973;18.1216
167;4.67854e+07;8552.14;1868.86;745.728;23.4625
168;4.67821e+07;11071.9;2419.56;965.506;30.3773
169;4.67778e+07;14334;3132.51;1250.05;39.3297
170;4.67723e+07;18556.7;4055.49;1618.43;50.92
171;4.67651e+07;24023;5250.37;2095.35;65.9253
172;4.67558e+07;31098.4;6797.19;2712.8;85.3516
173;4.67439e+07;40256.1;8799.53;3512.15;110.501
174;4.67284e+07;52107.9;11391.4;4546.97;143.059
175;4.67083e+07;67444.5;14746.3;5886.6;185.208
176;4.66823e+07;87287.6;19088.2;7620.76;239.769
177;4.66487e+07;112956;24707.3;9865.54;310.395
178;4.66052e+07;146152;31978;12771.1;401.812
179;4.6549e+07;189068;41384.3;16531.7;520.131
180;4.64764e+07;244527;53550.6;21398.5;673.253
181;4.63825e+07;316155;69282.5;27696.1;871.39
182;4.62614e+07;408600;89617;35843.7;1127.74
183;4.6105e+07;527800;115888;46382.6;1459.32
184;4.59035e+07;681315;149808;60011.1;1888.1
185;4.56442e+07;878716;193568;77628.5;2442.39
186;4.5311e+07;1.13204e+06;249963;100392;3158.6
187;4.48839e+07;1.45627e+06;322545;129788;4083.46
188;4.43379e+07;1.86987e+06;415795;167719;5276.88
189;4.36426e+07;2.39518e+06;535330;216617;6815.32
190;4.27614e+07;3.05862e+06;688117;279571;8796.04
191;4.16516e+07;3.89041e+06;882676;360494;11342.1
192;4.02649e+07;4.92351e+06;1.12925e+06;464297;14608
193;3.85497e+07;6.19114e+06;1.43982e+06;597096;18786.2
194;3.64558e+07;7.72228e+06;1.82794e+06;766418;24113.5
195;3.39415e+07;9.53458e+06;2.30817e+06;981384;30876.9
196;3.09853e+07;1.16241e+07;2.89488e+06;1.25282e+06;39417.1
197;2.75999e+07;1.39529e+07;3.60036e+06;1.59326e+06;50128.1
198;2.38486e+07;1.64358e+07;4.43196e+06;2.01667e+06;63449.5
199;1.98574e+07;1.8933e+07;5.38838e+06;2.53786e+06;79847.7
200;1.58156e+07;2.12539e+07;6.45578e+06;3.17154e+06;99784.7
201;1.19571e+07;2.31804e+07;7.60467e+06;3.93074e+06;123671
202;8.51903e+06;2.45113e+07;8.78932e+06;4.82505e+06;151808
203;5.68625e+06;2.5116e+07;9.95126e+06;5.85867e+06;184329
204;3.54398e+06;2.49753e+07;1.10272e+07;7.02894e+06;221149
205;2.06326e+06;2.41857e+07;1.19599e+07;8.32574e+06;261949
206;1.12748e+06;2.2923e+07;1.27076e+07;9.73222e+06;306201
207;583627;2.13832e+07;1.32499e+07;1.12266e+07;353219
208;289798;1.97333e+07;1.35864e+07;1.27848e+07;402244
209;140034;1.80893e+07;1.37321e+07;1.43826e+07;452513
210;66811.1;1.65182e+07;1.37107e+07;1.59975e+07;503322
211;31892;1.50516e+07;1.35491e+07;1.76099e+07;554052
212;15401.9;1.36999e+07;1.32738e+07;1.92032e+07;604184
213;7591.57;1.24624e+07;1.2909e+07;2.07642e+07;653297
214;3843.68;1.13333e+07;1.2476e+07;2.22823e+07;701060
215;2007.84;1.03049e+07;1.19928e+07;2.37495e+07;747221
216;1085.06;9.36915e+06;1.14748e+07;2.51599e+07;791595
217;607.457;8.51797e+06;1.09346e+07;2.65093e+07;834052
218;352.431;7.74394e+06;1.03825e+07;2.77952e+07;874510
219;211.818;7.04016e+06;9.82704e+06;2.90162e+07;912925
220;131.761;6.40029e+06;9.27497e+06;3.01719e+07;949285
221;84.7222;5.81855e+06;8.7317e+06;3.12626e+07;983602
222;56.2265;5.28967e+06;8.20145e+06;3.22895e+07;1.01591e+06
223;38.4511;4.80886e+06;7.68745e+06;3.32539e+07;1.04625e+06
224;27.0494;4.37175e+06;7.19208e+06;3.4158e+07;1.0747e+06
225;19.5408;3.97436e+06;6.71708e+06;3.50038e+07;1.10131e+06
226;14.4718;3.6131e+06;6.26356e+06;3.57937e+07;1.12616e+06
227;10.9693;3.28467e+06;5.83222e+06;3.65303e+07;1.14934e+06
228;8.49604;2.9861e+06;5.42335e+06;3.72162e+07;1.17092e+06
229;6.71388;2.71466e+06;5.03693e+06;3.7854e+07;1.19098e+06
230;5.40532;2.4679e+06;4.67272e+06;3.84463e+07;1.20962e+06
231;4.42759;2.24357e+06;4.33025e+06;3.89958e+07;1.22691e+06
232;3.68512;2.03963e+06;4.00893e+06;3.9505e+07;1.24293e+06
233;3.11282;1.85423e+06;3.70805e+06;3.99765e+07;1.25776e+06
234;2.66553;1.68568e+06;3.42681e+06;4.04126e+07;1.27148e+06
235;2.31146;1.53245e+06;3.16437e+06;4.08156e+07;1.28416e+06
236;2.02785;1.39315e+06;2.91983e+06;4.11877e+07;1.29587e+06
237;1.79821;1.26651e+06;2.69229e+06;4.15311e+07;1.30667e+06
238;1.6104;1.15139e+06;2.48084e+06;4.18477e+07;1.31664e+06
239;1.45538;1.04673e+06;2.28458e+06;4.21394e+07;1.32581e+06
240;1.32634;951580;2.10261e+06;4.24081e+07;1.33427e+06
241;1.21809;865081;1.93406e+06;4.26553e+07;1.34205e+06
242;1.12663;786445;1.77809e+06;4.28828e+07;1.3492e+06
243;1.04884;714958;1.6339e+06;4.30919e+07;1.35578e+06
244;0.982292;649968;1.5007e+06;4.3284e+07;1.36183e+06
245;0.925037;590886;1.37774e+06;4.34605e+07;1.36738e+06
246;0.87553;537175;1.26433e+06;4.36225e+07;1.37248e+06
247;0.832526;488345;1.1598e+06;4.37712e+07;1.37716e+06
248;0.79501;443955;1.06351e+06;4.39076e+07;1.38145e+06
249;0.762156;403599;974859;4.40327e+07;1.38538e+06
250;0.733283;366912;893296;4.41473e+07;1.38899e+06
251;0.707826;333560;818291;4.42524e+07;1.39229e+06
252;0.685314;303239;749353;4.43486e+07;1.39532e+06
253;0.665354;275675;686021;4.44367e+07;1.39809e+06
254;0.647611;250616;627866;4.45174e+07;1.40063e+06
255;0.631804;227835;574487;4.45913e+07;1.40296e+06
256;0.617694;207125;525512;4.46588e+07;1.40508e+06
257;0.605074;188297;480595;4.47206e+07;1.40703e+06
258;0.593768;171181;439415;4.47771e+07;1.4088e+06
259;0.583624;155621;401674;4.48288e+07;1.41043e+06
260;0.574509;141475;367097;4.4876e+07;1.41192e+06
261;0.566309;128615;335428;4.49192e+07;1.41327e+06
262;0.558922;116924;306432;4.49587e+07;1.41452e+06
263;0.552262;106295;279890;4.49947e+07;1.41565e+06
264;0.546252;96633.1;255602;4.50276e+07;1.41669e+06
265;0.540822;87849.1;233381;4.50577e+07;1.41763e+06
266;0.535914;79863.7;213057;4.50851e+07;1.41849e+06
267;0.531473;72604.1;194473;4.51102e+07;1.41928e+06
268;0.527454;66004.3;177483;4.5133e+07;1.42e+06
269;0.523813;60004.6;161954;4.51539e+07;1.42066e+06
270;0.520514;54550.1;147764;4.5173e+07;1.42126e+06
271;0.517523;49591.5;134799;4.51903e+07;1.4218e+06
272;0.51481;45083.7;122955;4.52062e+07;1.4223e+06
273;0.512348;40985.6;112139;4.52207e+07;1.42276e+06
274;0.510113;37260;102262;4.52338e+07;1.42317e+06
275;0.508084;33873.1;93244.7;4.52459e+07;1.42355e+06
276;0.506242;30794;85013.1;4.52568e+07;1.4239e+06
277;0.504568;27994.8;77500.2;4.52668e+07;1.42421e+06
278;0.503047;25450.1;70644.2;4.52759e+07;1.4245e+06
279;0.501665;23136.7;64388.4;4.52843e+07;1.42476e+06
280;0.500408;21033.6;58681.3;4.52918e+07;1.425e+06
281;0.499266;19121.6;53475.2;4.52987e+07;1.42521e+06
282;0.498228;17383.5;48726.8;4.5305e+07;1.42541e+06
283;0.497284;15803.3;44396.4;4.53107e+07;1.42559e+06
284;0.496425;14366.8;40447.6;4.5316e+07;1.42576e+06
285;0.495644;13060.8;36847.3;4.53207e+07;1.42591e+06
286;0.494934;11873.6;33564.9;4.53251e+07;1.42604e+06
287;0.494288;10794.3;30572.8;4.5329e+07;1.42617e+06
288;0.4937;9813.1;27845.5;4.53326e+07;1.42628e+06
289;0.493165;8921.09;25359.9;4.53359e+07;1.42638e+06
290;0.492679;8110.16;23094.7;4.53389e+07;1.42648e+06
291;0.492236;7372.95;21030.5;4.53416e+07;1.42656e+06
292;0.491833;6702.75;19149.7;4.5344e+07;1.42664e+06
293;0.491467;6093.47;17436.1;4.53463e+07;1.42671e+06
294;0.491134;5539.57;15875;4.53483e+07;1.42678e+06
295;0.49083;5036.03;14452.9;4.53502e+07;1.42683e+06
296;0.490555;4578.25;13157.6;4.53519e+07;1.42689e+06
297;0.490303;4162.09;11977.7;4.53535e+07;1.42694e+06
298;0.490075;3783.76;10903.1;4.53549e+07;1.42698e+06
299;0.489867;3439.81;9924.53;4.53562e+07;1.42702e+06
300;0.489678;3127.13;9033.37;4.53573e+07;1.42706e+06
301;0.489506;2842.88;8221.88;4.53584e+07;1.42709e+06
302;0.48935;2584.46;7482.98;4.53593e+07;1.42712e+06
303;0.489207;2349.53;6810.22;4.53602e+07;1.42715e+06
304;0.489078;2135.96;6197.71;4.5361e+07;1.42718e+06
305;0.48896;1941.8;5640.09;4.53618e+07;1.4272e+06
306;0.488852;1765.29;5132.46;4.53624e+07;1.42722e+06
307;0.488755;1604.83;4670.36;4.5363e+07;1.42724e+06
308;0.488666;1458.95;4249.72;4.53636e+07;1.42726e+06
309;0.488585;1326.33;3866.85;4.53641e+07;1.42727e+06
310;0.488512;1205.77;3518.36;4.53645e+07;1.42729e+06
311;0.488445;1096.16;3201.19;4.53649e+07;1.4273e+06
312;0.488384;996.521;2912.53;4.53653e+07;1.42731e+06
313;0.488329;905.938;2649.82;4.53657e+07;1.42732e+06
314;0.488278;823.588;2410.75;4.5366e+07;1.42733e+06
315;0.488233;748.724;2193.19;4.53663e+07;1.42734e+06
316;0.488191;680.665;1995.21;4.53665e+07;1.42735e+06
317;0.488153;618.793;1815.07;4.53667e+07;1.42736e+06
318;0.488119;562.544;1651.15;4.5367e+07;1.42736e+06
319;0.488087;511.409;1502;4.53672e+07;1.42737e+06
320;0.488059;464.922;1366.29;4.53673e+07;1.42737e+06
321;0.488033;422.661;1242.82;4.53675e+07;1.42738e+06
322;0.488009;384.241;1130.49;4.53676e+07;1.42738e+06
323;0.487988;349.313;1028.29;4.53678e+07;1.42739e+06
324;0.487968;317.561;935.309;4.53679e+07;1.42739e+06
325;0.48795;288.695;850.722;4.5368e+07;1.42739e+06
326;0.487934;262.452;773.772;4.53681e+07;1.4274e+06
327;0.48792;238.595;703.77;4.53682e+07;1.4274e+06
328;0.487906;216.907;640.091;4.53683e+07;1.4274e+06
329;0.487894;197.19;582.165;4.53684e+07;1.42741e+06
330;0.487883;179.266;529.473;4.53684e+07;1.42741e+06
331;0.487873;162.97;481.543;4.53685e+07;1.42741e+06
332;0.487864;148.156;437.946;4.53685e+07;1.42741e+06
333;0.487856;134.689;398.291;4.53686e+07;1.42741e+06
334;0.487848;122.446;362.221;4.53686e+07;1.42741e+06
335;0.487841;111.315;329.414;4.53687e+07;1.42742e+06
336;0.487835;101.197;299.575;4.53687e+07;1.42742e+06
337;0.487829;91.9981;272.435;4.53688e+07;1.42742e+06
338;0.487824;83.6355;247.751;4.53688e+07;1.42742e+06
339;0.487819;76.033;225.302;4.53688e+07;1.42742e+06
340;0.487815;69.1216;204.884;4.53688e+07;1.42742e+06
341;0.487811;62.8385;186.315;4.53689e+07;1.42742e+06
342;0.487808;57.1264;169.427;4.53689e+07;1.42742e+06
343;0.487804;51.9336;154.068;4.53689e+07;1.42742e+06
344;0.487802;47.2129;140.1;4.53689e+07;1.42742e+06
345;0.487799;42.9212;127.398;4.53689e+07;1.42742e+06
346;0.487796;39.0197;115.846;4.5369e+07;1.42742e+06
347;0.487794;35.4728;105.341;4.5369e+07;1.42743e+06
348;0.487792;32.2483;95.7874;4.5369e+07;1.42743e+06
349;0.48779;29.317;87.0998;4.5369e+07;1.42743e+06
350;0.487789;26.6521;79.1995;4.5369e+07;1.42743e+06
351;0.487787;24.2294;72.0152;4.5369e+07;1.42743e+06
352;0.487786;22.0269;65.4822;4.5369e+07;1.42743e+06
353;0.487785;20.0247;59.5415;4.5369e+07;1.42743e+06
354;0.487784;18.2044;54.1394;4.5369e+07;1.42743e+06
355;0.487783;16.5497;49.227;4.5369e+07;1.42743e+06
356;0.487782;15.0453;44.7602;4.5369e+07;1.42743e+06
357;0.487781;13.6777;40.6984;4.53691e+07;1.42743e+06
358;0.48778;12.4344;37.005;4.53691e+07;1.42743e+06
359;0.487779;11.3041;33.6465;4.53691e+07;1.42743e+06
360;0.487779;10.2766;30.5928;4.53691e+07;1.42743e+06
361;0.487778;9.34242;27.816;4.53691e+07;1.42743e+06
362;0.487777;8.49319;25.2911;4.53691e+07;1.42743e+06
363;0.487777;7.72116;22.9954;4.53691e+07;1.42743e+06
364;0.487777;7.01931;20.9079;4.53691e+07;1.42743e+06
365;0.487776;6.38125;19.0098;4.53691e+07;1.42743e+06
366;0.487776;5.8012;17.284;4.53691e+07;1.42743e+06
367;0.487775;5.27387;15.7148;4.53691e+07;1.42743e+06
368;0.487775;4.79447;14.2879;4.53691e+07;1.42743e+06
369;0.487775;4.35866;12.9906;4.53691e+07;1.42743e+06
370;0.487775;3.96245;11.8111;4.53691e+07;1.42743e+06
371;0.487774;3.60227;10.7386;4.53691e+07;1.42743e+06
372;0.487774;3.27482;9.76344;4.53691e+07;1.42743e+06
373;0.487774;2.97714;8.87681;4.53691e+07;1.42743e+06
374;0.487774;2.70652;8.07068;4.53691e+07;1.42743e+06
375;0.487774;2.4605;7.33773;4.53691e+07;1.42743e+06
376;0.487774;2.23684;6.67132;4.53691e+07;1.42743e+06
377;0.487773;2.03351;6.06542;4.53691e+07;1.42743e+06
378;0.487773;1.84866;5.51453;4.53691e+07;1.42743e+06
379;0.487773;1.68062;5.01366;4.53691e+07;1.42743e+06
380;0.487773;1.52785;4.55827;4.53691e+07;1.42743e+06
381;0.487773;1.38897;4.14423;4.53691e+07;1.42743e+06
382;0.487773;1.26271;3.7678;4.53691e+07;1.42743e+06
383;0.487773;1.14793;3.42554;4.53691e+07;1.42743e+06
384;0.487773;1.04359;3.11437;4.53691e+07;1.42743e+06
385;0.487773;0.948723;2.83146;4.53691e+07;1.42743e+06
386;0.487773;0.862484;2.57424;4.53691e+07;1.42743e+06
387;0.487773;0.784085;2.34039;4.53691e+07;1.42743e+06
388;0.487773;0.712811;2.12777;4.53691e+07;1.42743e+06
389;0.487773;0.648017;1.93447;4.53691e+07;1.42743e+06
390;0.487773;0.589112;1.75872;4.53691e+07;1.42743e+06
391;0.487773;0.535562;1.59894;4.53691e+07;1.42743e+06
392;0.487773;0.486879;1.45367;4.53691e+07;1.42743e+06
393;0.487772;0.442622;1.3216;4.53691e+07;1.42743e+06
394;0.487772;0.402388;1.20152;4.53691e+07;1.42743e+06
395;0.487772;0.365811;1.09235;4.53691e+07;1.42743e+06
396;0.487772;0.332559;0.993104;4.53691e+07;1.42743e+06
397;0.487772;0.302329;0.90287;4.53691e+07;1.42743e+06
398;0.487772;0.274847;0.820834;4.53691e+07;1.42743e+06
399;0.487772;0.249864;0.74625;4.53691e+07;1.42743e+06
400;0.487772;0.227151;0.678443;4.53691e+07;1.42743e+06
401;0.487772;0.206503;0.616795;4.53691e+07;1.42743e+06
402;0.487772;0.187732;0.560749;4.53691e+07;1.42743e+06
403;0.487772;0.170667;0.509795;4.53691e+07;1.42743e+06
404;0.487772;0.155154;0.463471;4.53691e+07;1.42743e+06
