203;2.167e+07;1.7647;0.8787;0.1176;0.0037
204;2.167e+07;3.15493;0.932525;0.220935;0.00695119
205;2.167e+07;4.51377;1.10619;0.3306;0.0104015
206;2.167e+07;6.05557;1.38231;0.460688;0.0144944
207;2.167e+07;7.94449;1.76509;0.623248;0.019609
208;2.167e+07;10.3372;2.27314;0.830823;0.0261398
209;2.167e+07;13.4089;2.93706;1.09814;0.0345505
210;2.167e+07;17.3731;3.79966;1.44354;0.0454176
211;2.167e+07;22.4991;4.91798;1.89038;0.0594763
212;2.167e+07;29.1327;6.3666;2.46874;0.0776729
213;2.167e+07;37.7197;8.2425;3.21745;0.101229
214;2.16699e+07;48.8365;10.6714;4.18677;0.131727
215;2.16699e+07;63.229;13.8162;5.44172;0.171211
216;2.16699e+07;81.8628;17.8878;7.06651;0.222331
217;2.16699e+07;105.988;23.1593;9.17011;0.288515
218;2.16698e+07;137.223;29.9844;11.8937;0.374205
219;2.16698e+07;177.662;38.8208;15.4198;0.485147
220;2.16697e+07;230.019;50.2614;19.9851;0.628784
221;2.16696e+07;297.805;65.0734;25.8959;0.814752
222;2.16695e+07;385.568;84.2505;33.5485;1.05552
223;2.16693e+07;499.193;109.079;43.4564;1.36725
224;2.16692e+07;646.302;141.224;56.2841;1.77084
225;2.16689e+07;836.763;182.843;72.8921;2.29337
226;2.16686e+07;1083.35;236.726;94.3944;2.96989
227;2.16682e+07;1402.59;306.487;122.233;3.84578
228;2.16676e+07;1815.91;396.806;158.276;4.97978
229;2.16669e+07;2351.01;513.74;204.941;6.44796
230;2.1666e+07;3043.77;665.13;265.356;8.3488
231;2.16648e+07;3940.63;861.128;343.576;10.8098
232;2.16633e+07;5101.7;1114.88;444.844;13.996
233;2.16614e+07;6604.77;1443.39;575.954;18.121
234;2.16588e+07;8550.53;1868.68;745.696;23.4615
235;2.16555e+07;11069.2;2419.25;965.453;30.3756
236;2.16513e+07;14329.5;3131.99;1249.96;39.3269
237;2.16457e+07;18549.2;4054.63;1618.28;50.9152
238;2.16386e+07;24010.2;5248.92;2095.1;65.9173
239;2.16293e+07;31077.1;6794.75;2712.38;85.3383
240;2.16174e+07;40220.4;8795.46;3511.44;110.479
241;2.16019e+07;52048.1;11384.6;4545.78;143.022
242;2.15819e+07;67344.3;14734.8;5884.61;185.145
243;2.1556e+07;87119.7;19069.1;7617.43;239.664
244;2.15225e+07;112675;24675.2;9859.95;310.22
245;2.14792e+07;145681;31924.2;12761.8;401.518
246;2.14234e+07;188281;41294.2;16516;519.637
247;2.13513e+07;243210;53400;21372.2;672.426
248;2.12585e+07;313954;69030.4;27652.1;870.006
249;2.1139e+07;404925;89195.4;35770;1125.42
250;2.09854e+07;521672;115184;46259.4;1455.44
251;2.07886e+07;671108;148632;59805;1881.62
252;2.05369e+07;861748;191607;77284.1;2431.56
253;2.02164e+07;1.1039e+06;246698;99817.1;3140.5
254;1.98102e+07;1.40976e+06;317118;128829;4053.28
255;1.92986e+07;1.7933e+06;406798;166122;5226.62
256;1.86591e+07;2.26976e+06;520464;213961;6731.77
257;1.7868e+07;2.85453e+06;663653;275168;8657.49
258;1.69019e+07;3.56111e+06;842629;353213;11113
259;1.57415e+07;4.3978e+06;1.06412e+06;452307;14230.7
260;1.43765e+07;5.36305e+06;1.3348e+06;577447;18168
261;1.28125e+07;6.43959e+06;1.66039e+06;734420;23106.8
262;1.10782e+07;7.58851e+06;2.04435e+06;929683;29250.2
263;9.2314e+06;8.74553e+06;2.48616e+06;1.1701e+06;36814.3
264;7.35922e+06;9.82274e+06;2.97956e+06;1.46247e+06;46013.1
265;5.56977e+06;1.07193e+07;3.51103e+06;1.81287e+06;57037.5
266;3.97306e+06;1.13416e+07;4.05952e+06;2.22576e+06;70028.3
267;2.65536e+06;1.16284e+07;4.59806e+06;2.70316e+06;85048.5
268;1.65716e+06;1.15696e+07;5.09733e+06;3.2439e+06;102061
269;966014;1.1209e+07;5.5307e+06;3.84334e+06;120921
270;528487;1.06277e+07;5.87872e+06;4.49375e+06;141385
271;273820;9.91627e+06;6.13169e+06;5.18509e+06;163136
272;136055;9.15264e+06;6.2893e+06;5.90618e+06;185824
273;65769.2;8.39095e+06;6.35839e+06;6.6458e+06;209094
274;31382.4;7.6626e+06;6.34985e+06;7.39354e+06;232620
275;14978.4;6.98248e+06;6.27615e+06;8.14029e+06;256114
276;7231.42;6.35552e+06;6.14956e+06;8.87836e+06;279336
277;3562.71;5.78147e+06;5.98133e+06;9.60155e+06;302090
278;1802.82;5.25769e+06;5.78133e+06;1.0305e+07;324220
279;941.153;4.78063e+06;5.55798e+06;1.09848e+07;345611
280;508.27;4.3465e+06;5.31836e+06;1.16385e+07;366176
281;284.354;3.95163e+06;5.06834e+06;1.22639e+07;385854
282;164.862;3.59255e+06;4.81275e+06;1.28599e+07;404607
283;99.0188;3.26605e+06;4.55553e+06;1.34259e+07;422414
284;61.5546;2.9692e+06;4.29983e+06;1.39616e+07;439269
285;39.5549;2.69932e+06;4.04816e+06;1.44673e+07;455179
286;26.2354;2.45397e+06;3.80248e+06;1.49434e+07;470157
287;17.9313;2.23091e+06;3.56431e+06;1.53905e+07;484226
288;12.6076;2.02813e+06;3.33475e+06;1.58097e+07;497414
289;9.10337;1.84377e+06;3.1146e+06;1.62019e+07;509753
290;6.73879;1.67618e+06;2.9044e+06;1.65681e+07;521277
291;5.10565;1.52381e+06;2.70446e+06;1.69097e+07;532023
292;3.95289;1.3853e+06;2.51492e+06;1.72277e+07;542029
293;3.12256;1.25938e+06;2.33579e+06;1.75235e+07;551335
294;2.5131;1.1449e+06;2.16693e+06;1.77982e+07;559977
295;2.05786;1.04083e+06;2.00816e+06;1.8053e+07;567995
296;1.71227;946219;1.85918e+06;1.82892e+07;575425
297;1.44596;860208;1.71967e+06;1.85078e+07;582304
298;1.23787;782015;1.58927e+06;1.87101e+07;588667
299;1.07319;710930;1.46757e+06;1.88969e+07;594547
300;0.941314;646307;1.35418e+06;1.90695e+07;599977
301;0.834552;587558;1.24867e+06;1.92288e+07;604987
302;0.747253;534149;1.15061e+06;1.93756e+07;609607
303;0.675209;485595;1.0596e+06;1.95109e+07;613865
304;0.615247;441454;975210;1.96356e+07;617785
305;0.564953;401326;897045;1.97502e+07;621393
306;0.522464;364846;824714;1.98557e+07;624713
307;0.486334;331681;757841;1.99527e+07;627764
308;0.455424;301531;696064;2.00418e+07;630568
309;0.428835;274122;639041;2.01237e+07;633143
310;0.405847;249204;586443;2.01988e+07;635508
311;0.385879;226552;537960;2.02678e+07;637678
312;0.368462;205958;493299;2.03311e+07;639668
313;0.35321;187237;452184;2.03891e+07;641493
314;0.339807;170217;414354;2.04423e+07;643166
315;0.32799;154744;379565;2.0491e+07;644700
316;0.317541;140678;347590;2.05356e+07;646104
317;0.308276;127890;318215;2.05765e+07;647390
318;0.300042;116265;291241;2.06139e+07;648567
319;0.292706;105697;266482;2.06482e+07;649645
320;0.286158;96088.8;243765;2.06795e+07;650631
321;0.280301;87354.3;222931;2.07082e+07;651533
322;0.275055;79413.8;203830;2.07344e+07;652358
323;0.270347;72195.1;186324;2.07584e+07;653112
324;0.266118;65632.6;170286;2.07803e+07;653801
325;0.262313;59666.6;155596;2.08003e+07;654431
326;0.258886;54242.9;142146;2.08186e+07;655007
327;0.255795;49312.2;129834;2.08353e+07;655533
328;0.253007;44829.7;118568;2.08506e+07;656013
329;0.250487;40754.7;108261;2.08645e+07;656452
330;0.24821;37050.1;98833.2;2.08773e+07;656853
331;0.24615;33682.3;90212.6;2.08889e+07;657218
332;0.244285;30620.5;82331.5;2.08995e+07;657552
333;0.242596;27837.1;75128.1;2.09092e+07;657857
334;0.241065;25306.7;68545.5;2.0918e+07;658135
335;0.239677;23006.4;62531.3;2.09261e+07;658388
336;0.238419;20915.1;57037.5;2.09334e+07;658620
337;0.237277;19013.9;52020;2.09401e+07;658831
338;0.23624;17285.5;47438.4;2.09463e+07;659023
339;0.235299;15714.3;43255.4;2.09518e+07;659199
340;0.234444;14285.9;39436.9;2.09569e+07;659359
341;0.233667;12987.3;35951.8;2.09616e+07;659505
342;0.232962;11806.7;32771.4;2.09658e+07;659638
343;0.23232;10733.5;29869.5;2.09696e+07;659759
344;0.231738;9757.83;27222;2.09732e+07;659870
345;0.231208;8870.84;24806.9;2.09764e+07;659970
346;0.230726;8064.48;22604.2;2.09793e+07;660062
347;0.230288;7331.42;20595.4;2.09819e+07;660146
348;0.229889;6665;18763.6;2.09844e+07;660222
349;0.229527;6059.15;17093.4;2.09866e+07;660291
350;0.229198;5508.37;15570.8;2.09886e+07;660355
351;0.228898;5007.66;14182.7;2.09904e+07;660412
352;0.228625;4552.47;12917.6;2.09921e+07;660465
353;0.228377;4138.65;11764.5;2.09936e+07;660512
354;0.228151;3762.44;10713.7;2.0995e+07;660556
355;0.227946;3420.44;9756.09;2.09962e+07;660596
356;0.227759;3109.52;8883.6;2.09974e+07;660632
357;0.227589;2826.86;8088.67;2.09984e+07;660665
358;0.227435;2569.9;7364.48;2.09994e+07;660695
359;0.227294;2336.3;6704.77;2.10002e+07;660722
360;0.227166;2123.93;6103.85;2.1001e+07;660747
361;0.22705;1930.86;5556.52;2.10017e+07;660769
362;0.226944;1755.35;5058.03;2.10024e+07;660790
363;0.226847;1595.79;4604.05;2.1003e+07;660808
364;0.22676;1450.73;4190.64;2.10035e+07;660825
365;0.22668;1318.86;3814.18;2.1004e+07;660841
366;0.226607;1198.98;3471.41;2.10045e+07;660855
367;0.226541;1089.99;3159.31;2.10049e+07;660868
368;0.226481;990.909;2875.17;2.10053e+07;660880
369;0.226426;900.835;2616.48;2.10056e+07;660890
370;0.226376;818.949;2380.99;2.10059e+07;660900
371;0.226331;744.507;2166.62;2.10062e+07;660909
372;0.22629;676.831;1971.48;2.10064e+07;660917
373;0.226252;615.307;1793.87;2.10067e+07;660924
374;0.226218;559.376;1632.2;2.10069e+07;660931
375;0.226187;508.529;1485.06;2.10071e+07;660937
376;0.226159;462.303;1351.15;2.10072e+07;660942
377;0.226133;420.28;1229.28;2.10074e+07;660947
378;0.22611;382.077;1118.37;2.10075e+07;660952
379;0.226089;347.346;1017.44;2.10077e+07;660956
380;0.22607;315.772;925.601;2.10078e+07;660960
381;0.226052;287.068;842.03;2.10079e+07;660963
382;0.226036;260.974;765.986;2.1008e+07;660966
383;0.226021;237.251;696.794;2.10081e+07;660969
384;0.226008;215.685;633.839;2.10082e+07;660972
385;0.225996;196.08;576.56;2.10083e+07;660974
386;0.225985;178.256;524.447;2.10083e+07;660976
387;0.225975;162.052;477.035;2.10084e+07;660978
388;0.225966;147.322;433.901;2.10084e+07;660980
389;0.225958;133.93;394.661;2.10085e+07;660981
390;0.225951;121.756;358.963;2.10085e+07;660983
391;0.225944;110.688;326.488;2.10086e+07;660984
392;0.225938;100.627;296.947;2.10086e+07;660985
393;0.225932;91.4799;270.074;2.10087e+07;660987
394;0.225927;83.1644;245.63;2.10087e+07;660988
395;0.225922;75.6047;223.394;2.10087e+07;660988
396;0.225918;68.7323;203.169;2.10087e+07;660989
397;0.225914;62.4845;184.772;2.10088e+07;660990
398;0.22591;56.8047;168.039;2.10088e+07;660991
399;0.225907;51.6411;152.82;2.10088e+07;660991
400;0.225904;46.947;138.977;2.10088e+07;660992
401;0.225902;42.6795;126.386;2.10088e+07;660992
402;0.225899;38.7999;114.935;2.10089e+07;660993
403;0.225897;35.273;104.521;2.10089e+07;660993
404;0.225895;32.0667;95.0486;2.10089e+07;660994
405;0.225893;29.1518;86.4341;2.10089e+07;660994
406;0.225892;26.5019;78.5995;2.10089e+07;660994
407;0.22589;24.0929;71.4744;2.10089e+07;660995
408;0.225889;21.9029;64.9946;2.10089e+07;660995
409;0.225888;19.9119;59.1017;2.10089e+07;660995
410;0.225887;18.1019;53.7427;2.10089e+07;660995
411;0.225886;16.4564;48.8692;2.10089e+07;660996
412;0.225885;14.9606;44.4372;2.10089e+07;660996
413;0.225884;13.6006;40.4069;2.1009e+07;660996
414;0.225883;12.3643;36.7418;2.1009e+07;660996
415;0.225882;11.2404;33.409;2.1009e+07;660996
416;0.225882;10.2187;30.3782;2.1009e+07;660996
417;0.225881;9.28979;27.6222;2.1009e+07;660996
418;0.225881;8.44535;25.1161;2.1009e+07;660997
419;0.22588;7.67767;22.8372;2.1009e+07;660997
420;0.22588;6.97977;20.7649;2.1009e+07;660997
421;0.225879;6.34531;18.8806;2.1009e+07;660997
422;0.225879;5.76852;17.1672;2.1009e+07;660997
423;0.225879;5.24416;15.6092;2.1009e+07;660997
424;0.225878;4.76747;14.1925;2.1009e+07;660997
425;0.225878;4.33411;12.9043;2.1009e+07;660997
426;0.225878;3.94014;11.733;2.1009e+07;660997
427;0.225878;3.58198;10.6679;2.1009e+07;660997
428;0.225877;3.25638;9.6995;2.1009e+07;660997
429;0.225877;2.96037;8.81895;2.1009e+07;660997
430;0.225877;2.69127;8.01831;2.1009e+07;660997
431;0.225877;2.44664;7.29033;2.1009e+07;660997
432;0.225877;2.22424;6.62841;2.1009e+07;660997
433;0.225877;2.02206;6.02657;2.1009e+07;660997
434;0.225876;1.83825;5.47935;2.1009e+07;660997
435;0.225876;1.67115;4.9818;2.1009e+07;660997
436;0.225876;1.51925;4.52942;2.1009e+07;660997
437;0.225876;1.38115;4.1181;2.1009e+07;660997
438;0.225876;1.2556;3.74412;2.1009e+07;660997
439;0.225876;1.14147;3.40409;2.1009e+07;660997
440;0.225876;1.03771;3.09493;2.1009e+07;660997
441;0.225876;0.94338;2.81385;2.1009e+07;660997
442;0.225876;0.857627;2.55828;2.1009e+07;660997
443;0.225876;0.779668;2.32592;2.1009e+07;660997
444;0.225876;0.708797;2.11466;2.1009e+07;660997
445;0.225876;0.644367;1.92258;2.1009e+07;660997
446;0.225876;0.585794;1.74794;2.1009e+07;660997
447;0.225876;0.532545;1.58917;2.1009e+07;660997
448;0.225876;0.484137;1.44481;2.1009e+07;660997
449;0.225876;0.440129;1.31356;2.1009e+07;660997
450;0.225876;0.400121;1.19423;2.1009e+07;660998
451;0.225876;0.36375;1.08574;2.1009e+07;660998
452;0.225876;0.330685;0.987109;2.1009e+07;660998
453;0.225876;0.300626;0.897432;2.1009e+07;660998
454;0.225875;0.273299;0.8159;2.1009e+07;660998
455;0.225875;0.248456;0.741774;2.1009e+07;660998
456;0.225875;0.225872;0.674382;2.1009e+07;660998
457;0.225875;0.20534;0.613111;2.1009e+07;660998
458;0.225875;0.186675;0.557406;2.1009e+07;660998
459;0.225875;0.169706;0.506761;2.1009e+07;660998
460;0.225875;0.15428;0.460718;2.1009e+07;660998
