253;4.18015e+07;1.7647;0.8787;0.1176;0.0037
254;4.18015e+07;3.15493;0.932525;0.220935;0.00695119
255;4.18015e+07;4.51377;1.10619;0.3306;0.0104015
256;4.18015e+07;6.05557;1.38231;0.460688;0.0144944
257;4.18015e+07;7.94449;1.76509;0.623248;0.019609
258;4.18015e+07;10.3372;2.27314;0.830823;0.0261398
259;4.18015e+07;13.4089;2.93706;1.09814;0.0345505
260;4.18015e+07;17.3731;3.79967;1.44354;0.0454176
261;4.18015e+07;22.4991;4.91798;1.89038;0.0594763
262;4.18015e+07;29.1327;6.3666;2.46874;0.0776729
263;4.18015e+07;37.7197;8.2425;3.21745;0.101229
264;4.18015e+07;48.8365;10.6714;4.18677;0.131727
265;4.18015e+07;63.2291;13.8162;5.44172;0.171211
266;4.18014e+07;81.8629;17.8878;7.06651;0.222331
267;4.18014e+07;105.988;23.1594;9.17012;0.288516
268;4.18014e+07;137.223;29.9845;11.8937;0.374205
269;4.18013e+07;177.663;38.8209;15.4198;0.485148
270;4.18012e+07;230.02;50.2615;19.9852;0.628785
271;4.18011e+07;297.807;65.0736;25.8959;0.814753
272;4.1801e+07;385.571;84.2508;33.5486;1.05552
273;4.18009e+07;499.198;109.08;43.4565;1.36725
274;4.18007e+07;646.311;141.225;56.2842;1.77085
275;4.18004e+07;836.776;182.844;72.8923;2.29338
276;4.18001e+07;1083.37;236.728;94.3948;2.96991
277;4.17997e+07;1402.63;306.492;122.234;3.8458
278;4.17992e+07;1815.97;396.813;158.277;4.97982
279;4.17985e+07;2351.12;513.752;204.943;6.44803
280;4.17976e+07;3043.95;665.151;265.36;8.34891
281;4.17964e+07;3940.94;861.163;343.582;10.81
282;4.17949e+07;5102.21;1114.94;444.854;13.9963
283;4.17929e+07;6605.64;1443.49;575.971;18.1215
284;4.17903e+07;8551.98;1868.84;745.725;23.4624
285;4.1787e+07;11071.7;2419.53;965.501;30.3771
286;4.17828e+07;14333.5;3132.45;1250.04;39.3294
287;4.17773e+07;18556;4055.4;1618.41;50.9195
288;4.17701e+07;24021.6;5250.22;2095.33;65.9245
289;4.17608e+07;31096.2;6796.93;2712.75;85.3503
290;4.17489e+07;40252.4;8799.11;3512.07;110.499
291;4.17334e+07;52101.8;11390.7;4546.85;143.056
292;4.17133e+07;67434.2;14745.1;5886.4;185.201
293;4.16873e+07;87270.2;19086.3;7620.42;239.758
294;4.16537e+07;112927;24704;9864.96;310.377
295;4.16103e+07;146103;31972.4;12770.2;401.782
296;4.15541e+07;188987;41375;16530.1;520.08
297;4.14815e+07;244391;53535.1;21395.8;673.167
298;4.13878e+07;315927;69256.4;27691.5;871.247
299;4.12668e+07;408219;89573.4;35836.1;1127.5
300;4.11107e+07;527164;115815;46369.9;1458.92
301;4.09097e+07;680254;149686;59989.8;1887.43
302;4.06512e+07;876946;193364;77592.9;2441.27
303;4.03193e+07;1.12909e+06;249624;100333;3156.72
304;3.98944e+07;1.45138e+06;321978;129688;4080.33
305;3.93521e+07;1.86177e+06;414853;167553;5271.65
306;3.86628e+07;2.38182e+06;533766;216340;6806.6
307;3.77915e+07;3.03666e+06;685528;279111;8781.54
308;3.66975e+07;3.85456e+06;878406;359729;11318
309;3.53363e+07;4.8654e+06;1.12223e+06;463029;14568.1
310;3.36616e+07;6.09782e+06;1.42837e+06;595004;18720.4
311;3.16309e+07;7.57425e+06;1.8094e+06;762980;24005.3
312;2.92134e+07;9.30329e+06;2.27842e+06;975766;30700.1
313;2.64014e+07;1.12696e+07;2.84772e+06;1.24371e+06;39130.3
314;2.32244e+07;1.34221e+07;3.5267e+06;1.5786e+06;49666.8
315;1.97626e+07;1.56639e+07;4.31898e+06;1.99334e+06;62715.6
316;1.61538e+07;1.78488e+07;5.21894e+06;2.50125e+06;78695.9
317;1.25881e+07;1.97921e+07;6.20834e+06;3.115e+06;98005.9
318;9.28108e+06;2.13e+07;7.25437e+06;3.8451e+06;120977
319;6.43048e+06;2.22144e+07;8.31059e+06;4.69821e+06;147818
320;4.1664e+06;2.24592e+07;9.3218e+06;5.67554e+06;178567
321;2.51976e+06;2.20643e+07;1.02326e+07;6.77178e+06;213058
322;1.42569e+06;2.11527e+07;1.0997e+07;7.97514e+06;250918
323;759815;1.98958e+07;1.15859e+07;9.26839e+06;291608
324;385570;1.84615e+07;1.1989e+07;1.06309e+07;334475
325;188847;1.69801e+07;1.22129e+07;1.20408e+07;378835
326;90590.3;1.55349e+07;1.2275e+07;1.3477e+07;424023
327;43165.1;1.41702e+07;1.21982e+07;1.49206e+07;469440
328;20684.4;1.29046e+07;1.20066e+07;1.63551e+07;514573
329;10069.4;1.17422e+07;1.17232e+07;1.77671e+07;558998
330;5018.41;1.06799e+07;1.13686e+07;1.91457e+07;602374
331;2574.67;9.71151e+06;1.09604e+07;2.04827e+07;644437
332;1364.71;8.82995e+06;1.05136e+07;2.17716e+07;684991
333;748.899;8.02792e+06;1.0041e+07;2.3008e+07;723891
334;425.853;7.29851e+06;9.55274e+06;2.41888e+07;761043
335;250.93;6.63525e+06;9.05743e+06;2.53122e+07;796388
336;153.119;6.0322e+06;8.56191e+06;2.63774e+07;829900
337;96.6529;5.48393e+06;8.07168e+06;2.73843e+07;861579
338;63.0248;4.98547e+06;7.59107e+06;2.83335e+07;891445
339;42.3874;4.53232e+06;7.12345e+06;2.92262e+07;919532
340;29.3538;4.12034e+06;6.67137e+06;3.00639e+07;945888
341;20.8952;3.74581e+06;6.23667e+06;3.08485e+07;970572
342;15.263;3.40532e+06;5.82065e+06;3.15819e+07;993648
343;11.4212;3.09578e+06;5.42415e+06;3.22664e+07;1.01518e+06
344;8.74077;2.81438e+06;5.04761e+06;3.29043e+07;1.03525e+06
345;6.83089;2.55855e+06;4.69116e+06;3.34979e+07;1.05393e+06
346;5.4431;2.32598e+06;4.3547e+06;3.40496e+07;1.07129e+06
347;4.41613;2.11455e+06;4.0379e+06;3.45617e+07;1.0874e+06
348;3.64323;1.92234e+06;3.74032e+06;3.50365e+07;1.10234e+06
349;3.05237;1.7476e+06;3.46136e+06;3.54764e+07;1.11618e+06
350;2.59411;1.58874e+06;3.20035e+06;3.58835e+07;1.12899e+06
351;2.2339;1.44433e+06;2.95657e+06;3.62598e+07;1.14083e+06
352;1.94725;1.31304e+06;2.72922e+06;3.66075e+07;1.15177e+06
353;1.71654;1.19368e+06;2.51752e+06;3.69285e+07;1.16186e+06
354;1.52889;1.08518e+06;2.32065e+06;3.72245e+07;1.17118e+06
355;1.37479;986535;2.1378e+06;3.74974e+07;1.17977e+06
356;1.24711;896859;1.96816e+06;3.77488e+07;1.18768e+06
357;1.14046;815334;1.81095e+06;3.79803e+07;1.19496e+06
358;1.0507;741221;1.66539e+06;3.81933e+07;1.20166e+06
359;0.974647;673844;1.53076e+06;3.83891e+07;1.20782e+06
360;0.909789;612591;1.40633e+06;3.85691e+07;1.21348e+06
361;0.85416;556907;1.29143e+06;3.87345e+07;1.21869e+06
362;0.806193;506284;1.1854e+06;3.88864e+07;1.22347e+06
363;0.764633;460263;1.08763e+06;3.90258e+07;1.22785e+06
364;0.728462;418425;997540;3.91537e+07;1.23188e+06
365;0.696853;380390;914573;3.9271e+07;1.23557e+06
366;0.669128;345813;838213;3.93786e+07;1.23895e+06
367;0.644727;314378;767972;3.94771e+07;1.24205e+06
368;0.623184;285801;703394;3.95674e+07;1.24489e+06
369;0.604111;259822;644052;3.96502e+07;1.2475e+06
370;0.587181;236204;589546;3.97259e+07;1.24988e+06
371;0.572116;214733;539505;3.97952e+07;1.25206e+06
372;0.558683;195214;493582;3.98587e+07;1.25406e+06
373;0.546682;177469;451456;3.99167e+07;1.25588e+06
374;0.53594;161337;412826;3.99698e+07;1.25755e+06
375;0.52631;146672;377416;4.00184e+07;1.25908e+06
376;0.517664;133339;344968;4.00627e+07;1.26048e+06
377;0.509891;121219;315244;4.01033e+07;1.26175e+06
378;0.502894;110200;288024;4.01404e+07;1.26292e+06
379;0.496589;100183;263103;4.01743e+07;1.26399e+06
380;0.490901;91076.2;240296;4.02052e+07;1.26496e+06
381;0.485766;82797.3;219427;4.02335e+07;1.26585e+06
382;0.481125;75271.1;200336;4.02593e+07;1.26666e+06
383;0.476929;68428.9;182878;4.02828e+07;1.2674e+06
384;0.473132;62208.7;166915;4.03043e+07;1.26808e+06
385;0.469694;56554;152323;4.0324e+07;1.2687e+06
386;0.466579;51413.2;138987;4.03419e+07;1.26926e+06
387;0.463755;46739.8;126801;4.03582e+07;1.26977e+06
388;0.461195;42491.1;115669;4.03731e+07;1.27024e+06
389;0.458872;38628.7;105501;4.03867e+07;1.27067e+06
390;0.456765;35117.3;96214.8;4.03991e+07;1.27106e+06
391;0.454851;31925.2;87736.1;4.04105e+07;1.27142e+06
392;0.453114;29023.2;79995.7;4.04208e+07;1.27174e+06
393;0.451535;26385;72930.4;4.04302e+07;1.27204e+06
394;0.450102;23986.6;66482.4;4.04388e+07;1.27231e+06
395;0.448799;21806.2;60598.4;4.04466e+07;1.27255e+06
396;0.447614;19824;55230;4.04537e+07;1.27278e+06
397;0.446538;18022;50332.6;4.04602e+07;1.27298e+06
398;0.445559;16383.8;45865.5;4.04661e+07;1.27317e+06
399;0.44467;14894.5;41791.3;4.04715e+07;1.27334e+06
400;0.44386;13540.6;38075.9;4.04764e+07;1.27349e+06
401;0.443124;12309.8;34688.2;4.04809e+07;1.27363e+06
402;0.442455;11190.8;31599.4;4.0485e+07;1.27376e+06
403;0.441846;10173.6;28783.7;4.04887e+07;1.27388e+06
404;0.441293;9248.79;26217;4.04921e+07;1.27399e+06
405;0.440789;8408.08;23877.6;4.04952e+07;1.27408e+06
406;0.440331;7643.79;21745.5;4.0498e+07;1.27417e+06
407;0.439914;6948.97;19802.6;4.05005e+07;1.27425e+06
408;0.439534;6317.3;18032.2;4.05029e+07;1.27432e+06
409;0.439189;5743.06;16419.2;4.0505e+07;1.27439e+06
410;0.438875;5221.02;14949.6;4.05069e+07;1.27445e+06
411;0.438589;4746.43;13610.8;4.05087e+07;1.27451e+06
412;0.43833;4314.98;12391.2;4.05103e+07;1.27456e+06
413;0.438093;3922.75;11280.4;4.05117e+07;1.2746e+06
414;0.437878;3566.17;10268.7;4.05131e+07;1.27465e+06
415;0.437682;3242;9347.24;4.05143e+07;1.27468e+06
416;0.437504;2947.31;8508.12;4.05154e+07;1.27472e+06
417;0.437342;2679.4;7744;4.05164e+07;1.27475e+06
418;0.437194;2435.84;7048.21;4.05173e+07;1.27478e+06
419;0.43706;2214.42;6414.68;4.05181e+07;1.2748e+06
420;0.436938;2013.13;5837.87;4.05189e+07;1.27483e+06
421;0.436827;1830.14;5312.73;4.05195e+07;1.27485e+06
422;0.436726;1663.78;4834.65;4.05202e+07;1.27487e+06
423;0.436634;1512.54;4399.45;4.05207e+07;1.27489e+06
424;0.43655;1375.05;4003.28;4.05213e+07;1.2749e+06
425;0.436474;1250.06;3642.68;4.05217e+07;1.27492e+06
426;0.436405;1136.43;3314.45;4.05222e+07;1.27493e+06
427;0.436342;1033.13;3015.71;4.05225e+07;1.27494e+06
428;0.436285;939.216;2743.82;4.05229e+07;1.27496e+06
429;0.436233;853.841;2496.37;4.05232e+07;1.27497e+06
430;0.436185;776.227;2271.17;4.05235e+07;1.27497e+06
431;0.436142;705.668;2066.24;4.05238e+07;1.27498e+06
432;0.436103;641.523;1879.75;4.0524e+07;1.27499e+06
433;0.436067;583.209;1710.05;4.05242e+07;1.275e+06
434;0.436035;530.195;1555.63;4.05244e+07;1.275e+06
435;0.436005;482;1415.13;4.05246e+07;1.27501e+06
436;0.435978;438.186;1287.29;4.05248e+07;1.27501e+06
437;0.435954;398.355;1170.97;4.05249e+07;1.27502e+06
438;0.435932;362.145;1065.14;4.05251e+07;1.27502e+06
439;0.435911;329.226;968.86;4.05252e+07;1.27503e+06
440;0.435893;299.299;881.264;4.05253e+07;1.27503e+06
441;0.435876;272.093;801.573;4.05254e+07;1.27503e+06
442;0.435861;247.36;729.075;4.05255e+07;1.27504e+06
443;0.435847;224.875;663.124;4.05256e+07;1.27504e+06
444;0.435835;204.434;603.128;4.05257e+07;1.27504e+06
445;0.435823;185.851;548.551;4.05258e+07;1.27504e+06
446;0.435813;168.957;498.906;4.05258e+07;1.27505e+06
447;0.435803;153.599;453.747;4.05259e+07;1.27505e+06
448;0.435795;139.637;412.67;4.05259e+07;1.27505e+06
449;0.435787;126.944;375.306;4.0526e+07;1.27505e+06
450;0.43578;115.404;341.32;4.0526e+07;1.27505e+06
451;0.435773;104.914;310.408;4.05261e+07;1.27505e+06
452;0.435767;95.3775;282.293;4.05261e+07;1.27506e+06
453;0.435762;86.7077;256.72;4.05261e+07;1.27506e+06
454;0.435757;78.826;233.462;4.05262e+07;1.27506e+06
455;0.435753;71.6607;212.308;4.05262e+07;1.27506e+06
456;0.435749;65.1467;193.069;4.05262e+07;1.27506e+06
457;0.435745;59.2249;175.572;4.05262e+07;1.27506e+06
458;0.435742;53.8414;159.658;4.05263e+07;1.27506e+06
459;0.435739;48.9472;145.186;4.05263e+07;1.27506e+06
460;0.435736;44.4979;132.024;4.05263e+07;1.27506e+06
461;0.435733;40.453;120.055;4.05263e+07;1.27506e+06
462;0.435731;36.7759;109.169;4.05263e+07;1.27506e+06
463;0.435729;33.4329;99.2698;4.05263e+07;1.27506e+06
464;0.435727;30.3939;90.2675;4.05263e+07;1.27506e+06
465;0.435725;27.6311;82.0808;4.05264e+07;1.27506e+06
466;0.435724;25.1194;74.6361;4.05264e+07;1.27506e+06
467;0.435723;22.8361;67.8661;4.05264e+07;1.27506e+06
468;0.435721;20.7603;61.7097;4.05264e+07;1.27506e+06
469;0.43572;18.8732;56.1114;4.05264e+07;1.27507e+06
470;0.435719;17.1576;51.0207;4.05264e+07;1.27507e+06
471;0.435718;15.598;46.3915;4.05264e+07;1.27507e+06
472;0.435717;14.1801;42.1821;4.05264e+07;1.27507e+06
473;0.435716;12.8911;38.3544;4.05264e+07;1.27507e+06
474;0.435716;11.7193;34.8738;4.05264e+07;1.27507e+06
475;0.435715;10.654;31.7089;4.05264e+07;1.27507e+06
476;0.435714;9.6856;28.831;4.05264e+07;1.27507e+06
477;0.435714;8.80518;26.2143;4.05264e+07;1.27507e+06
478;0.435713;8.00479;23.8349;4.05264e+07;1.27507e+06
479;0.435713;7.27715;21.6713;4.05264e+07;1.27507e+06
480;0.435712;6.61566;19.7041;4.05264e+07;1.27507e+06
481;0.435712;6.0143;17.9153;4.05264e+07;1.27507e+06
482;0.435712;5.4676;16.2889;4.05264e+07;1.27507e+06
483;0.435711;4.97059;14.8101;4.05264e+07;1.27507e+06
484;0.435711;4.51877;13.4654;4.05264e+07;1.27507e+06
485;0.435711;4.10801;12.2428;4.05265e+07;1.27507e+06
486;0.435711;3.73459;11.1312;4.05265e+07;1.27507e+06
487;0.43571;3.39512;10.1205;4.05265e+07;1.27507e+06
488;0.43571;3.0865;9.20146;4.05265e+07;1.27507e+06
489;0.43571;2.80594;8.36589;4.05265e+07;1.27507e+06
490;0.43571;2.55088;7.60617;4.05265e+07;1.27507e+06
491;0.43571;2.319;6.91541;4.05265e+07;1.27507e+06
492;0.43571;2.10821;6.28737;4.05265e+07;1.27507e+06
493;0.43571;1.91657;5.71635;4.05265e+07;1.27507e+06
494;0.435709;1.74236;5.19717;4.05265e+07;1.27507e+06
495;0.435709;1.58398;4.72514;4.05265e+07;1.27507e+06
496;0.435709;1.43999;4.29596;4.05265e+07;1.27507e+06
497;0.435709;1.3091;3.90576;4.05265e+07;1.27507e+06
498;0.435709;1.1901;3.55098;4.05265e+07;1.27507e+06
499;0.435709;1.08192;3.22843;4.05265e+07;1.27507e+06
500;0.435709;0.983573;2.93517;4.05265e+07;1.27507e+06
501;0.435709;0.894167;2.66854;4.05265e+07;1.27507e+06
502;0.435709;0.812887;2.42612;4.05265e+07;1.27507e+06
503;0.435709;0.738996;2.20573;4.05265e+07;1.27507e+06
504;0.435709;0.671821;2.00535;4.05265e+07;1.27507e+06
505;0.435709;0.610752;1.82317;4.05265e+07;1.27507e+06
506;0.435709;0.555235;1.65753;4.05265e+07;1.27507e+06
507;0.435709;0.504764;1.50695;4.05265e+07;1.27507e+06
508;0.435709;0.458881;1.37004;4.05265e+07;1.27507e+06
509;0.435709;0.417169;1.24556;4.05265e+07;1.27507e+06
510;0.435709;0.379248;1.1324;4.05265e+07;1.27507e+06
511;0.435709;0.344775;1.02951;4.05265e+07;1.27507e+06
512;0.435709;0.313435;0.935972;4.05265e+07;1.27507e+06
513;0.435709;0.284943;0.850929;4.05265e+07;1.27507e+06
514;0.435708;0.259042;0.773613;4.05265e+07;1.27507e+06
515;0.435708;0.235495;0.703321;4.05265e+07;1.27507e+06
516;0.435708;0.214089;0.639414;4.05265e+07;1.27507e+06
517;0.435708;0.194628;0.581314;4.05265e+07;1.27507e+06
518;0.435708;0.176936;0.528492;4.05265e+07;1.27507e+06
519;0.435708;0.160853;0.48047;4.05265e+07;1.27507e+06
