188;575989;1.7647;0.8787;0.1176;0.0037
189;575988;3.15493;0.932525;0.220935;0.00695119
190;575986;4.51376;1.10619;0.3306;0.0104015
191;575984;6.05554;1.38231;0.460688;0.0144944
192;575982;7.94443;1.76509;0.623248;0.019609
193;575979;10.3371;2.27313;0.830822;0.0261398
194;575975;13.4087;2.93704;1.09814;0.0345504
195;575969;17.3727;3.79963;1.44354;0.0454174
196;575963;22.4985;4.91792;1.89037;0.0594761
197;575954;29.1316;6.36649;2.46872;0.0776724
198;575943;37.7178;8.2423;3.21742;0.101228
199;575928;48.8332;10.6711;4.18672;0.131725
200;575909;63.2234;13.8156;5.44163;0.171208
201;575885;81.8533;17.8868;7.06634;0.222325
202;575853;105.972;23.1576;9.16983;0.288507
203;575813;137.195;29.9814;11.8932;0.37419
204;575760;177.616;38.8157;15.419;0.485121
205;575691;229.941;50.2527;19.9837;0.628739
206;575603;297.674;65.0587;25.8934;0.814674
207;575488;385.347;84.2257;33.5443;1.05539
208;575339;498.823;109.037;43.4493;1.36703
209;575147;645.68;141.154;56.272;1.77046
210;574898;835.717;182.724;72.8717;2.29273
211;574577;1081.59;236.526;94.3601;2.96881
212;574160;1399.65;306.153;122.176;3.84396
213;573622;1810.97;396.244;158.179;4.97673
214;572925;2342.73;512.797;204.777;6.44283
215;572025;3029.9;663.549;265.082;8.34018
216;570862;3917.39;858.478;343.116;10.7953
217;569361;5062.78;1110.44;444.073;13.9717
218;567424;6539.62;1435.95;574.66;18.0803
219;564927;8441.55;1856.22;743.527;23.3933
220;561714;10887.1;2398.39;961.818;30.2613
221;557587;14025.1;3097.1;1243.87;39.1354
222;552296;18041.4;3996.31;1608.09;50.5946
223;545533;23164.1;5151.51;2078.05;65.381
224;536922;29669.4;6632.25;2683.87;84.4416
225;526011;37884;8524.71;3463.83;108.981
226;512270;48180.9;10934.3;4466.33;140.522
227;495105;60966.2;13987.6;5752.21;180.979
228;473881;76648.2;17832.8;7397.15;232.733
229;447981;95581.5;22637;9494.28;298.715
230;416896;117978;28579.5;12156.4;382.471
231;380369;143781;35837;15517.3;488.215
232;338571;172509;44559.6;19731.8;620.812
233;292301;203098;54835.6;24972;785.683
234;243128;233810;66645.6;31420.6;988.574
235;193400;262284;79814.8;39258.2;1235.16
236;146007;285835;93974.8;48644.4;1530.48
237;103859;302001;108558;59695.8;1878.18
238;69203.7;309204;122842;72462.2;2279.85
239;43055.7;307246;136048;86908.5;2734.36
240;25024.3;297348;147474;102908;3237.74
241;13654.2;281690;156614;120251;3783.4
242;7059.41;262679;163223;138668;4362.87
243;3502.36;242358;167301;157863;4966.79
244;1691.61;222139;169038;177538;5585.81
245;806.992;202831;168726;197417;6211.25
246;385.297;184815;166697;217259;6835.53
247;186.163;168215;163276;236863;7452.31
248;91.82;153018;158762;256064;8056.43
249;46.5264;139154;153413;274734;8643.85
250;24.3257;126527;147453;292776;9211.48
251;13.1582;115037;141068;310116;9757.06
252;7.37347;104586;134414;326706;10279
253;4.28195;95082.3;127616;342513;10776.3
254;2.57593;86441;120779;357521;11248.5
255;1.60379;78584.5;113986;371724;11695.4
256;1.03213;71441.7;107303;385129;12117.2
257;0.685539;64948;100781;397748;12514.2
258;0.469175;59044.5;94460.3;409600;12887.1
259;0.330293;53677.5;88369.4;420708;13236.6
260;0.23877;48798.3;82529.5;431100;13563.5
261;0.176944;44362.6;76954.4;440806;13868.9
262;0.134199;40330.1;71652.4;449856;14153.6
263;0.103999;36664.1;66627;458282;14418.7
264;0.0822256;33331.3;61877.9;466117;14665.3
265;0.066231;30301.5;57401.9;473394;14894.2
266;0.0542747;27547.1;53193.5;480145;15106.6
267;0.0451918;25043.1;49245.1;486400;15303.4
268;0.0381878;22766.7;45548.1;492192;15485.6
269;0.0327118;20697.2;42092.6;497548;15654.1
270;0.0283757;18815.8;38868.2;502498;15809.9
271;0.0249015;17105.5;35863.8;507069;15953.7
272;0.0220876;15550.6;33068.4;511287;16086.4
273;0.0197857;14137.1;30470.8;515175;16208.7
274;0.0178852;12852;28059.7;518759;16321.5
275;0.0163029;11683.8;25824.3;522059;16425.3
276;0.0149753;10621.7;23753.9;525096;16520.9
277;0.0138533;9656.19;21838.1;527889;16608.8
278;0.012899;8778.44;20066.8;530457;16689.6
279;0.0120824;7980.48;18430.7;532817;16763.8
280;0.0113797;7255.06;16920.5;534984;16832
281;0.0107721;6595.57;15527.5;536974;16894.6
282;0.0102442;5996.04;14243.6;538800;16952.1
283;0.00978359;5451;13060.9;540475;17004.8
284;0.00938022;4955.5;11972.1;542011;17053.1
285;0.00902569;4505.05;10970.3;543419;17097.4
286;0.00871308;4095.54;10049.1;544709;17138
287;0.00843661;3723.25;9202.45;545891;17175.1
288;0.00819146;3384.81;8424.64;546973;17209.2
289;0.00797353;3077.13;7710.41;547964;17240.4
290;0.00777938;2797.42;7054.85;548871;17268.9
291;0.00760605;2543.14;6453.38;549700;17295
292;0.00745103;2311.96;5901.76;550459;17318.9
293;0.00731213;2101.81;5396.03;551153;17340.7
294;0.00718751;1910.75;4932.55;551788;17360.7
295;0.00707552;1737.07;4507.92;552368;17378.9
296;0.00697477;1579.17;4119;552898;17395.6
297;0.00688402;1435.62;3762.92;553383;17410.8
298;0.00680219;1305.12;3436.97;553825;17424.8
299;0.00672833;1186.49;3138.7;554229;17437.5
300;0.00666162;1078.64;2865.83;554598;17449.1
301;0.00660131;980.587;2616.25;554935;17459.7
302;0.00654674;891.452;2388.04;555243;17469.4
303;0.00649735;810.419;2179.4;555524;17478.2
304;0.00645261;736.752;1988.71;555780;17486.3
305;0.00641207;669.781;1814.45;556014;17493.6
306;0.00637531;608.898;1655.24;556228;17500.4
307;0.00634197;553.549;1509.81;556422;17506.5
308;0.00631172;503.232;1376.98;556600;17512.1
309;0.00628426;457.488;1255.7;556762;17517.2
310;0.00625933;415.902;1144.97;556909;17521.8
311;0.00623668;378.097;1043.89;557044;17526
312;0.00621611;343.728;951.635;557167;17529.9
313;0.00619742;312.483;867.447;557279;17533.4
314;0.00618044;284.078;790.63;557381;17536.6
315;0.006165;258.256;720.549;557474;17539.6
316;0.00615096;234.78;656.622;557558;17542.2
317;0.0061382;213.439;598.315;557636;17544.7
318;0.0061266;194.037;545.141;557706;17546.9
319;0.00611604;176.399;496.654;557770;17548.9
320;0.00610645;160.365;452.444;557828;17550.7
321;0.00609772;145.787;412.14;557882;17552.4
322;0.00608978;132.535;375.399;557930;17553.9
323;0.00608255;120.488;341.911;557974;17555.3
324;0.00607598;109.536;311.389;558014;17556.6
325;0.00607;99.5788;283.575;558051;17557.7
326;0.00606456;90.5271;258.229;558084;17558.8
327;0.00605962;82.2982;235.135;558115;17559.7
328;0.00605511;74.8173;214.094;558142;17560.6
329;0.00605102;68.0164;194.925;558168;17561.4
330;0.00604729;61.8337;177.463;558191;17562.1
331;0.0060439;56.213;161.558;558211;17562.8
332;0.00604081;51.1032;147.07;558230;17563.4
333;0.00603801;46.458;133.876;558248;17563.9
334;0.00603545;42.2349;121.86;558263;17564.4
335;0.00603313;38.3958;110.918;558278;17564.9
336;0.00603102;34.9056;100.953;558291;17565.3
337;0.00602909;31.7327;91.8807;558303;17565.6
338;0.00602734;28.8482;83.62;558314;17566
339;0.00602575;26.2259;76.0992;558323;17566.3
340;0.0060243;23.842;69.2523;558332;17566.6
341;0.00602298;21.6747;63.0193;558340;17566.8
342;0.00602178;19.7045;57.3453;558348;17567.1
343;0.00602069;17.9134;52.1804;558355;17567.3
344;0.0060197;16.285;47.4793;558361;17567.5
345;0.0060188;14.8047;43.2003;558366;17567.6
346;0.00601797;13.459;39.3059;558371;17567.8
347;0.00601723;12.2356;35.7615;558376;17568
348;0.00601655;11.1233;32.5358;558380;17568.1
349;0.00601593;10.1122;29.6004;558384;17568.2
350;0.00601536;9.19303;26.929;558388;17568.3
351;0.00601485;8.35739;24.4982;558391;17568.4
352;0.00601439;7.5977;22.2862;558394;17568.5
353;0.00601396;6.90707;20.2736;558396;17568.6
354;0.00601358;6.27922;18.4422;558399;17568.7
355;0.00601323;5.70844;16.776;558401;17568.7
356;0.00601291;5.18954;15.2599;558403;17568.8
357;0.00601262;4.71781;13.8806;558405;17568.9
358;0.00601236;4.28896;12.6258;558406;17568.9
359;0.00601212;3.8991;11.4841;558408;17568.9
360;0.0060119;3.54467;10.4455;558409;17569
361;0.0060117;3.22246;9.5007;558410;17569
362;0.00601152;2.92954;8.64118;558411;17569.1
363;0.00601135;2.66324;7.8593;558412;17569.1
364;0.00601121;2.42115;7.14806;558413;17569.1
365;0.00601107;2.20107;6.50108;558414;17569.2
366;0.00601095;2.00099;5.91258;558415;17569.2
367;0.00601083;1.8191;5.37727;558416;17569.2
368;0.00601073;1.65375;4.89037;558416;17569.2
369;0.00601064;1.50342;4.44749;558417;17569.2
370;0.00601055;1.36676;4.04467;558417;17569.3
371;0.00601048;1.24252;3.67829;558418;17569.3
372;0.00601041;1.12958;3.34506;558418;17569.3
373;0.00601034;1.0269;3.04198;558419;17569.3
374;0.00601029;0.933554;2.76633;558419;17569.3
375;0.00601023;0.848694;2.51564;558419;17569.3
376;0.00601019;0.771547;2.28764;558420;17569.3
377;0.00601014;0.701414;2.08028;558420;17569.3
378;0.0060101;0.637655;1.8917;558420;17569.3
379;0.00601007;0.579692;1.7202;558420;17569.3
380;0.00601003;0.526998;1.56423;558421;17569.4
381;0.00601001;0.479094;1.4224;558421;17569.4
382;0.00600998;0.435545;1.29341;558421;17569.4
383;0.00600995;0.395954;1.17611;558421;17569.4
384;0.00600993;0.359962;1.06944;558421;17569.4
385;0.00600991;0.327241;0.972438;558421;17569.4
386;0.00600989;0.297495;0.884227;558421;17569.4
387;0.00600988;0.270453;0.804013;558422;17569.4
388;0.00600986;0.245868;0.73107;558422;17569.4
389;0.00600985;0.223519;0.664741;558422;17569.4
390;0.00600983;0.203201;0.604426;558422;17569.4
391;0.00600982;0.18473;0.54958;558422;17569.4
392;0.00600981;0.167938;0.499708;558422;17569.4
