201;1.01752e+07;1.7647;0.8787;0.1176;0.0037
202;1.01752e+07;3.15493;0.932525;0.220935;0.00695119
203;1.01752e+07;4.51377;1.10619;0.3306;0.0104015
204;1.01752e+07;6.05557;1.38231;0.460688;0.0144944
205;1.01752e+07;7.94448;1.76509;0.623248;0.019609
206;1.01752e+07;10.3372;2.27314;0.830823;0.0261398
207;1.01752e+07;13.4089;2.93706;1.09814;0.0345505
208;1.01752e+07;17.3731;3.79966;1.44354;0.0454176
209;1.01752e+07;22.4991;4.91798;1.89038;0.0594763
210;1.01752e+07;29.1327;6.3666;2.46874;0.0776728
211;1.01752e+07;37.7196;8.24249;3.21745;0.101229
212;1.01752e+07;48.8364;10.6714;4.18677;0.131726
213;1.01751e+07;63.2288;13.8162;5.44172;0.171211
214;1.01751e+07;81.8625;17.8878;7.0665;0.22233
215;1.01751e+07;105.987;23.1593;9.1701;0.288515
216;1.0175e+07;137.222;29.9843;11.8936;0.374205
217;1.0175e+07;177.661;38.8207;15.4198;0.485147
218;1.01749e+07;230.017;50.2611;19.9851;0.628783
219;1.01748e+07;297.801;65.0729;25.8958;0.814749
220;1.01747e+07;385.561;84.2497;33.5484;1.05552
221;1.01746e+07;499.182;109.078;43.4562;1.36724
222;1.01744e+07;646.283;141.222;56.2837;1.77083
223;1.01741e+07;836.73;182.839;72.8914;2.29335
224;1.01738e+07;1083.29;236.72;94.3933;2.96986
225;1.01734e+07;1402.5;306.477;122.232;3.84572
226;1.01728e+07;1815.76;396.789;158.273;4.97968
227;1.01721e+07;2350.75;513.71;204.936;6.4478
228;1.01712e+07;3043.34;665.081;265.348;8.34853
229;1.01701e+07;3939.91;861.046;343.561;10.8093
230;1.01685e+07;5100.49;1114.74;444.82;13.9952
231;1.01666e+07;6602.75;1443.16;575.914;18.1197
232;1.0164e+07;8547.14;1868.29;745.629;23.4594
233;1.01607e+07;11063.6;2418.6;965.34;30.3721
234;1.01565e+07;14319.9;3130.9;1249.77;39.3209
235;1.0151e+07;18533.2;4052.81;1617.96;50.9053
236;1.01438e+07;23983.5;5245.87;2094.57;65.9007
237;1.01346e+07;31032.3;6789.64;2711.49;85.3104
238;1.01227e+07;40145.4;8786.89;3509.95;110.432
239;1.01072e+07;51922.5;11370.3;4543.29;142.944
240;1.00873e+07;67134;14710.8;5880.43;185.014
241;1.00616e+07;86767.8;19028.9;7610.42;239.443
242;1.00284e+07;112087;24607.9;9848.21;309.85
243;9.98556e+06;144698;31811.6;12742.1;400.899
244;9.93047e+06;186639;41105.9;16483.1;518.602
245;9.85967e+06;240471;53085.2;21317.2;670.694
246;9.76889e+06;309393;68504.8;27560;867.109
247;9.65282e+06;397342;88319;35616.2;1120.58
248;9.50495e+06;509094;113724;46002.5;1447.36
249;9.31745e+06;650313;146206;59376.5;1868.14
250;9.08115e+06;827503;187585;76570.3;2409.1
251;8.78564e+06;1.04779e+06;240051;98630.3;3103.16
252;8.41976e+06;1.31842e+06;306177;126860;3991.35
253;7.97249e+06;1.64585e+06;388882;162867;5124.21
254;7.43452e+06;2.03421e+06;491318;208599;6563.07
255;6.80062e+06;2.4832e+06;616631;266378;8380.95
256;6.07274e+06;2.98536e+06;767557;338894;10662.5
257;5.2635e+06;3.52323e+06;945821;429159;13502.4
258;4.39896e+06;4.06751e+06;1.15135e+06;540387;17002
259;3.5191e+06;4.57763e+06;1.38143e+06;675787;21262
260;2.67422e+06;5.00641e+06;1.62997e+06;838243;26373.3
261;1.91629e+06;5.30926e+06;1.88734e+06;1.02993e+06;32404.2
262;1.28704e+06;5.45589e+06;2.14102e+06;1.25188e+06;39387.3
263;807281;5.43971e+06;2.37725e+06;1.50366e+06;47309.1
264;472894;5.27963e+06;2.58336e+06;1.78323e+06;56104.9
265;259846;5.01276e+06;2.74992e+06;2.08703e+06;65663.4
266;135115;4.68183e+06;2.87201e+06;2.41042e+06;75838
267;67309.7;4.32406e+06;2.94922e+06;2.74817e+06;86464.5
268;32586.8;3.96572e+06;2.98453e+06;3.095e+06;97376.6
269;15556.6;3.62227e+06;2.98299e+06;3.44598e+06;108419
270;7421.8;3.30114e+06;2.95042e+06;3.79678e+06;119456
271;3579;3.00491e+06;2.89261e+06;4.14375e+06;130373
272;1760.23;2.73358e+06;2.81488e+06;4.48392e+06;141076
273;888.827;2.48597e+06;2.72192e+06;4.81495e+06;151491
274;462.902;2.26042e+06;2.61772e+06;5.13504e+06;161562
275;249.357;2.05516e+06;2.50567e+06;5.44289e+06;171247
276;139.141;1.86846e+06;2.38854e+06;5.73756e+06;180518
277;80.4615;1.69867e+06;2.26866e+06;6.01845e+06;189356
278;48.2033;1.5443e+06;2.14788e+06;6.28524e+06;197750
279;29.8913;1.40394e+06;2.02772e+06;6.53783e+06;205697
280;19.1626;1.27633e+06;1.90937e+06;6.77629e+06;213200
281;12.6812;1.16032e+06;1.79378e+06;7.00083e+06;220264
282;8.64883;1.05485e+06;1.68167e+06;7.21178e+06;226901
283;6.06883;958967;1.57357e+06;7.40955e+06;233124
284;4.37378;871799;1.46987e+06;7.5946e+06;238946
285;3.232;792553;1.37082e+06;7.76746e+06;244384
286;2.44471;720511;1.27658e+06;7.92866e+06;249456
287;1.88985;655017;1.18723e+06;8.07879e+06;254180
288;1.49076;595477;1.10276e+06;8.21841e+06;258572
289;1.19822;541348;1.02312e+06;8.34809e+06;262653
290;0.979971;492140;948225;8.46841e+06;266438
291;0.81448;447404;877941;8.57992e+06;269947
292;0.687086;406735;812116;8.68317e+06;273195
293;0.587643;369763;750578;8.77867e+06;276200
294;0.509013;336152;693145;8.86694e+06;278977
295;0.446098;305596;639622;8.94845e+06;281542
296;0.395204;277817;589815;9.02367e+06;283908
297;0.353618;252564;543524;9.09304e+06;286090
298;0.31932;229606;500552;9.15696e+06;288101
299;0.290792;208734;460707;9.21582e+06;289954
300;0.266876;189761;423797;9.27e+06;291658
301;0.246682;172511;389640;9.31984e+06;293226
302;0.229518;156830;358058;9.36566e+06;294668
303;0.21484;142574;328881;9.40777e+06;295993
304;0.202219;129614;301948;9.44644e+06;297210
305;0.191311;117832;277103;9.48195e+06;298327
306;0.181839;107121;254202;9.51454e+06;299352
307;0.173579;97384;233104;9.54443e+06;300293
308;0.166348;88531.8;213681;9.57185e+06;301155
309;0.159996;80484.3;195809;9.59698e+06;301946
310;0.154396;73168.3;179373;9.62e+06;302670
311;0.149446;66517.3;164266;9.6411e+06;303334
312;0.145058;60470.9;150387;9.66041e+06;303942
313;0.141158;54974.1;137642;9.6781e+06;304498
314;0.137684;49976.9;125943;9.69429e+06;305007
315;0.134584;45434;115209;9.7091e+06;305473
316;0.131812;41304.1;105364;9.72265e+06;305900
317;0.129328;37549.5;96338.2;9.73504e+06;306289
318;0.1271;34136.3;88065.6;9.74637e+06;306646
319;0.125099;31033.3;80486.3;9.75672e+06;306972
320;0.123298;28212.4;73544.2;9.76619e+06;307270
321;0.121677;25647.9;67187.8;9.77484e+06;307542
322;0.120215;23316.5;61369.3;9.78274e+06;307790
323;0.118895;21197;56044.7;9.78996e+06;308017
324;0.117704;19270.2;51173.3;9.79655e+06;308225
325;0.116626;17518.6;46717.6;9.80256e+06;308414
326;0.115652;15926.1;42643.2;9.80806e+06;308587
327;0.11477;14478.4;38918.3;9.81307e+06;308745
328;0.113971;13162.3;35513.6;9.81765e+06;308889
329;0.113247;11965.9;32402.2;9.82183e+06;309020
330;0.112591;10878.2;29559.5;9.82564e+06;309140
331;0.111995;9889.36;26962.8;9.82911e+06;309249
332;0.111455;8990.42;24591.2;9.83228e+06;309349
333;0.110965;8173.19;22425.5;9.83518e+06;309440
334;0.11052;7430.25;20448.2;9.83781e+06;309523
335;0.110116;6754.84;18643.2;9.84022e+06;309599
336;0.109748;6140.82;16995.8;9.84241e+06;309668
337;0.109415;5582.62;15492.4;9.84441e+06;309731
338;0.109112;5075.16;14120.7;9.84623e+06;309788
339;0.108836;4613.83;12869.2;9.84789e+06;309840
340;0.108585;4194.43;11727.5;9.84941e+06;309888
341;0.108358;3813.16;10686.3;9.85078e+06;309931
342;0.10815;3466.54;9736.63;9.85204e+06;309971
343;0.107962;3151.44;8870.69;9.85319e+06;310007
344;0.107791;2864.97;8081.14;9.85423e+06;310040
345;0.107635;2604.54;7361.32;9.85518e+06;310069
346;0.107493;2367.79;6705.15;9.85605e+06;310097
347;0.107364;2152.56;6107.04;9.85683e+06;310121
348;0.107247;1956.89;5561.93;9.85755e+06;310144
349;0.10714;1779.01;5065.15;9.85821e+06;310165
350;0.107043;1617.3;4612.46;9.8588e+06;310183
351;0.106955;1470.29;4199.98;9.85934e+06;310200
352;0.106875;1336.64;3824.17;9.85984e+06;310216
353;0.106801;1215.14;3481.8;9.86029e+06;310230
354;0.106735;1104.68;3169.91;9.8607e+06;310243
355;0.106674;1004.27;2885.82;9.86107e+06;310255
356;0.106619;912.978;2627.06;9.86141e+06;310265
357;0.106569;829.988;2391.38;9.86172e+06;310275
358;0.106524;754.543;2176.75;9.862e+06;310284
359;0.106482;685.955;1981.3;9.86226e+06;310292
360;0.106444;623.601;1803.32;9.86249e+06;310299
361;0.10641;566.916;1641.27;9.8627e+06;310306
362;0.106379;515.383;1493.71;9.86289e+06;310312
363;0.10635;468.535;1359.37;9.86307e+06;310318
364;0.106325;425.945;1237.07;9.86323e+06;310323
365;0.106301;387.227;1125.73;9.86337e+06;310327
366;0.10628;352.028;1024.38;9.86351e+06;310331
367;0.10626;320.029;932.123;9.86363e+06;310335
368;0.106242;290.938;848.147;9.86374e+06;310339
369;0.106226;264.492;771.713;9.86384e+06;310342
370;0.106212;240.45;702.146;9.86393e+06;310345
371;0.106198;218.593;638.833;9.86401e+06;310347
372;0.106186;198.723;581.213;9.86409e+06;310350
373;0.106175;180.659;528.775;9.86415e+06;310352
374;0.106165;164.237;481.057;9.86422e+06;310354
375;0.106156;149.308;437.634;9.86427e+06;310356
376;0.106148;135.736;398.121;9.86432e+06;310357
377;0.10614;123.397;362.167;9.86437e+06;310359
378;0.106133;112.181;329.453;9.86441e+06;310360
379;0.106127;101.983;299.688;9.86445e+06;310361
380;0.106121;92.713;272.606;9.86449e+06;310362
381;0.106116;84.2854;247.966;9.86452e+06;310363
382;0.106111;76.6239;225.55;9.86455e+06;310364
383;0.106107;69.6588;205.156;9.86458e+06;310365
384;0.106103;63.3268;186.602;9.8646e+06;310366
385;0.1061;57.5704;169.724;9.86462e+06;310366
386;0.106096;52.3373;154.369;9.86464e+06;310367
387;0.106094;47.5798;140.402;9.86466e+06;310368
388;0.106091;43.2548;127.696;9.86468e+06;310368
389;0.106088;39.3229;116.138;9.86469e+06;310369
390;0.106086;35.7485;105.625;9.8647e+06;310369
391;0.106084;32.4989;96.0625;9.86472e+06;310369
392;0.106082;29.5448;87.3642;9.86473e+06;310370
393;0.106081;26.8592;79.4526;9.86474e+06;310370
394;0.106079;24.4177;72.2565;9.86475e+06;310370
395;0.106078;22.1981;65.7113;9.86476e+06;310371
396;0.106077;20.1803;59.7584;9.86476e+06;310371
397;0.106075;18.3459;54.3441;9.86477e+06;310371
398;0.106074;16.6783;49.4198;9.86478e+06;310371
399;0.106074;15.1622;44.9412;9.86478e+06;310372
400;0.106073;13.784;40.8681;9.86479e+06;310372
401;0.106072;12.531;37.1638;9.86479e+06;310372
402;0.106071;11.3919;33.7949;9.8648e+06;310372
403;0.106071;10.3564;30.7311;9.8648e+06;310372
404;0.10607;9.41502;27.9448;9.86481e+06;310372
405;0.106069;8.55919;25.4109;9.86481e+06;310372
406;0.106069;7.78116;23.1066;9.86481e+06;310372
407;0.106068;7.07386;21.0111;9.86481e+06;310373
408;0.106068;6.43084;19.1054;9.86482e+06;310373
409;0.106068;5.84628;17.3725;9.86482e+06;310373
410;0.106067;5.31485;15.7967;9.86482e+06;310373
411;0.106067;4.83173;14.3636;9.86482e+06;310373
412;0.106067;4.39253;13.0605;9.86482e+06;310373
413;0.106067;3.99325;11.8756;9.86483e+06;310373
414;0.106066;3.63026;10.7981;9.86483e+06;310373
415;0.106066;3.30027;9.81824;9.86483e+06;310373
416;0.106066;3.00028;8.92728;9.86483e+06;310373
417;0.106066;2.72755;8.11713;9.86483e+06;310373
418;0.106066;2.47962;7.38046;9.86483e+06;310373
419;0.106066;2.25422;6.7106;9.86483e+06;310373
420;0.106065;2.04931;6.10152;9.86483e+06;310373
421;0.106065;1.86303;5.54769;9.86483e+06;310373
422;0.106065;1.69368;5.0441;9.86483e+06;310373
423;0.106065;1.53973;4.58621;9.86484e+06;310373
424;0.106065;1.39976;4.16986;9.86484e+06;310373
425;0.106065;1.27253;3.7913;9.86484e+06;310373
426;0.106065;1.15685;3.44708;9.86484e+06;310373
427;0.106065;1.0517;3.13411;9.86484e+06;310373
428;0.106065;0.956096;2.84954;9.86484e+06;310373
429;0.106065;0.869187;2.5908;9.86484e+06;310373
430;0.106065;0.790178;2.35555;9.86484e+06;310373
431;0.106065;0.718351;2.14165;9.86484e+06;310373
432;0.106065;0.653053;1.94716;9.86484e+06;310373
433;0.106064;0.59369;1.77033;9.86484e+06;310373
434;0.106064;0.539724;1.60956;9.86484e+06;310373
435;0.106064;0.490663;1.46338;9.86484e+06;310373
436;0.106064;0.446062;1.33047;9.86484e+06;310373
437;0.106064;0.405515;1.20963;9.86484e+06;310373
438;0.106064;0.368654;1.09977;9.86484e+06;310373
439;0.106064;0.335143;0.999876;9.86484e+06;310373
440;0.106064;0.304679;0.909055;9.86484e+06;310373
441;0.106064;0.276983;0.826482;9.86484e+06;310373
442;0.106064;0.251806;0.751408;9.86484e+06;310373
443;0.106064;0.228916;0.683151;9.86484e+06;310373
444;0.106064;0.208108;0.621093;9.86484e+06;310373
445;0.106064;0.189191;0.564672;9.86484e+06;310373
446;0.106064;0.171993;0.513375;9.86484e+06;310373
447;0.106064;0.156359;0.466736;9.86484e+06;310373
