175;8.51323e+06;1.7647;0.8787;0.1176;0.0037
176;8.51322e+06;3.15493;0.932525;0.220935;0.00695119
177;8.51322e+06;4.51377;1.10619;0.3306;0.0104015
178;8.51322e+06;6.05557;1.38231;0.460688;0.0144944
179;8.51322e+06;7.94448;1.76509;0.623248;0.019609
180;8.51321e+06;10.3372;2.27314;0.830823;0.0261398
181;8.51321e+06;13.4089;2.93706;1.09814;0.0345505
182;8.51321e+06;17.3731;3.79966;1.44354;0.0454176
183;8.5132e+06;22.4991;4.91798;1.89038;0.0594763
184;8.51319e+06;29.1327;6.3666;2.46874;0.0776728
185;8.51318e+06;37.7196;8.24249;3.21745;0.101229
186;8.51316e+06;48.8363;10.6714;4.18676;0.131726
187;8.51315e+06;63.2287;13.8162;5.44172;0.171211
188;8.51312e+06;81.8624;17.8878;7.0665;0.22233
189;8.51309e+06;105.987;23.1593;9.1701;0.288515
190;8.51305e+06;137.222;29.9843;11.8936;0.374204
191;8.513e+06;177.66;38.8206;15.4198;0.485146
192;8.51293e+06;230.016;50.261;19.9851;0.628783
193;8.51284e+06;297.8;65.0728;25.8958;0.814748
194;8.51272e+06;385.559;84.2495;33.5483;1.05552
195;8.51257e+06;499.177;109.077;43.4561;1.36724
196;8.51238e+06;646.276;141.221;56.2836;1.77083
197;8.51213e+06;836.718;182.838;72.8912;2.29335
198;8.51181e+06;1083.27;236.717;94.3929;2.96985
199;8.51139e+06;1402.47;306.473;122.231;3.8457
200;8.51085e+06;1815.7;396.782;158.272;4.97965
201;8.51015e+06;2350.66;513.7;204.934;6.44774
202;8.50925e+06;3043.18;665.063;265.345;8.34843
203;8.50807e+06;3939.65;861.016;343.556;10.8092
204;8.50655e+06;5100.05;1114.69;444.812;13.9949
205;8.50459e+06;6602.01;1443.07;575.899;18.1193
206;8.50204e+06;8545.89;1868.15;745.604;23.4586
207;8.49875e+06;11061.5;2418.36;965.299;30.3708
208;8.49449e+06;14316.4;3130.5;1249.7;39.3187
209;8.48898e+06;18527.3;4052.14;1617.85;50.9016
210;8.48185e+06;23973.7;5244.75;2094.38;65.8945
211;8.47263e+06;31015.8;6787.77;2711.16;85.3001
212;8.46071e+06;40117.8;8783.75;3509.4;110.415
213;8.4453e+06;51876.3;11365;4542.37;142.915
214;8.42541e+06;67056.9;14702;5878.89;184.965
215;8.39973e+06;86638.9;19014.1;7607.84;239.362
216;8.36662e+06;111871;24583.2;9843.9;309.715
217;8.32398e+06;144338;31770.3;12734.9;400.672
218;8.26916e+06;186039;41036.9;16471.1;518.222
219;8.19882e+06;239474;52970.1;21297;670.059
220;8.10879e+06;307737;68313;27526.3;866.048
221;7.99395e+06;394600;88000;35559.9;1118.81
222;7.84811e+06;504571;113195;45908.7;1444.41
223;7.66393e+06;642885;145330;59220.4;1863.23
224;7.433e+06;815375;186139;76311.2;2400.95
225;7.14612e+06;1.02814e+06;237678;98201.2;3089.66
226;6.79392e+06;1.28688e+06;302306;126152;3969.07
227;6.36798e+06;1.59584e+06;382614;161703;5087.6
228;5.86263e+06;1.95614e+06;481265;206699;6503.27
229;5.27732e+06;2.36363e+06;600700;263295;8283.95
230;4.61956e+06;2.80654e+06;742689;333938;10506.5
231;3.90749e+06;3.26349e+06;907715;421278;13254.5
232;3.17112e+06;3.70321e+06;1.09426e+06;528025;16613
233;2.45041e+06;4.08729e+06;1.29815e+06;656710;20661.8
234;1.78942e+06;4.37675e+06;1.51222e+06;809372;25464.9
235;1.22682e+06;4.54151e+06;1.72663e+06;987209;31060.2
236;786118;4.56938e+06;1.93002e+06;1.19026e+06;37448.7
237;470226;4.46992e+06;2.11126e+06;1.41723e+06;44589.8
238;263353;4.27048e+06;2.26148e+06;1.66552e+06;52401.4
239;139134;4.00651e+06;2.37535e+06;1.93147e+06;60768.9
240;70134.2;3.71132e+06;2.45141e+06;2.21081e+06;69557.7
241;34202;3.40989e+06;2.49141e+06;2.49909e+06;78627.9
242;16374;3.11776e+06;2.49916e+06;2.79208e+06;87846.1
243;7803.04;2.84293e+06;2.47942e+06;3.08598e+06;97093
244;3746.36;2.58856e+06;2.43709e+06;3.37756e+06;106267
245;1829.85;2.35518e+06;2.37677e+06;3.66417e+06;115284
246;915.949;2.14201e+06;2.30255e+06;3.94367e+06;124078
247;472.307;1.94774e+06;2.21796e+06;4.21445e+06;132598
248;251.724;1.77091e+06;2.12597e+06;4.47529e+06;140804
249;138.926;1.61005e+06;2.02907e+06;4.7253e+06;148670
250;79.4551;1.46375e+06;1.9293e+06;4.96392e+06;156178
251;47.0855;1.33073e+06;1.82833e+06;5.1908e+06;163316
252;28.8915;1.20979e+06;1.72751e+06;5.40582e+06;170081
253;18.3347;1.09983e+06;1.62794e+06;5.60897e+06;176473
254;12.0167;999860;1.53044e+06;5.80042e+06;182496
255;8.12095;908976;1.43569e+06;5.9804e+06;188159
256;5.64952;826353;1.34416e+06;6.14923e+06;193471
257;4.03879;751239;1.25623e+06;6.30731e+06;198444
258;2.96198;682952;1.17214e+06;6.45504e+06;203092
259;2.22472;620873;1.09204e+06;6.59288e+06;207429
260;1.70854;564436;1.01601e+06;6.72131e+06;211470
261;1.33954;513129;944077;6.84079e+06;215229
262;1.0706;466486;876204;6.95181e+06;218722
263;0.871022;424083;812324;7.05486e+06;221964
264;0.720428;385534;752338;7.15038e+06;224970
265;0.605027;350489;696125;7.23886e+06;227753
266;0.515323;318629;643544;7.32072e+06;230329
267;0.444668;289666;594446;7.3964e+06;232710
268;0.388335;263335;548670;7.46631e+06;234909
269;0.342916;239398;506053;7.53084e+06;236940
270;0.305914;217637;466430;7.59035e+06;238812
271;0.275483;197854;429636;7.6452e+06;240538
272;0.250236;179869;395506;7.69572e+06;242127
273;0.22912;163519;363881;7.74224e+06;243591
274;0.211329;148655;334606;7.78503e+06;244937
275;0.196237;135142;307531;7.82438e+06;246175
276;0.183355;122858;282512;7.86054e+06;247313
277;0.172296;111690;259411;7.89377e+06;248358
278;0.162753;101537;238097;7.92427e+06;249318
279;0.154478;92307.7;218446;7.95227e+06;250199
280;0.147271;83917;200339;7.97796e+06;251007
281;0.140969;76288.9;183666;8.00152e+06;251749
282;0.135439;69354.3;168322;8.02312e+06;252428
283;0.130569;63050;154209;8.04292e+06;253051
284;0.126267;57318.7;141235;8.06105e+06;253622
285;0.122457;52108.5;129313;8.07766e+06;254144
286;0.119074;47371.8;118364;8.09287e+06;254623
287;0.116062;43065.7;108313;8.10679e+06;255061
288;0.113376;39151;99088.9;8.11953e+06;255461
289;0.110975;35592.2;90628.3;8.13118e+06;255828
290;0.108826;32356.9;82870.4;8.14184e+06;256163
291;0.106898;29415.6;75759.5;8.15158e+06;256470
292;0.105167;26741.8;69243.7;8.16049e+06;256750
293;0.103611;24310.9;63275.3;8.16863e+06;257006
294;0.10221;22101.1;57809.9;8.17608e+06;257240
295;0.100947;20092.1;52806.5;8.18287e+06;257454
296;0.0998071;18265.7;48227.5;8.18908e+06;257650
297;0.0987782;16605.4;44037.8;8.19476e+06;257828
298;0.0978484;15095.9;40205.5;8.19993e+06;257991
299;0.0970074;13723.7;36700.8;8.20466e+06;258140
300;0.0962463;12476.2;33496.4;8.20898e+06;258276
301;0.0955571;11342.1;30567.4;8.21292e+06;258400
302;0.0949327;10311.1;27890.6;8.21651e+06;258513
303;0.0943667;9373.86;25444.7;8.21979e+06;258616
304;0.0938534;8521.78;23210.4;8.22278e+06;258710
305;0.0933877;7747.15;21169.6;8.22551e+06;258796
306;0.092965;7042.94;19305.9;8.228e+06;258874
307;0.0925813;6402.73;17604.3;8.23027e+06;258946
308;0.0922329;5820.72;16050.9;8.23234e+06;259011
309;0.0919164;5291.62;14633.1;8.23423e+06;259070
310;0.0916288;4810.61;13339.1;8.23595e+06;259124
311;0.0913675;4373.33;12158.3;8.23752e+06;259174
312;0.09113;3975.79;11081.1;8.23895e+06;259219
313;0.0909141;3614.39;10098.3;8.24025e+06;259260
314;0.0907178;3285.85;9201.95;8.24144e+06;259297
315;0.0905393;2987.16;8384.44;8.24252e+06;259331
316;0.090377;2715.63;7638.94;8.24351e+06;259362
317;0.0902294;2468.78;6959.18;8.24441e+06;259390
318;0.0900952;2244.37;6339.45;8.24523e+06;259416
319;0.0899731;2040.35;5774.49;8.24597e+06;259440
320;0.089862;1854.89;5259.51;8.24665e+06;259461
321;0.0897609;1686.28;4790.14;8.24727e+06;259480
322;0.089669;1532.99;4362.38;8.24783e+06;259498
323;0.0895854;1393.65;3972.57;8.24835e+06;259514
324;0.0895093;1266.96;3617.38;8.24881e+06;259529
325;0.0894401;1151.8;3293.76;8.24924e+06;259542
326;0.0893771;1047.1;2998.92;8.24963e+06;259555
327;0.0893198;951.917;2730.34;8.24998e+06;259566
328;0.0892676;865.388;2485.68;8.2503e+06;259576
329;0.0892202;786.724;2262.83;8.25059e+06;259585
330;0.089177;715.211;2059.86;8.25086e+06;259593
331;0.0891377;650.198;1875.01;8.2511e+06;259601
332;0.089102;591.095;1706.68;8.25132e+06;259608
333;0.0890695;537.365;1553.39;8.25152e+06;259614
334;0.0890399;488.518;1413.81;8.2517e+06;259620
335;0.089013;444.112;1286.72;8.25187e+06;259625
336;0.0889885;403.742;1171.01;8.25202e+06;259630
337;0.0889662;367.042;1065.67;8.25216e+06;259634
338;0.088946;333.678;969.765;8.25229e+06;259638
339;0.0889275;303.347;882.464;8.2524e+06;259642
340;0.0889107;275.772;802.995;8.2525e+06;259645
341;0.0888955;250.705;730.659;8.2526e+06;259648
342;0.0888816;227.916;664.819;8.25268e+06;259651
343;0.088869;207.198;604.894;8.25276e+06;259653
344;0.0888575;188.364;550.355;8.25283e+06;259655
345;0.088847;171.242;500.719;8.2529e+06;259657
346;0.0888375;155.676;455.548;8.25296e+06;259659
347;0.0888288;141.525;414.441;8.25301e+06;259661
348;0.088821;128.66;377.034;8.25306e+06;259663
349;0.0888138;116.965;342.995;8.2531e+06;259664
350;0.0888073;106.333;312.022;8.25314e+06;259665
351;0.0888014;96.6673;283.839;8.25318e+06;259666
352;0.088796;87.8802;258.196;8.25321e+06;259667
353;0.0887911;79.8919;234.866;8.25324e+06;259668
354;0.0887866;72.6297;213.639;8.25327e+06;259669
355;0.0887826;66.0277;194.326;8.2533e+06;259670
356;0.0887789;60.0258;176.756;8.25332e+06;259671
357;0.0887755;54.5695;160.772;8.25334e+06;259671
358;0.0887725;49.6091;146.231;8.25336e+06;259672
359;0.0887697;45.0996;133.003;8.25338e+06;259673
360;0.0887672;41.0001;120.969;8.25339e+06;259673
361;0.0887649;37.2732;110.022;8.25341e+06;259673
362;0.0887628;33.885;100.065;8.25342e+06;259674
363;0.0887609;30.8049;91.007;8.25343e+06;259674
364;0.0887592;28.0047;82.768;8.25344e+06;259675
365;0.0887576;25.4591;75.2739;8.25345e+06;259675
366;0.0887562;23.1449;68.4574;8.25346e+06;259675
367;0.0887549;21.041;62.2574;8.25347e+06;259675
368;0.0887537;19.1284;56.6182;8.25348e+06;259676
369;0.0887526;17.3896;51.4892;8.25348e+06;259676
370;0.0887516;15.8089;46.8242;8.25349e+06;259676
371;0.0887507;14.3719;42.5815;8.25349e+06;259676
372;0.0887499;13.0655;38.7228;8.2535e+06;259676
373;0.0887492;11.8778;35.2133;8.2535e+06;259677
374;0.0887485;10.7981;32.0217;8.25351e+06;259677
375;0.0887479;9.81657;29.119;8.25351e+06;259677
376;0.0887474;8.92425;26.4792;8.25351e+06;259677
377;0.0887469;8.11303;24.0785;8.25352e+06;259677
378;0.0887464;7.37556;21.8952;8.25352e+06;259677
379;0.088746;6.70512;19.9098;8.25352e+06;259677
380;0.0887456;6.09563;18.1042;8.25353e+06;259677
381;0.0887453;5.54153;16.4623;8.25353e+06;259677
382;0.088745;5.03781;14.9691;8.25353e+06;259677
383;0.0887447;4.57987;13.6113;8.25353e+06;259677
384;0.0887444;4.16356;12.3766;8.25353e+06;259677
385;0.0887442;3.78509;11.2537;8.25353e+06;259678
386;0.088744;3.44103;10.2327;8.25354e+06;259678
387;0.0887438;3.12824;9.30429;8.25354e+06;259678
388;0.0887436;2.84388;8.46004;8.25354e+06;259678
389;0.0887434;2.58537;7.69235;8.25354e+06;259678
390;0.0887433;2.35036;6.99427;8.25354e+06;259678
391;0.0887432;2.13672;6.35952;8.25354e+06;259678
392;0.088743;1.94249;5.78234;8.25354e+06;259678
393;0.0887429;1.76592;5.25751;8.25354e+06;259678
394;0.0887428;1.6054;4.7803;8.25354e+06;259678
395;0.0887427;1.45946;4.34638;8.25354e+06;259678
396;0.0887427;1.3268;3.95183;8.25354e+06;259678
397;0.0887426;1.20619;3.59308;8.25354e+06;259678
398;0.0887425;1.09655;3.26688;8.25354e+06;259678
399;0.0887424;0.996874;2.97028;8.25355e+06;259678
400;0.0887424;0.906258;2.7006;8.25355e+06;259678
401;0.0887423;0.82388;2.4554;8.25355e+06;259678
402;0.0887423;0.748989;2.23245;8.25355e+06;259678
403;0.0887423;0.680906;2.02974;8.25355e+06;259678
404;0.0887422;0.619012;1.84542;8.25355e+06;259678
405;0.0887422;0.562743;1.67784;8.25355e+06;259678
406;0.0887421;0.51159;1.52547;8.25355e+06;259678
407;0.0887421;0.465087;1.38694;8.25355e+06;259678
408;0.0887421;0.42281;1.26098;8.25355e+06;259678
409;0.0887421;0.384377;1.14645;8.25355e+06;259678
410;0.088742;0.349437;1.04233;8.25355e+06;259678
411;0.088742;0.317673;0.947659;8.25355e+06;259678
412;0.088742;0.288797;0.861584;8.25355e+06;259678
413;0.088742;0.262545;0.783326;8.25355e+06;259678
414;0.088742;0.23868;0.712174;8.25355e+06;259678
415;0.088742;0.216984;0.647483;8.25355e+06;259678
416;0.088742;0.19726;0.588667;8.25355e+06;259678
417;0.0887419;0.179329;0.535193;8.25355e+06;259678
418;0.0887419;0.163028;0.486575;8.25355e+06;259678
