170;1.69063e+07;1.7647;0.8787;0.1176;0.0037
171;1.69063e+07;3.15493;0.932525;0.220935;0.00695119
172;1.69063e+07;4.51377;1.10619;0.3306;0.0104015
173;1.69063e+07;6.05557;1.38231;0.460688;0.0144944
174;1.69063e+07;7.94449;1.76509;0.623248;0.019609
175;1.69063e+07;10.3372;2.27314;0.830823;0.0261398
176;1.69063e+07;13.4089;2.93706;1.09814;0.0345505
177;1.69063e+07;17.3731;3.79966;1.44354;0.0454176
178;1.69063e+07;22.4991;4.91798;1.89038;0.0594763
179;1.69062e+07;29.1327;6.3666;2.46874;0.0776728
180;1.69062e+07;37.7197;8.24249;3.21745;0.101229
181;1.69062e+07;48.8364;10.6714;4.18677;0.131726
182;1.69062e+07;63.2289;13.8162;5.44172;0.171211
183;1.69062e+07;81.8627;17.8878;7.06651;0.222331
184;1.69061e+07;105.988;23.1593;9.17011;0.288515
185;1.69061e+07;137.222;29.9844;11.8936;0.374205
186;1.69061e+07;177.662;38.8208;15.4198;0.485147
187;1.6906e+07;230.018;50.2613;19.9851;0.628784
188;1.69059e+07;297.804;65.0733;25.8959;0.814751
189;1.69058e+07;385.566;84.2503;33.5485;1.05552
190;1.69056e+07;499.19;109.079;43.4563;1.36725
191;1.69054e+07;646.298;141.224;56.284;1.77084
192;1.69052e+07;836.754;182.842;72.8919;2.29337
193;1.69049e+07;1083.33;236.724;94.3941;2.96988
194;1.69044e+07;1402.57;306.485;122.233;3.84576
195;1.69039e+07;1815.87;396.802;158.275;4.97975
196;1.69032e+07;2350.95;513.732;204.939;6.44792
197;1.69023e+07;3043.66;665.118;265.354;8.34873
198;1.69011e+07;3940.45;861.108;343.572;10.8097
199;1.68996e+07;5101.4;1114.84;444.838;13.9958
200;1.68976e+07;6604.27;1443.33;575.944;18.1207
201;1.68951e+07;8549.68;1868.58;745.679;23.461
202;1.68918e+07;11067.8;2419.09;965.425;30.3748
203;1.68875e+07;14327.1;3131.72;1249.91;39.3254
204;1.6882e+07;18545.2;4054.17;1618.2;50.9127
205;1.68749e+07;24003.6;5248.16;2094.97;65.9132
206;1.68656e+07;31065.9;6793.48;2712.15;85.3314
207;1.68537e+07;40201.7;8793.32;3511.07;110.467
208;1.68382e+07;52016.7;11381;4545.16;143.003
209;1.68182e+07;67291.8;14728.8;5883.57;185.112
210;1.67923e+07;87031.7;19059;7615.68;239.609
211;1.67589e+07;112528;24658.4;9857.02;310.127
212;1.67158e+07;145435;31896.1;12756.8;401.363
213;1.66601e+07;187869;41247.1;16507.8;519.379
214;1.65884e+07;242523;53321.2;21358.5;671.993
215;1.64961e+07;312808;68898.7;27629.1;869.281
216;1.63774e+07;403015;88975.5;35731.5;1124.21
217;1.62253e+07;518495;114817;46195.1;1453.42
218;1.60309e+07;665836;148021;59697.5;1878.24
219;1.57831e+07;853025;190590;77104.7;2425.91
220;1.54691e+07;1.08952e+06;245012;99518.2;3131.1
221;1.50734e+07;1.38617e+06;314329;128332;4037.64
222;1.45787e+07;1.75485e+06;402204;165297;5200.66
223;1.39665e+07;2.20757e+06;512932;212596;6688.82
224;1.32184e+07;2.75497e+06;651382;272917;8586.67
225;1.23192e+07;3.40375e+06;822797;349519;10996.8
226;1.12605e+07;4.15307e+06;1.03239e+06;446280;14041.1
227;1.0046e+07;4.99002e+06;1.28468e+06;567689;17861
228;8.69748e+06;5.88499e+06;1.58244e+06;718768;22614.3
229;7.25893e+06;6.78859e+06;1.92543e+06;904862;28469.3
230;5.79758e+06;7.63286e+06;2.30896e+06;1.13129e+06;35593.4
231;4.39734e+06;8.33927e+06;2.72271e+06;1.40283e+06;44136.6
232;3.14435e+06;8.83422e+06;3.15049e+06;1.72302e+06;54210.6
233;2.107e+06;9.06854e+06;3.57136e+06;2.09352e+06;65867.4
234;1.31847e+06;9.03274e+06;3.96249e+06;2.51351e+06;79081.4
235;770577;8.75956e+06;4.30291e+06;2.9795e+06;93742.7
236;422548;8.31134e+06;4.57721e+06;3.48552e+06;109663
237;219347;7.75904e+06;4.7775e+06;4.0238e+06;126599
238;109138;7.16395e+06;4.90328e+06;4.58563e+06;144276
239;52799;6.56909e+06;4.95972e+06;5.16226e+06;162418
240;25199.7;5.99956e+06;4.95523e+06;5.74552e+06;180769
241;12024.7;5.46737e+06;4.89952e+06;6.32826e+06;199103
242;5801.78;4.97661e+06;4.8022e+06;6.90444e+06;217232
243;2855.73;4.52718e+06;4.67206e+06;7.46918e+06;235000
244;1443.43;4.11707e+06;4.51686e+06;8.01861e+06;252286
245;752.58;3.74352e+06;4.34321e+06;8.5498e+06;268999
246;405.882;3.40358e+06;4.15666e+06;9.06056e+06;285069
247;226.759;3.09438e+06;3.96185e+06;9.54938e+06;300448
248;131.288;2.81319e+06;3.76255e+06;1.00153e+07;315107
249;78.7465;2.55753e+06;3.56188e+06;1.04578e+07;329029
250;48.888;2.32508e+06;3.3623e+06;1.08766e+07;342207
251;31.3758;2.11375e+06;3.1658e+06;1.12721e+07;354648
252;20.7855;1.92162e+06;2.97393e+06;1.16444e+07;366361
253;14.1903;1.74695e+06;2.78787e+06;1.19941e+07;377365
254;9.96664;1.58816e+06;2.6085e+06;1.23219e+07;387680
255;7.18926;1.44379e+06;2.43645e+06;1.26287e+07;397332
256;5.31689;1.31256e+06;2.27215e+06;1.29152e+07;406346
257;4.02483;1.19325e+06;2.11585e+06;1.31824e+07;414753
258;3.11357;1.08478e+06;1.96766e+06;1.34313e+07;422582
259;2.45769;986175;1.82759e+06;1.36627e+07;429862
260;1.97662;896532;1.69555e+06;1.38776e+07;436624
261;1.61751;815037;1.57137e+06;1.4077e+07;442898
262;1.34507;740951;1.45485e+06;1.42618e+07;448712
263;1.13524;673599;1.34573e+06;1.44329e+07;454095
264;0.971372;612369;1.24372e+06;1.45911e+07;459074
265;0.841747;556704;1.14852e+06;1.47374e+07;463676
266;0.73799;506100;1.05981e+06;1.48724e+07;467926
267;0.654026;460096;977262;1.49971e+07;471847
268;0.585395;418273;900543;1.5112e+07;475463
269;0.528776;380252;829328;1.52179e+07;478795
270;0.481667;345687;763295;1.53154e+07;481863
271;0.442165;314264;702131;1.54052e+07;484687
272;0.408803;285698;645529;1.54878e+07;487285
273;0.38044;259728;593196;1.55637e+07;489674
274;0.356181;236119;544851;1.56334e+07;491869
275;0.335317;214655;500223;1.56975e+07;493885
276;0.317282;195143;459059;1.57563e+07;495735
277;0.30162;177405;421113;1.58103e+07;497434
278;0.28796;161279;386158;1.58599e+07;498992
279;0.276;146618;353978;1.59053e+07;500421
280;0.265491;133291;324368;1.59469e+07;501730
281;0.256227;121175;297138;1.5985e+07;502931
282;0.248036;110160;272110;1.602e+07;504030
283;0.240775;100146;249117;1.6052e+07;505037
284;0.234321;91043.1;228002;1.60813e+07;505959
285;0.228573;82767.3;208621;1.61081e+07;506802
286;0.223441;75243.8;190839;1.61326e+07;507574
287;0.218853;68404.1;174530;1.61551e+07;508280
288;0.214742;62186.2;159577;1.61756e+07;508926
289;0.211054;56533.5;145873;1.61944e+07;509516
290;0.207741;51394.6;133318;1.62115e+07;510056
291;0.20476;46722.8;121818;1.62272e+07;510549
292;0.202075;42475.7;111289;1.62415e+07;511000
293;0.199655;38614.7;101650;1.62546e+07;511412
294;0.19747;35104.6;92830.3;1.62666e+07;511788
295;0.195497;31913.6;84761;1.62775e+07;512131
296;0.193713;29012.6;77380.4;1.62874e+07;512445
297;0.1921;26375.4;70631.4;1.62965e+07;512731
298;0.190639;23977.9;64461.3;1.63048e+07;512993
299;0.189316;21798.3;58821.8;1.63124e+07;513231
300;0.188118;19816.8;53668.2;1.63193e+07;513449
301;0.187031;18015.5;48959.6;1.63257e+07;513647
302;0.186045;16377.9;44658.4;1.63314e+07;513829
303;0.185151;14889.1;40730.1;1.63367e+07;513994
304;0.184339;13535.7;37142.9;1.63415e+07;514145
305;0.183602;12305.3;33867.9;1.63458e+07;514282
306;0.182932;11186.8;30878.3;1.63498e+07;514407
307;0.182324;10169.9;28149.6;1.63534e+07;514522
308;0.181772;9245.44;25659.5;1.63568e+07;514626
309;0.181269;8405.03;23387.4;1.63598e+07;514721
310;0.180813;7641.01;21314.5;1.63625e+07;514807
311;0.180398;6946.44;19423.7;1.6365e+07;514886
312;0.180021;6315.01;17699;1.63673e+07;514958
313;0.179678;5740.98;16126.1;1.63694e+07;515023
314;0.179366;5219.12;14691.9;1.63713e+07;515083
315;0.179082;4744.71;13384.2;1.6373e+07;515137
316;0.178824;4313.41;12192;1.63746e+07;515187
317;0.178589;3921.32;11105.2;1.6376e+07;515232
318;0.178376;3564.88;10114.6;1.63773e+07;515273
319;0.178182;3240.83;9211.72;1.63785e+07;515311
320;0.178005;2946.24;8388.93;1.63796e+07;515345
321;0.177844;2678.42;7639.17;1.63806e+07;515376
322;0.177698;2434.96;6956;1.63815e+07;515404
323;0.177565;2213.62;6333.58;1.63823e+07;515430
324;0.177444;2012.4;5766.53;1.6383e+07;515453
325;0.177334;1829.47;5249.98;1.63837e+07;515474
326;0.177233;1663.17;4779.46;1.63843e+07;515494
327;0.177142;1511.99;4350.89;1.63849e+07;515512
328;0.177059;1374.55;3960.57;1.63854e+07;515528
329;0.176984;1249.61;3605.1;1.63859e+07;515542
330;0.176915;1136.02;3281.39;1.63863e+07;515556
331;0.176852;1032.75;2986.62;1.63867e+07;515568
332;0.176796;938.875;2718.22;1.6387e+07;515579
333;0.176744;853.532;2473.84;1.63874e+07;515589
334;0.176697;775.946;2251.35;1.63877e+07;515598
335;0.176654;705.412;2048.8;1.63879e+07;515606
336;0.176615;641.29;1864.4;1.63882e+07;515614
337;0.176579;582.997;1696.54;1.63884e+07;515621
338;0.176547;530.003;1543.75;1.63886e+07;515627
339;0.176518;481.825;1404.67;1.63888e+07;515633
340;0.176491;438.028;1278.08;1.63889e+07;515638
341;0.176467;398.211;1162.86;1.63891e+07;515643
342;0.176445;362.013;1058.01;1.63892e+07;515647
343;0.176425;329.106;962.577;1.63893e+07;515651
344;0.176406;299.191;875.732;1.63895e+07;515655
345;0.17639;271.994;796.702;1.63896e+07;515658
346;0.176375;247.27;724.787;1.63896e+07;515661
347;0.176361;224.793;659.347;1.63897e+07;515663
348;0.176348;204.36;599.802;1.63898e+07;515666
349;0.176337;185.783;545.622;1.63899e+07;515668
350;0.176327;168.896;496.326;1.63899e+07;515670
351;0.176317;153.543;451.474;1.639e+07;515672
352;0.176309;139.586;410.667;1.63901e+07;515674
353;0.176301;126.898;373.542;1.63901e+07;515675
354;0.176294;115.363;339.766;1.63902e+07;515676
355;0.176287;104.876;309.039;1.63902e+07;515678
356;0.176281;95.3429;281.086;1.63902e+07;515679
357;0.176276;86.6762;255.657;1.63903e+07;515680
358;0.176271;78.7974;232.524;1.63903e+07;515681
359;0.176267;71.6347;211.482;1.63903e+07;515682
360;0.176263;65.1231;192.341;1.63903e+07;515683
361;0.176259;59.2034;174.929;1.63904e+07;515683
362;0.176256;53.8218;159.092;1.63904e+07;515684
363;0.176253;48.9294;144.687;1.63904e+07;515684
364;0.17625;44.4817;131.584;1.63904e+07;515685
365;0.176248;40.4384;119.666;1.63904e+07;515685
366;0.176245;36.7625;108.826;1.63905e+07;515686
367;0.176243;33.4208;98.9675;1.63905e+07;515686
368;0.176241;30.3829;90.0007;1.63905e+07;515687
369;0.17624;27.6211;81.8454;1.63905e+07;515687
370;0.176238;25.1103;74.4283;1.63905e+07;515687
371;0.176237;22.8278;67.6827;1.63905e+07;515688
372;0.176235;20.7527;61.5478;1.63905e+07;515688
373;0.176234;18.8663;55.9685;1.63905e+07;515688
374;0.176233;17.1514;50.8945;1.63905e+07;515688
375;0.176232;15.5923;46.28;1.63905e+07;515688
376;0.176231;14.175;42.0836;1.63905e+07;515689
377;0.176231;12.8865;38.2674;1.63905e+07;515689
378;0.17623;11.7151;34.7969;1.63905e+07;515689
379;0.176229;10.6502;31.641;1.63906e+07;515689
380;0.176229;9.68208;28.771;1.63906e+07;515689
381;0.176228;8.80198;26.1612;1.63906e+07;515689
382;0.176228;8.00188;23.7879;1.63906e+07;515689
383;0.176227;7.27451;21.6298;1.63906e+07;515689
384;0.176227;6.61326;19.6674;1.63906e+07;515690
385;0.176226;6.01211;17.8829;1.63906e+07;515690
386;0.176226;5.46561;16.2602;1.63906e+07;515690
387;0.176226;4.96879;14.7846;1.63906e+07;515690
388;0.176225;4.51713;13.4429;1.63906e+07;515690
389;0.176225;4.10652;12.2229;1.63906e+07;515690
390;0.176225;3.73324;11.1136;1.63906e+07;515690
391;0.176225;3.39389;10.1048;1.63906e+07;515690
392;0.176224;3.08538;9.18762;1.63906e+07;515690
393;0.176224;2.80492;8.35362;1.63906e+07;515690
394;0.176224;2.54995;7.5953;1.63906e+07;515690
395;0.176224;2.31816;6.90578;1.63906e+07;515690
396;0.176224;2.10744;6.27883;1.63906e+07;515690
397;0.176224;1.91588;5.70877;1.63906e+07;515690
398;0.176224;1.74172;5.19045;1.63906e+07;515690
399;0.176224;1.5834;4.71917;1.63906e+07;515690
400;0.176223;1.43947;4.29067;1.63906e+07;515690
401;0.176223;1.30862;3.90106;1.63906e+07;515690
402;0.176223;1.18967;3.54681;1.63906e+07;515690
403;0.176223;1.08153;3.22473;1.63906e+07;515690
404;0.176223;0.983217;2.93188;1.63906e+07;515690
405;0.176223;0.893842;2.66561;1.63906e+07;515690
406;0.176223;0.812592;2.42353;1.63906e+07;515690
407;0.176223;0.738727;2.20342;1.63906e+07;515690
408;0.176223;0.671577;2.00329;1.63906e+07;515690
409;0.176223;0.610531;1.82134;1.63906e+07;515690
410;0.176223;0.555034;1.65591;1.63906e+07;515690
411;0.176223;0.504581;1.5055;1.63906e+07;515690
412;0.176223;0.458715;1.36875;1.63906e+07;515690
413;0.176223;0.417018;1.24442;1.63906e+07;515690
414;0.176223;0.379111;1.13138;1.63906e+07;515690
415;0.176223;0.34465;1.0286;1.63906e+07;515690
416;0.176223;0.313321;0.93516;1.63906e+07;515690
417;0.176223;0.28484;0.850206;1.63906e+07;515690
418;0.176223;0.258948;0.772968;1.63906e+07;515690
419;0.176223;0.23541;0.702746;1.63906e+07;515690
420;0.176223;0.214011;0.638901;1.63906e+07;515690
421;0.176223;0.194557;0.580856;1.63906e+07;515690
422;0.176223;0.176872;0.528084;1.63906e+07;515690
423;0.176223;0.160795;0.480105;1.63906e+07;515690
