251;9.10084e+06;1.7647;0.8787;0.1176;0.0037
252;9.10083e+06;3.15493;0.932525;0.220935;0.00695119
253;9.10083e+06;4.51377;1.10619;0.3306;0.0104015
254;9.10083e+06;6.05557;1.38231;0.460688;0.0144944
255;9.10083e+06;7.94448;1.76509;0.623248;0.019609
256;9.10082e+06;10.3372;2.27314;0.830823;0.0261398
257;9.10082e+06;13.4089;2.93706;1.09814;0.0345505
258;9.10082e+06;17.3731;3.79966;1.44354;0.0454176
259;9.10081e+06;22.4991;4.91798;1.89038;0.0594763
260;9.1008e+06;29.1327;6.3666;2.46874;0.0776728
261;9.10079e+06;37.7196;8.24249;3.21745;0.101229
262;9.10077e+06;48.8363;10.6714;4.18676;0.131726
263;9.10076e+06;63.2288;13.8162;5.44172;0.171211
264;9.10073e+06;81.8624;17.8878;7.0665;0.22233
265;9.1007e+06;105.987;23.1593;9.1701;0.288515
266;9.10066e+06;137.222;29.9843;11.8936;0.374204
267;9.10061e+06;177.66;38.8207;15.4198;0.485146
268;9.10054e+06;230.016;50.261;19.9851;0.628783
269;9.10045e+06;297.8;65.0728;25.8958;0.814749
270;9.10033e+06;385.56;84.2496;33.5484;1.05552
271;9.10018e+06;499.179;109.077;43.4561;1.36724
272;9.09999e+06;646.279;141.222;56.2836;1.77083
273;9.09974e+06;836.723;182.838;72.8913;2.29335
274;9.09942e+06;1083.28;236.718;94.3931;2.96985
275;9.099e+06;1402.48;306.474;122.231;3.84571
276;9.09846e+06;1815.72;396.785;158.273;4.97966
277;9.09776e+06;2350.7;513.704;204.934;6.44777
278;9.09686e+06;3043.25;665.07;265.346;8.34847
279;9.09568e+06;3939.75;861.028;343.558;10.8092
280;9.09416e+06;5100.22;1114.71;444.815;13.995
281;9.0922e+06;6602.3;1443.11;575.905;18.1195
282;9.08965e+06;8546.38;1868.21;745.614;23.4589
283;9.08636e+06;11062.3;2418.46;965.315;30.3713
284;9.0821e+06;14317.8;3130.66;1249.73;39.3196
285;9.07659e+06;18529.6;4052.4;1617.89;50.9031
286;9.06945e+06;23977.6;5245.19;2094.45;65.8969
287;9.06023e+06;31022.3;6788.51;2711.29;85.3041
288;9.0483e+06;40128.7;8784.99;3509.62;110.422
289;9.03289e+06;51894.6;11367.1;4542.73;142.926
290;9.01298e+06;67087.4;14705.5;5879.5;184.984
291;8.98728e+06;86689.8;19019.9;7608.86;239.394
292;8.95413e+06;111956;24592.9;9845.61;309.768
293;8.91143e+06;144480;31786.6;12737.7;400.762
294;8.8565e+06;186276;41064.2;16475.8;518.372
295;8.78598e+06;239868;53015.6;21305;670.31
296;8.69565e+06;308390;68388.7;27539.6;866.467
297;8.58033e+06;395681;88125.8;35582.1;1119.51
298;8.43369e+06;506352;113404;45945.7;1445.57
299;8.24821e+06;645807;145675;59282;1865.16
300;8.01517e+06;820139;186709;76413.4;2404.16
301;7.72492e+06;1.03584e+06;238611;98370.3;3094.98
302;7.36738e+06;1.29922e+06;303826;126431;3977.85
303;6.93315e+06;1.61535e+06;385071;162161;5102
304;6.41518e+06;1.98649e+06;485198;207445;6526.77
305;5.8112e+06;2.4099e+06;606915;264505;8322
306;5.12669e+06;2.87535e+06;752356;335878;10567.6
307;4.37791e+06;3.36276e+06;922464;424355;13351.3
308;3.59368e+06;3.84131e+06;1.11624e+06;532837;16764.4
309;2.81441e+06;4.27141e+06;1.33002e+06;664107;20894.5
310;2.08691e+06;4.61063e+06;1.55696e+06;820517;25815.6
311;1.45508e+06;4.82336e+06;1.78721e+06;1.00362e+06;31576.3
312;949067;4.89093e+06;2.00886e+06;1.21379e+06;38189
313;577821;4.81759e+06;2.20977e+06;1.45003e+06;45621.8
314;328986;4.62851e+06;2.37965e+06;1.7099e+06;53798
315;176281;4.36048e+06;2.51173e+06;1.98975e+06;62602.6
316;89831.2;4.05056e+06;2.60342e+06;2.28513e+06;71896
317;44121.9;3.72807e+06;2.65582e+06;2.59129e+06;81528.7
318;21194.8;3.41212e+06;2.67255e+06;2.90361e+06;91355.2
319;10099.8;3.11305e+06;2.65853e+06;3.21791e+06;101244
320;4834.78;2.83534e+06;2.61903e+06;3.53055e+06;111080
321;2349.13;2.58009e+06;2.55907e+06;3.83855e+06;120771
322;1167.78;2.34675e+06;2.48319e+06;4.1395e+06;130239
323;597.327;2.134e+06;2.3953e+06;4.43152e+06;139427
324;315.576;1.9403e+06;2.29873e+06;4.71321e+06;148290
325;172.583;1.76407e+06;2.19627e+06;4.98354e+06;156795
326;97.7975;1.60379e+06;2.09021e+06;5.24182e+06;164921
327;57.4284;1.45805e+06;1.98245e+06;5.48763e+06;172655
328;34.9256;1.32553e+06;1.87452e+06;5.72076e+06;179990
329;21.9748;1.20505e+06;1.76763e+06;5.94121e+06;186926
330;14.285;1.09552e+06;1.66276e+06;6.14908e+06;193466
331;9.57923;995944;1.56065e+06;6.34462e+06;199618
332;6.61538;905415;1.46187e+06;6.52815e+06;205393
333;4.69687;823115;1.36685e+06;6.70007e+06;210801
334;3.4225;748295;1.27587e+06;6.86081e+06;215859
335;2.55521;680276;1.18913e+06;7.01085e+06;220580
336;1.9514;618439;1.10672e+06;7.15069e+06;224979
337;1.52202;562224;1.02869e+06;7.28084e+06;229074
338;1.21059;511118;955020;7.40182e+06;232880
339;0.980519;464658;885637;7.51413e+06;236414
340;0.807645;422420;820446;7.61828e+06;239691
341;0.675683;384022;759324;7.71476e+06;242726
342;0.573472;349115;702126;7.80406e+06;245536
343;0.493231;317380;648692;7.88663e+06;248134
344;0.429452;288531;598856;7.96292e+06;250534
345;0.378172;262303;552442;8.03334e+06;252750
346;0.336504;238460;509274;8.09831e+06;254794
347;0.302317;216784;469175;8.1582e+06;256678
348;0.274016;197078;431970;8.21338e+06;258414
349;0.250393;179164;397486;8.26418e+06;260012
350;0.230527;162878;365557;8.31092e+06;261483
351;0.213703;148072;336021;8.35391e+06;262836
352;0.199365;134613;308721;8.39343e+06;264079
353;0.187074;122376;283510;8.42973e+06;265221
354;0.176481;111252;260244;8.46307e+06;266270
355;0.167307;101139;238789;8.49368e+06;267233
356;0.159326;91945.9;219018;8.52176e+06;268117
357;0.152354;83588;200809;8.54751e+06;268927
358;0.146241;75989.9;184049;8.57113e+06;269670
359;0.140863;69082.4;168631;8.59277e+06;270351
360;0.136116;62802.8;154456;8.6126e+06;270975
361;0.131914;57094.1;141429;8.63077e+06;271546
362;0.128185;51904.2;129464;8.6474e+06;272070
363;0.124868;47186.1;118478;8.66263e+06;272549
364;0.121911;42896.9;108396;8.67656e+06;272987
365;0.119269;38997.6;99146.5;8.68931e+06;273388
366;0.116905;35452.7;90664.9;8.70097e+06;273755
367;0.114786;32230.1;82889.9;8.71163e+06;274090
368;0.112884;29300.3;75765.1;8.72138e+06;274397
369;0.111174;26636.9;69238.2;8.73029e+06;274677
370;0.109635;24215.6;63260.9;8.73843e+06;274934
371;0.108248;22014.4;57788.6;8.74587e+06;275168
372;0.106998;20013.3;52779.9;8.75266e+06;275381
373;0.105868;18194.1;48196.9;8.75887e+06;275577
374;0.104848;16540.3;44004.5;8.76454e+06;275755
375;0.103926;15036.8;40170.3;8.76971e+06;275918
376;0.103091;13669.9;36664.4;8.77444e+06;276066
377;0.102335;12427.3;33459.6;8.77875e+06;276202
378;0.10165;11297.7;30530.6;8.78268e+06;276326
379;0.10103;10270.7;27854.2;8.78627e+06;276439
380;0.100467;9337.12;25409.1;8.78955e+06;276542
381;0.0999563;8488.38;23175.7;8.79254e+06;276636
382;0.099493;7716.78;21136.1;8.79526e+06;276722
383;0.0990725;7015.33;19273.8;8.79775e+06;276800
384;0.0986906;6377.64;17573.5;8.80002e+06;276871
385;0.0983437;5797.91;16021.6;8.80208e+06;276936
386;0.0980286;5270.88;14605.2;8.80397e+06;276996
387;0.0977423;4791.76;13312.7;8.80568e+06;277050
388;0.0974821;4356.19;12133.5;8.80725e+06;277099
389;0.0972455;3960.21;11057.6;8.80868e+06;277144
390;0.0970305;3600.23;10076.3;8.80998e+06;277185
391;0.0968349;3272.97;9181.34;8.81116e+06;277222
392;0.0966571;2975.45;8365.15;8.81224e+06;277256
393;0.0964954;2704.98;7620.93;8.81323e+06;277287
394;0.0963483;2459.1;6942.39;8.81412e+06;277315
395;0.0962146;2235.57;6323.81;8.81494e+06;277341
396;0.0960929;2032.36;5759.95;8.81568e+06;277364
397;0.0959822;1847.62;5246.01;8.81636e+06;277385
398;0.0958815;1679.67;4777.62;8.81698e+06;277405
399;0.0957898;1526.99;4350.77;8.81754e+06;277423
400;0.0957065;1388.18;3961.83;8.81805e+06;277439
401;0.0956307;1262;3607.44;8.81852e+06;277453
402;0.0955617;1147.28;3284.58;8.81894e+06;277467
403;0.0954989;1042.99;2990.44;8.81933e+06;277479
404;0.0954418;948.186;2722.51;8.81968e+06;277490
405;0.0953898;861.996;2478.46;8.82e+06;277500
406;0.0953425;783.64;2256.18;8.82029e+06;277509
407;0.0952995;712.407;2053.74;8.82055e+06;277517
408;0.0952604;647.65;1869.38;8.8208e+06;277525
409;0.0952247;588.778;1701.49;8.82102e+06;277532
410;0.0951923;535.258;1548.62;8.82122e+06;277538
411;0.0951628;486.603;1409.43;8.8214e+06;277544
412;0.095136;442.371;1282.7;8.82156e+06;277549
413;0.0951116;402.16;1167.32;8.82171e+06;277554
414;0.0950894;365.603;1062.28;8.82185e+06;277558
415;0.0950692;332.37;966.657;8.82198e+06;277562
416;0.0950508;302.158;879.614;8.82209e+06;277566
417;0.0950341;274.692;800.383;8.82219e+06;277569
418;0.0950189;249.722;728.266;8.82229e+06;277572
419;0.0950051;227.022;662.627;8.82237e+06;277575
420;0.0949925;206.386;602.887;8.82245e+06;277577
421;0.094981;187.626;548.517;8.82252e+06;277579
422;0.0949706;170.57;499.037;8.82259e+06;277581
423;0.0949611;155.066;454.009;8.82265e+06;277583
424;0.0949525;140.97;413.033;8.8227e+06;277585
425;0.0949446;128.156;375.746;8.82275e+06;277586
426;0.0949375;116.507;341.818;8.82279e+06;277588
427;0.094931;105.916;310.946;8.82283e+06;277589
428;0.0949251;96.2884;282.856;8.82287e+06;277590
429;0.0949197;87.5358;257.298;8.8229e+06;277591
430;0.0949149;79.5788;234.045;8.82293e+06;277592
431;0.0949104;72.3451;212.889;8.82296e+06;277593
432;0.0949064;65.7689;193.642;8.82298e+06;277594
433;0.0949027;59.7905;176.131;8.82301e+06;277595
434;0.0948994;54.3555;160.201;8.82303e+06;277595
435;0.0948963;49.4146;145.71;8.82305e+06;277596
436;0.0948935;44.9228;132.527;8.82306e+06;277596
437;0.094891;40.8394;120.535;8.82308e+06;277597
438;0.0948887;37.1271;109.626;8.82309e+06;277597
439;0.0948867;33.7522;99.7036;8.82311e+06;277598
440;0.0948848;30.6841;90.6776;8.82312e+06;277598
441;0.0948831;27.895;82.4676;8.82313e+06;277598
442;0.0948815;25.3593;75;8.82314e+06;277599
443;0.0948801;23.0541;68.2076;8.82315e+06;277599
444;0.0948788;20.9585;62.0297;8.82316e+06;277599
445;0.0948776;19.0534;56.4106;8.82316e+06;277600
446;0.0948765;17.3214;51.2999;8.82317e+06;277600
447;0.0948755;15.7469;46.6518;8.82318e+06;277600
448;0.0948747;14.3155;42.4243;8.82318e+06;277600
449;0.0948739;13.0143;38.5795;8.82319e+06;277600
450;0.0948731;11.8313;35.0828;8.82319e+06;277600
451;0.0948725;10.7558;31.9027;8.82319e+06;277601
452;0.0948719;9.77809;29.0106;8.8232e+06;277601
453;0.0948713;8.88927;26.3805;8.8232e+06;277601
454;0.0948708;8.08123;23.9886;8.8232e+06;277601
455;0.0948703;7.34665;21.8133;8.82321e+06;277601
456;0.0948699;6.67884;19.8352;8.82321e+06;277601
457;0.0948696;6.07173;18.0363;8.82321e+06;277601
458;0.0948692;5.51981;16.4004;8.82321e+06;277601
459;0.0948689;5.01806;14.9128;8.82322e+06;277601
460;0.0948686;4.56192;13.56;8.82322e+06;277601
461;0.0948684;4.14724;12.3299;8.82322e+06;277601
462;0.0948681;3.77026;11.2112;8.82322e+06;277601
463;0.0948679;3.42754;10.194;8.82322e+06;277601
464;0.0948677;3.11598;9.26905;8.82322e+06;277601
465;0.0948675;2.83274;8.42796;8.82323e+06;277601
466;0.0948674;2.57524;7.66314;8.82323e+06;277602
467;0.0948672;2.34115;6.96769;8.82323e+06;277602
468;0.0948671;2.12834;6.33532;8.82323e+06;277602
469;0.094867;1.93487;5.76031;8.82323e+06;277602
470;0.0948669;1.75899;5.23747;8.82323e+06;277602
471;0.0948668;1.5991;4.76206;8.82323e+06;277602
472;0.0948667;1.45374;4.32978;8.82323e+06;277602
473;0.0948666;1.3216;3.93672;8.82323e+06;277602
474;0.0948665;1.20147;3.57933;8.82323e+06;277602
475;0.0948665;1.09225;3.25437;8.82323e+06;277602
476;0.0948664;0.992967;2.9589;8.82323e+06;277602
477;0.0948663;0.902706;2.69025;8.82323e+06;277602
478;0.0948663;0.82065;2.44598;8.82323e+06;277602
479;0.0948663;0.746053;2.22388;8.82323e+06;277602
480;0.0948662;0.678237;2.02194;8.82323e+06;277602
481;0.0948662;0.616585;1.83833;8.82323e+06;277602
482;0.0948661;0.560538;1.67139;8.82323e+06;277602
483;0.0948661;0.509585;1.5196;8.82323e+06;277602
484;0.0948661;0.463264;1.38159;8.82323e+06;277602
485;0.094866;0.421153;1.25612;8.82323e+06;277602
486;0.094866;0.38287;1.14203;8.82323e+06;277602
487;0.094866;0.348067;1.03831;8.82323e+06;277602
488;0.094866;0.316428;0.943999;8.82323e+06;277602
489;0.094866;0.287665;0.858256;8.82323e+06;277602
490;0.0948659;0.261516;0.780298;8.82324e+06;277602
491;0.0948659;0.237744;0.70942;8.82324e+06;277602
492;0.0948659;0.216133;0.644978;8.82324e+06;277602
493;0.0948659;0.196487;0.586389;8.82324e+06;277602
494;0.0948659;0.178626;0.53312;8.82324e+06;277602
495;0.0948659;0.162389;0.48469;8.82324e+06;277602
