206;5.63183e+07;1.7647;0.8787;0.1176;0.0037
207;5.63183e+07;3.15493;0.932525;0.220935;0.00695119
208;5.63183e+07;4.51377;1.10619;0.3306;0.0104015
209;5.63183e+07;6.05557;1.38231;0.460688;0.0144944
210;5.63183e+07;7.94449;1.76509;0.623248;0.019609
211;5.63183e+07;10.3372;2.27314;0.830823;0.0261398
212;5.63183e+07;13.4089;2.93706;1.09814;0.0345505
213;5.63183e+07;17.3731;3.79967;1.44354;0.0454176
214;5.63183e+07;22.4991;4.91798;1.89038;0.0594763
215;5.63183e+07;29.1327;6.3666;2.46874;0.0776729
216;5.63183e+07;37.7197;8.2425;3.21745;0.101229
217;5.63183e+07;48.8365;10.6714;4.18677;0.131727
218;5.63183e+07;63.2291;13.8162;5.44172;0.171211
219;5.63182e+07;81.863;17.8878;7.06651;0.222331
220;5.63182e+07;105.988;23.1594;9.17012;0.288516
221;5.63182e+07;137.223;29.9845;11.8937;0.374205
222;5.63181e+07;177.663;38.8209;15.4198;0.485148
223;5.6318e+07;230.02;50.2615;19.9852;0.628785
224;5.6318e+07;297.808;65.0736;25.8959;0.814753
225;5.63178e+07;385.572;84.2509;33.5486;1.05553
226;5.63177e+07;499.199;109.08;43.4565;1.36725
227;5.63175e+07;646.313;141.226;56.2843;1.77085
228;5.63173e+07;836.78;182.845;72.8924;2.29338
229;5.63169e+07;1083.38;236.729;94.3949;2.96991
230;5.63165e+07;1402.64;306.493;122.234;3.84581
231;5.6316e+07;1815.99;396.815;158.278;4.97983
232;5.63153e+07;2351.15;513.755;204.943;6.44805
233;5.63144e+07;3044;665.156;265.361;8.34894
234;5.63132e+07;3941.02;861.173;343.583;10.81
235;5.63117e+07;5102.36;1114.95;444.857;13.9964
236;5.63097e+07;6605.88;1443.51;575.976;18.1217
237;5.63072e+07;8552.38;1868.89;745.733;23.4627
238;5.63039e+07;11072.3;2419.6;965.514;30.3776
239;5.62996e+07;14334.6;3132.58;1250.06;39.3301
240;5.62941e+07;18557.9;4055.62;1618.45;50.9206
241;5.62869e+07;24024.8;5250.58;2095.39;65.9264
242;5.62777e+07;31101.5;6797.54;2712.86;85.3536
243;5.62657e+07;40261.3;8800.12;3512.25;110.504
244;5.62501e+07;52116.7;11392.4;4547.14;143.065
245;5.62301e+07;67459.2;14747.9;5886.89;185.217
246;5.62041e+07;87312.1;19091;7621.25;239.784
247;5.61705e+07;112997;24712;9866.36;310.421
248;5.6127e+07;146221;31985.8;12772.5;401.855
249;5.60707e+07;189183;41397.4;16534;520.203
250;5.5998e+07;244720;53572.7;21402.4;673.373
251;5.5904e+07;316478;69319.3;27702.5;871.592
252;5.57825e+07;409140;89678.7;35854.5;1128.07
253;5.56258e+07;528702;115992;46400.7;1459.89
254;5.54236e+07;682822;149981;60041.3;1889.05
255;5.51631e+07;881228;193857;77679;2443.98
256;5.4828e+07;1.13622e+06;250445;100477;3161.25
257;5.43978e+07;1.46323e+06;323349;129929;4087.9
258;5.38466e+07;1.88141e+06;417134;167955;5284.29
259;5.31427e+07;2.41427e+06;537556;217010;6827.69
260;5.22474e+07;3.09005e+06;691808;280226;8816.65
261;5.11147e+07;3.94193e+06;888777;361583;11376.3
262;4.96909e+07;5.0074e+06;1.13929e+06;466103;14664.8
263;4.79165e+07;6.32661e+06;1.45627e+06;600084;18880.2
264;4.57293e+07;7.93874e+06;1.85471e+06;771341;24268.4
265;4.30705e+07;9.87586e+06;2.35137e+06;989455;31130.8
266;3.98954e+07;1.21533e+07;2.96386e+06;1.26598e+06;39830.9
267;3.61877e+07;1.47563e+07;3.70908e+06;1.61453e+06;50797.1
268;3.19781e+07;1.76245e+07;4.60051e+06;2.05071e+06;64520.7
269;2.7363e+07;2.06375e+07;5.64454e+06;2.59173e+06;81542.6
270;2.25164e+07;2.36082e+07;6.83581e+06;3.25553e+06;102427
271;1.76847e+07;2.62939e+07;8.15261e+06;4.05942e+06;127720
272;1.31567e+07;2.84317e+07;9.55382e+06;5.01817e+06;157885
273;9.20702e+06;2.9797e+07;1.09794e+07;6.1417e+06;193234
274;6.02861e+06;3.02669e+07;1.23561e+07;7.43287e+06;233857
275;3.68477e+06;2.98595e+07;1.36086e+07;8.88595e+06;279575
276;2.10568e+06;2.87243e+07;1.46721e+07;1.04863e+07;329927
277;1.13191e+06;2.7087e+07;1.55034e+07;1.22118e+07;384214
278;578264;2.51785e+07;1.60851e+07;1.4035e+07;441576
279;284507;2.31835e+07;1.64227e+07;1.59266e+07;501091
280;136787;2.12239e+07;1.6538e+07;1.78579e+07;561855
281;65188.8;1.93662e+07;1.64612e+07;1.98027e+07;623045
282;31188.3;1.76398e+07;1.62248e+07;2.17386e+07;683952
283;15137.4;1.60524e+07;1.58602e+07;2.36466e+07;743984
284;7513.87;1.46009e+07;1.53955e+07;2.55118e+07;802666
285;3836.7;1.32773e+07;1.48553e+07;2.73223e+07;859630
286;2023.11;1.20722e+07;1.42602e+07;2.90693e+07;914594
287;1104.19;1.09758e+07;1.36278e+07;3.07463e+07;967357
288;624.439;9.97857e+06;1.29725e+07;3.23489e+07;1.01778e+06
289;365.943;9.07177e+06;1.2306e+07;3.38745e+07;1.06578e+06
290;222.114;8.24729e+06;1.16379e+07;3.53216e+07;1.11131e+06
291;139.486;7.4977e+06;1.09759e+07;3.66903e+07;1.15437e+06
292;90.5099;6.8162e+06;1.0326e+07;3.7981e+07;1.19498e+06
293;60.5897;6.19664e+06;9.69309e+06;3.91954e+07;1.23319e+06
294;41.775;5.63339e+06;9.08059e+06;4.03353e+07;1.26905e+06
295;29.6145;5.12132e+06;8.49119e+06;4.14032e+07;1.30265e+06
296;21.5486;4.6558e+06;7.92674e+06;4.24017e+07;1.33407e+06
297;16.0665;4.2326e+06;7.38844e+06;4.33339e+07;1.3634e+06
298;12.2546;3.84786e+06;6.87696e+06;4.42028e+07;1.39073e+06
299;9.54707;3.49809e+06;6.39256e+06;4.50115e+07;1.41618e+06
300;7.5854;3.18011e+06;5.93512e+06;4.57633e+07;1.43983e+06
301;6.13771;2.89104e+06;5.50426e+06;4.64612e+07;1.46179e+06
302;5.05091;2.62825e+06;5.09939e+06;4.71085e+07;1.48216e+06
303;4.22204;2.38934e+06;4.71974e+06;4.77082e+07;1.50102e+06
304;3.58054;2.17215e+06;4.36443e+06;4.82633e+07;1.51849e+06
305;3.07731;1.9747e+06;4.03247e+06;4.87765e+07;1.53464e+06
306;2.67758;1.7952e+06;3.72283e+06;4.92508e+07;1.54956e+06
307;2.3564;1.63202e+06;3.43444e+06;4.96886e+07;1.56333e+06
308;2.09557;1.48367e+06;3.16619e+06;5.00924e+07;1.57604e+06
309;1.88169;1.3488e+06;2.917e+06;5.04648e+07;1.58775e+06
310;1.70471;1.2262e+06;2.68577e+06;5.08078e+07;1.59855e+06
311;1.55705;1.11474e+06;2.47145e+06;5.11237e+07;1.60848e+06
312;1.43293;1.01341e+06;2.27299e+06;5.14143e+07;1.61763e+06
313;1.32785;921289;2.0894e+06;5.16816e+07;1.62604e+06
314;1.23833;837544;1.9197e+06;5.19273e+07;1.63377e+06
315;1.16162;761411;1.76297e+06;5.21531e+07;1.64087e+06
316;1.09552;692199;1.61834e+06;5.23604e+07;1.64739e+06
317;1.0383;629278;1.48495e+06;5.25507e+07;1.65338e+06
318;0.988523;572077;1.36203e+06;5.27254e+07;1.65888e+06
319;0.945054;520075;1.24882e+06;5.28855e+07;1.66392e+06
320;0.906948;472800;1.14461e+06;5.30324e+07;1.66854e+06
321;0.873426;429823;1.04875e+06;5.3167e+07;1.67277e+06
322;0.843845;390752;960604;5.32903e+07;1.67665e+06
323;0.817666;355232;879602;5.34033e+07;1.68021e+06
324;0.794437;322942;805197;5.35067e+07;1.68346e+06
325;0.773776;293586;736882;5.36014e+07;1.68644e+06
326;0.755358;266899;674185;5.36881e+07;1.68917e+06
327;0.738907;242638;616668;5.37674e+07;1.69166e+06
328;0.724187;220583;563922;5.38399e+07;1.69394e+06
329;0.710994;200532;515569;5.39062e+07;1.69603e+06
330;0.699151;182303;471259;5.39668e+07;1.69794e+06
331;0.688506;165732;430666;5.40223e+07;1.69968e+06
332;0.678926;150667;393492;5.40729e+07;1.70127e+06
333;0.670294;136971;359457;5.41192e+07;1.70273e+06
334;0.662509;124521;328305;5.41615e+07;1.70406e+06
335;0.655481;113202;299801;5.42001e+07;1.70527e+06
336;0.649131;102912;273725;5.42353e+07;1.70638e+06
337;0.64339;93557;249877;5.42675e+07;1.7074e+06
338;0.638195;85052.7;228071;5.42969e+07;1.70832e+06
339;0.633491;77321.4;208137;5.43237e+07;1.70916e+06
340;0.62923;70292.9;189919;5.43482e+07;1.70993e+06
341;0.625368;63903.3;173271;5.43705e+07;1.71064e+06
342;0.621867;58094.5;158062;5.43909e+07;1.71128e+06
343;0.61869;52813.7;144170;5.44095e+07;1.71186e+06
344;0.615808;48012.9;131483;5.44265e+07;1.7124e+06
345;0.613191;43648.5;119899;5.44419e+07;1.71288e+06
346;0.610815;39680.9;109322;5.4456e+07;1.71333e+06
347;0.608657;36073.9;99668.7;5.44689e+07;1.71373e+06
348;0.606696;32794.8;90858;5.44806e+07;1.7141e+06
349;0.604915;29813.7;82817.9;5.44913e+07;1.71444e+06
350;0.603296;27103.7;75482.2;5.4501e+07;1.71474e+06
351;0.601824;24639.9;68789.9;5.45099e+07;1.71502e+06
352;0.600486;22400.2;62685.5;5.4518e+07;1.71528e+06
353;0.59927;20364;57117.9;5.45254e+07;1.71551e+06
354;0.598163;18512.9;52040.6;5.45321e+07;1.71572e+06
355;0.597157;16830.1;47410.9;5.45382e+07;1.71591e+06
356;0.596242;15300.2;43189.8;5.45438e+07;1.71609e+06
357;0.59541;13909.4;39341.7;5.45488e+07;1.71625e+06
358;0.594653;12645.1;35833.9;5.45535e+07;1.71639e+06
359;0.593964;11495.6;32636.7;5.45577e+07;1.71653e+06
360;0.593338;10450.7;29722.8;5.45615e+07;1.71665e+06
361;0.592768;9500.72;27067.4;5.4565e+07;1.71676e+06
362;0.592249;8637.11;24647.7;5.45682e+07;1.71686e+06
363;0.591778;7851.99;22443.1;5.45711e+07;1.71695e+06
364;0.591348;7138.25;20434.5;5.45737e+07;1.71703e+06
365;0.590958;6489.38;18604.6;5.45761e+07;1.71711e+06
366;0.590602;5899.5;16937.8;5.45783e+07;1.71718e+06
367;0.590279;5363.23;15419.5;5.45803e+07;1.71724e+06
368;0.589985;4875.72;14036.6;5.45821e+07;1.7173e+06
369;0.589717;4432.51;12777.2;5.45838e+07;1.71735e+06
370;0.589474;4029.6;11630.2;5.45853e+07;1.71739e+06
371;0.589252;3663.31;10585.8;5.45867e+07;1.71744e+06
372;0.589051;3330.31;9634.72;5.45879e+07;1.71748e+06
373;0.588867;3027.59;8768.75;5.4589e+07;1.71751e+06
374;0.5887;2752.38;7980.31;5.45901e+07;1.71754e+06
375;0.588548;2502.19;7262.49;5.4591e+07;1.71757e+06
376;0.58841;2274.74;6609;5.45919e+07;1.7176e+06
377;0.588285;2067.97;6014.1;5.45926e+07;1.71763e+06
378;0.58817;1879.99;5472.57;5.45933e+07;1.71765e+06
379;0.588066;1709.1;4979.64;5.4594e+07;1.71767e+06
380;0.587972;1553.74;4530.96;5.45946e+07;1.71769e+06
381;0.587885;1412.51;4122.59;5.45951e+07;1.7177e+06
382;0.587807;1284.11;3750.92;5.45956e+07;1.71772e+06
383;0.587736;1167.38;3412.66;5.4596e+07;1.71773e+06
384;0.587671;1061.27;3104.82;5.45964e+07;1.71775e+06
385;0.587612;964.799;2824.67;5.45968e+07;1.71776e+06
386;0.587558;877.099;2569.74;5.45971e+07;1.71777e+06
387;0.58751;797.371;2337.76;5.45974e+07;1.71778e+06
388;0.587465;724.89;2126.67;5.45977e+07;1.71779e+06
389;0.587425;658.998;1934.6;5.4598e+07;1.71779e+06
390;0.587388;599.095;1759.83;5.45982e+07;1.7178e+06
391;0.587355;544.637;1600.82;5.45984e+07;1.71781e+06
392;0.587324;495.13;1456.15;5.45986e+07;1.71781e+06
393;0.587297;450.122;1324.53;5.45988e+07;1.71782e+06
394;0.587272;409.206;1204.78;5.45989e+07;1.71782e+06
395;0.587249;372.009;1095.84;5.45991e+07;1.71783e+06
396;0.587228;338.194;996.726;5.45992e+07;1.71783e+06
397;0.587209;307.452;906.565;5.45993e+07;1.71784e+06
398;0.587192;279.505;824.546;5.45994e+07;1.71784e+06
399;0.587176;254.098;749.936;5.45995e+07;1.71784e+06
400;0.587162;231;682.066;5.45996e+07;1.71784e+06
401;0.587149;210.002;620.329;5.45997e+07;1.71785e+06
402;0.587137;190.913;564.173;5.45997e+07;1.71785e+06
403;0.587126;173.559;513.092;5.45998e+07;1.71785e+06
404;0.587117;157.783;466.631;5.45999e+07;1.71785e+06
405;0.587108;143.44;424.371;5.45999e+07;1.71785e+06
406;0.5871;130.401;385.933;5.46e+07;1.71786e+06
407;0.587093;118.548;350.973;5.46e+07;1.71786e+06
408;0.587086;107.772;319.176;5.46001e+07;1.71786e+06
409;0.58708;97.9755;290.257;5.46001e+07;1.71786e+06
410;0.587074;89.0695;263.954;5.46001e+07;1.71786e+06
411;0.587069;80.9731;240.033;5.46002e+07;1.71786e+06
412;0.587065;73.6127;218.278;5.46002e+07;1.71786e+06
413;0.587061;66.9213;198.492;5.46002e+07;1.71786e+06
414;0.587057;60.8381;180.498;5.46002e+07;1.71786e+06
415;0.587053;55.308;164.134;5.46003e+07;1.71787e+06
416;0.58705;50.2805;149.252;5.46003e+07;1.71787e+06
417;0.587047;45.71;135.718;5.46003e+07;1.71787e+06
418;0.587045;41.5549;123.411;5.46003e+07;1.71787e+06
419;0.587043;37.7776;112.218;5.46003e+07;1.71787e+06
420;0.58704;34.3436;102.04;5.46003e+07;1.71787e+06
421;0.587038;31.2218;92.7845;5.46004e+07;1.71787e+06
422;0.587037;28.3837;84.3678;5.46004e+07;1.71787e+06
423;0.587035;25.8036;76.714;5.46004e+07;1.71787e+06
424;0.587034;23.4581;69.7542;5.46004e+07;1.71787e+06
425;0.587032;21.3258;63.4253;5.46004e+07;1.71787e+06
426;0.587031;19.3872;57.6704;5.46004e+07;1.71787e+06
427;0.58703;17.6249;52.4372;5.46004e+07;1.71787e+06
428;0.587029;16.0228;47.6787;5.46004e+07;1.71787e+06
429;0.587028;14.5664;43.3518;5.46004e+07;1.71787e+06
430;0.587027;13.2423;39.4173;5.46004e+07;1.71787e+06
431;0.587027;12.0386;35.8397;5.46004e+07;1.71787e+06
432;0.587026;10.9443;32.5866;5.46004e+07;1.71787e+06
433;0.587025;9.94942;29.6287;5.46004e+07;1.71787e+06
434;0.587025;9.04502;26.9391;5.46004e+07;1.71787e+06
435;0.587024;8.22283;24.4936;5.46004e+07;1.71787e+06
436;0.587024;7.47537;22.27;5.46004e+07;1.71787e+06
437;0.587023;6.79586;20.2482;5.46005e+07;1.71787e+06
438;0.587023;6.17812;18.4098;5.46005e+07;1.71787e+06
439;0.587023;5.61653;16.7383;5.46005e+07;1.71787e+06
440;0.587022;5.10599;15.2185;5.46005e+07;1.71787e+06
441;0.587022;4.64185;13.8366;5.46005e+07;1.71787e+06
442;0.587022;4.21991;12.5802;5.46005e+07;1.71787e+06
443;0.587021;3.83632;11.4378;5.46005e+07;1.71787e+06
444;0.587021;3.4876;10.3991;5.46005e+07;1.71787e+06
445;0.587021;3.17058;9.45472;5.46005e+07;1.71787e+06
446;0.587021;2.88237;8.59606;5.46005e+07;1.71787e+06
447;0.587021;2.62036;7.81537;5.46005e+07;1.71787e+06
448;0.587021;2.38217;7.10556;5.46005e+07;1.71787e+06
449;0.58702;2.16563;6.46019;5.46005e+07;1.71787e+06
450;0.58702;1.96878;5.87343;5.46005e+07;1.71787e+06
451;0.58702;1.78982;5.33994;5.46005e+07;1.71787e+06
452;0.58702;1.62712;4.8549;5.46005e+07;1.71787e+06
453;0.58702;1.47922;4.41391;5.46005e+07;1.71787e+06
454;0.58702;1.34476;4.01296;5.46005e+07;1.71787e+06
455;0.58702;1.22252;3.64843;5.46005e+07;1.71787e+06
456;0.58702;1.11139;3.317;5.46005e+07;1.71787e+06
457;0.58702;1.01037;3.01567;5.46005e+07;1.71787e+06
458;0.58702;0.918523;2.74171;5.46005e+07;1.71787e+06
459;0.58702;0.835029;2.49264;5.46005e+07;1.71787e+06
460;0.58702;0.759125;2.26618;5.46005e+07;1.71787e+06
461;0.58702;0.690121;2.0603;5.46005e+07;1.71787e+06
462;0.587019;0.627389;1.87312;5.46005e+07;1.71787e+06
463;0.587019;0.570359;1.70294;5.46005e+07;1.71787e+06
464;0.587019;0.518514;1.54822;5.46005e+07;1.71787e+06
465;0.587019;0.471381;1.40755;5.46005e+07;1.71787e+06
466;0.587019;0.428532;1.27966;5.46005e+07;1.71787e+06
467;0.587019;0.389579;1.16339;5.46005e+07;1.71787e+06
468;0.587019;0.354166;1.05769;5.46005e+07;1.71787e+06
469;0.587019;0.321972;0.961584;5.46005e+07;1.71787e+06
470;0.587019;0.292705;0.874211;5.46005e+07;1.71787e+06
471;0.587019;0.266098;0.794776;5.46005e+07;1.71787e+06
472;0.587019;0.24191;0.722558;5.46005e+07;1.71787e+06
473;0.587019;0.21992;0.656901;5.46005e+07;1.71787e+06
474;0.587019;0.19993;0.59721;5.46005e+07;1.71787e+06
475;0.587019;0.181756;0.542942;5.46005e+07;1.71787e+06
476;0.587019;0.165234;0.493605;5.46005e+07;1.71787e+06
