216;6.94285e+07;1.7647;0.8787;0.1176;0.0037
217;6.94285e+07;3.15493;0.932525;0.220935;0.00695119
218;6.94285e+07;4.51377;1.10619;0.3306;0.0104015
219;6.94285e+07;6.05557;1.38231;0.460688;0.0144944
220;6.94285e+07;7.94449;1.76509;0.623248;0.019609
221;6.94285e+07;10.3372;2.27314;0.830823;0.0261398
222;6.94285e+07;13.4089;2.93706;1.09814;0.0345505
223;6.94285e+07;17.3731;3.79967;1.44354;0.0454176
224;6.94285e+07;22.4991;4.91798;1.89038;0.0594763
225;6.94285e+07;29.1327;6.3666;2.46874;0.0776729
226;6.94285e+07;37.7197;8.2425;3.21745;0.101229
227;6.94285e+07;48.8365;10.6714;4.18677;0.131727
228;6.94284e+07;63.2291;13.8162;5.44172;0.171211
229;6.94284e+07;81.863;17.8878;7.06651;0.222331
230;6.94284e+07;105.988;23.1594;9.17012;0.288516
231;6.94283e+07;137.223;29.9845;11.8937;0.374205
232;6.94283e+07;177.663;38.8209;15.4198;0.485148
233;6.94282e+07;230.021;50.2615;19.9852;0.628785
234;6.94281e+07;297.808;65.0737;25.8959;0.814753
235;6.9428e+07;385.572;84.251;33.5486;1.05553
236;6.94279e+07;499.2;109.08;43.4565;1.36725
237;6.94277e+07;646.314;141.226;56.2843;1.77085
238;6.94274e+07;836.782;182.845;72.8924;2.29338
239;6.94271e+07;1083.38;236.729;94.395;2.96991
240;6.94267e+07;1402.65;306.493;122.234;3.84581
241;6.94261e+07;1816;396.817;158.278;4.97984
242;6.94254e+07;2351.17;513.757;204.944;6.44806
243;6.94245e+07;3044.03;665.16;265.361;8.34896
244;6.94234e+07;3941.07;861.178;343.584;10.81
245;6.94218e+07;5102.44;1114.96;444.859;13.9964
246;6.94199e+07;6606.01;1443.53;575.978;18.1218
247;6.94173e+07;8552.6;1868.91;745.737;23.4628
248;6.9414e+07;11072.7;2419.65;965.521;30.3778
249;6.94098e+07;14335.3;3132.65;1250.07;39.3305
250;6.94042e+07;18558.9;4055.74;1618.47;50.9213
251;6.93971e+07;24026.5;5250.78;2095.43;65.9275
252;6.93878e+07;31104.4;6797.87;2712.92;85.3554
253;6.93758e+07;40266.2;8800.68;3512.35;110.507
254;6.93603e+07;52124.8;11393.3;4547.31;143.07
255;6.93402e+07;67472.8;14749.5;5887.16;185.225
256;6.93142e+07;87334.8;19093.6;7621.7;239.798
257;6.92806e+07;113035;24716.3;9867.11;310.445
258;6.92371e+07;146285;31993.1;12773.8;401.895
259;6.91808e+07;189290;41409.6;16536.1;520.27
260;6.9108e+07;244899;53593.1;21405.9;673.486
261;6.90138e+07;316778;69353.6;27708.5;871.78
262;6.88922e+07;409641;89736.1;35864.5;1128.39
263;6.8735e+07;529541;116088;46417.4;1460.41
264;6.85322e+07;684224;150141;60069.3;1889.94
265;6.82707e+07;883569;194125;77725.9;2445.46
266;6.79338e+07;1.14012e+06;250894;100555;3163.72
267;6.75005e+07;1.46973e+06;324098;130060;4092.03
268;6.69445e+07;1.89222e+06;418383;168174;5291.19
269;6.62325e+07;2.43217e+06;539636;217376;6839.21
270;6.5324e+07;3.11963e+06;695262;280837;8835.86
271;6.41694e+07;3.9906e+06;894502;362600;11408.3
272;6.27102e+07;5.08705e+06;1.14874e+06;467793;14718
273;6.08788e+07;6.45605e+06;1.47181e+06;602886;18968.3
274;5.86007e+07;8.14728e+06;1.88014e+06;775971;24414.1
275;5.57993e+07;1.02081e+07;2.39267e+06;997075;31370.6
276;5.24043e+07;1.26752e+07;3.03035e+06;1.27845e+06;40223.4
277;4.83656e+07;1.55618e+07;3.81495e+06;1.63482e+06;51435.7
278;4.36723e+07;1.88405e+07;4.76676e+06;2.08346e+06;65551
279;3.8376e+07;2.24242e+07;5.90115e+06;2.64403e+06;83188
280;3.2613e+07;2.61488e+07;7.2237e+06;3.33801e+06;105022
281;2.66159e+07;2.9769e+07;8.72439e+06;4.18751e+06;131750
282;2.07025e+07;3.29763e+07;1.03721e+07;5.2135e+06;164030
283;1.52317e+07;3.54496e+07;1.21115e+07;6.43326e+06;202407
284;1.0529e+07;3.69299e+07;1.38648e+07;7.85758e+06;247220
285;6.80524e+06;3.72968e+07;1.55399e+07;9.48808e+06;298519
286;4.10566e+06;3.66061e+07;1.70452e+07;1.13156e+07;356017
287;2.31773e+06;3.50665e+07;1.83051e+07;1.33201e+07;419084
288;1.23281e+06;3.29639e+07;1.92722e+07;1.54728e+07;486813
289;624651;3.05756e+07;1.99309e+07;1.77392e+07;558121
290;305642;2.81153e+07;2.02926e+07;2.00831e+07;631865
291;146547;2.57187e+07;2.03868e+07;2.24695e+07;706948
292;69828;2.34576e+07;2.02517e+07;2.4867e+07;782379
293;33474.5;2.13617e+07;1.99275e+07;2.72486e+07;857311
294;16307.4;1.94371e+07;1.94521e+07;2.9592e+07;931042
295;8135.08;1.76784e+07;1.88594e+07;3.18796e+07;1.00301e+06
296;4178.3;1.60754e+07;1.81787e+07;3.40975e+07;1.07279e+06
297;2217.39;1.46161e+07;1.74349e+07;3.62353e+07;1.14006e+06
298;1218.35;1.32885e+07;1.66486e+07;3.82856e+07;1.20456e+06
299;693.681;1.20811e+07;1.58371e+07;4.02435e+07;1.26616e+06
300;409.261;1.09832e+07;1.50142e+07;4.21059e+07;1.32476e+06
301;250.039;9.985e+06;1.41914e+07;4.38716e+07;1.38031e+06
302;158.018;9.07745e+06;1.33776e+07;4.55405e+07;1.43282e+06
303;103.156;8.25237e+06;1.258e+07;4.71137e+07;1.48232e+06
304;69.452;7.50226e+06;1.18042e+07;4.85931e+07;1.52887e+06
305;48.1449;6.82033e+06;1.10543e+07;4.99813e+07;1.57254e+06
306;34.304;6.20037e+06;1.03334e+07;5.12813e+07;1.61344e+06
307;25.0797;5.63677e+06;9.64356e+06;5.24965e+07;1.65168e+06
308;18.7825;5.12439e+06;8.98618e+06;5.36306e+07;1.68736e+06
309;14.3856;4.65859e+06;8.36196e+06;5.46874e+07;1.72061e+06
310;11.2504;4.23513e+06;7.77112e+06;5.56707e+07;1.75154e+06
311;8.97067;3.85016e+06;7.21346e+06;5.65846e+07;1.7803e+06
312;7.28263;3.50018e+06;6.68845e+06;5.74329e+07;1.80699e+06
313;6.01147;3.18201e+06;6.1953e+06;5.82195e+07;1.83173e+06
314;5.0392;2.89277e+06;5.73306e+06;5.8948e+07;1.85466e+06
315;4.28474;2.62982e+06;5.30059e+06;5.96222e+07;1.87587e+06
316;3.69143;2.39077e+06;4.89668e+06;6.02456e+07;1.89548e+06
317;3.2191;2.17345e+06;4.52003e+06;6.08214e+07;1.9136e+06
318;2.83878;1.97588e+06;4.16932e+06;6.1353e+07;1.93032e+06
319;2.52934;1.79627e+06;3.84319e+06;6.18433e+07;1.94575e+06
320;2.27514;1.63299e+06;3.54029e+06;6.22953e+07;1.95997e+06
321;2.06446;1.48455e+06;3.25929e+06;6.27116e+07;1.97307e+06
322;1.88843;1.34961e+06;2.99889e+06;6.30949e+07;1.98513e+06
323;1.74025;1.22693e+06;2.7578e+06;6.34476e+07;1.99622e+06
324;1.61466;1.1154e+06;2.53481e+06;6.37719e+07;2.00643e+06
325;1.50753;1.01401e+06;2.32873e+06;6.407e+07;2.01581e+06
326;1.41563;921838;2.13842e+06;6.43438e+07;2.02442e+06
327;1.33638;838043;1.96283e+06;6.45953e+07;2.03234e+06
328;1.26769;761865;1.80092e+06;6.48261e+07;2.0396e+06
329;1.20791;692611;1.65172e+06;6.50379e+07;2.04626e+06
330;1.15566;629653;1.51432e+06;6.52322e+07;2.05237e+06
331;1.10982;572418;1.38787e+06;6.54103e+07;2.05798e+06
332;1.06947;520385;1.27156e+06;6.55735e+07;2.06311e+06
333;1.03385;473082;1.16462e+06;6.5723e+07;2.06782e+06
334;1.00231;430079;1.06635e+06;6.586e+07;2.07212e+06
335;0.974305;390985;976099;6.59854e+07;2.07607e+06
336;0.949388;355444;893239;6.61002e+07;2.07968e+06
337;0.927167;323134;817199;6.62052e+07;2.08299e+06
338;0.907313;293761;747445;6.63013e+07;2.08601e+06
339;0.889542;267059;683483;6.63892e+07;2.08878e+06
340;0.873609;242783;624852;6.64696e+07;2.0913e+06
341;0.859304;220714;571127;6.65431e+07;2.09362e+06
342;0.846442;200651;521912;6.66102e+07;2.09573e+06
343;0.834863;182412;476843;6.66716e+07;2.09766e+06
344;0.82443;165831;435583;6.67277e+07;2.09943e+06
345;0.815017;150757;397821;6.67789e+07;2.10104e+06
346;0.806519;137053;363269;6.68257e+07;2.10251e+06
347;0.79884;124595;331663;6.68684e+07;2.10385e+06
348;0.791895;113269;302758;6.69074e+07;2.10508e+06
349;0.78561;102973;276329;6.6943e+07;2.1062e+06
350;0.77992;93612.8;252171;6.69755e+07;2.10722e+06
351;0.774765;85103.4;230092;6.70052e+07;2.10816e+06
352;0.770092;77367.5;209918;6.70322e+07;2.10901e+06
353;0.765854;70334.8;191487;6.70569e+07;2.10978e+06
354;0.76201;63941.3;174653;6.70794e+07;2.11049e+06
355;0.758521;58129.1;159280;6.71e+07;2.11114e+06
356;0.755354;52845.2;145243;6.71187e+07;2.11173e+06
357;0.752478;48041.5;132429;6.71358e+07;2.11227e+06
358;0.749865;43674.6;120732;6.71514e+07;2.11276e+06
359;0.747492;39704.5;110058;6.71656e+07;2.1132e+06
360;0.745335;36095.4;100317;6.71785e+07;2.11361e+06
361;0.743375;32814.3;91429.4;6.71903e+07;2.11398e+06
362;0.741593;29831.5;83321.8;6.72011e+07;2.11432e+06
363;0.739973;27119.8;75926.6;6.72109e+07;2.11463e+06
364;0.738501;24654.6;69181.9;6.72198e+07;2.11491e+06
365;0.737161;22413.5;63031.2;6.72279e+07;2.11516e+06
366;0.735943;20376.1;57422.9;6.72353e+07;2.1154e+06
367;0.734835;18524;52309.7;6.72421e+07;2.11561e+06
368;0.733827;16840.1;47648.4;6.72482e+07;2.1158e+06
369;0.732911;15309.4;43399.4;6.72538e+07;2.11598e+06
370;0.732077;13917.7;39526.7;6.72589e+07;2.11614e+06
371;0.731318;12652.6;35997.2;6.72636e+07;2.11629e+06
372;0.730628;11502.5;32780.9;6.72678e+07;2.11642e+06
373;0.73;10456.9;29850.1;6.72717e+07;2.11654e+06
374;0.729429;9506.39;27179.8;6.72752e+07;2.11665e+06
375;0.728909;8642.26;24747.1;6.72784e+07;2.11675e+06
376;0.728436;7856.68;22530.8;6.72813e+07;2.11684e+06
377;0.728006;7142.5;20512;6.72839e+07;2.11693e+06
378;0.727614;6493.25;18673.1;6.72864e+07;2.117e+06
379;0.727258;5903.01;16998.3;6.72886e+07;2.11707e+06
380;0.726934;5366.43;15473;6.72906e+07;2.11713e+06
381;0.726639;4878.62;14083.9;6.72924e+07;2.11719e+06
382;0.726371;4435.16;12819;6.7294e+07;2.11724e+06
383;0.726127;4032;11667.2;6.72955e+07;2.11729e+06
384;0.725905;3665.49;10618.5;6.72969e+07;2.11733e+06
385;0.725703;3332.3;9663.68;6.72982e+07;2.11737e+06
386;0.725519;3029.39;8794.38;6.72993e+07;2.11741e+06
387;0.725352;2754.02;8003;6.73003e+07;2.11744e+06
388;0.725199;2503.68;7282.57;6.73013e+07;2.11747e+06
389;0.725061;2276.1;6626.78;6.73021e+07;2.1175e+06
390;0.724935;2069.2;6029.85;6.73029e+07;2.11752e+06
391;0.72482;1881.11;5486.52;6.73036e+07;2.11755e+06
392;0.724716;1710.12;4992;6.73043e+07;2.11757e+06
393;0.724621;1554.67;4541.92;6.73048e+07;2.11758e+06
394;0.724535;1413.35;4132.3;6.73054e+07;2.1176e+06
395;0.724456;1284.87;3759.53;6.73059e+07;2.11762e+06
396;0.724385;1168.08;3420.29;6.73063e+07;2.11763e+06
397;0.72432;1061.9;3111.59;6.73067e+07;2.11764e+06
398;0.724261;965.375;2830.68;6.73071e+07;2.11765e+06
399;0.724207;877.622;2575.07;6.73074e+07;2.11767e+06
400;0.724158;797.846;2342.49;6.73077e+07;2.11767e+06
401;0.724114;725.322;2130.87;6.7308e+07;2.11768e+06
402;0.724073;659.39;1938.33;6.73082e+07;2.11769e+06
403;0.724037;599.452;1763.15;6.73085e+07;2.1177e+06
404;0.724003;544.962;1603.77;6.73087e+07;2.1177e+06
405;0.723973;495.425;1458.77;6.73089e+07;2.11771e+06
406;0.723945;450.391;1326.85;6.7309e+07;2.11772e+06
407;0.72392;409.45;1206.85;6.73092e+07;2.11772e+06
408;0.723897;372.231;1097.68;6.73093e+07;2.11773e+06
409;0.723876;338.395;998.363;6.73095e+07;2.11773e+06
410;0.723857;307.635;908.022;6.73096e+07;2.11773e+06
411;0.72384;279.671;825.843;6.73097e+07;2.11774e+06
412;0.723824;254.249;751.09;6.73098e+07;2.11774e+06
413;0.72381;231.138;683.094;6.73099e+07;2.11774e+06
414;0.723797;210.127;621.245;6.73099e+07;2.11774e+06
415;0.723785;191.027;564.989;6.731e+07;2.11775e+06
416;0.723774;173.663;513.82;6.73101e+07;2.11775e+06
417;0.723765;157.877;467.28;6.73101e+07;2.11775e+06
418;0.723756;143.526;424.949;6.73102e+07;2.11775e+06
419;0.723748;130.479;386.45;6.73103e+07;2.11775e+06
420;0.72374;118.619;351.434;6.73103e+07;2.11776e+06
421;0.723734;107.836;319.587;6.73103e+07;2.11776e+06
422;0.723728;98.0339;290.624;6.73104e+07;2.11776e+06
423;0.723722;89.1226;264.282;6.73104e+07;2.11776e+06
424;0.723717;81.0214;240.326;6.73104e+07;2.11776e+06
425;0.723713;73.6565;218.539;6.73105e+07;2.11776e+06
426;0.723709;66.9612;198.726;6.73105e+07;2.11776e+06
427;0.723705;60.8744;180.707;6.73105e+07;2.11776e+06
428;0.723701;55.3409;164.321;6.73105e+07;2.11776e+06
429;0.723698;50.3104;149.419;6.73106e+07;2.11776e+06
430;0.723695;45.7372;135.868;6.73106e+07;2.11776e+06
431;0.723693;41.5797;123.545;6.73106e+07;2.11777e+06
432;0.72369;37.8001;112.338;6.73106e+07;2.11777e+06
433;0.723688;34.3641;102.148;6.73106e+07;2.11777e+06
434;0.723686;31.2404;92.8809;6.73106e+07;2.11777e+06
435;0.723685;28.4006;84.4542;6.73106e+07;2.11777e+06
436;0.723683;25.819;76.7915;6.73107e+07;2.11777e+06
437;0.723682;23.4721;69.8237;6.73107e+07;2.11777e+06
438;0.72368;21.3385;63.4877;6.73107e+07;2.11777e+06
439;0.723679;19.3988;57.7263;6.73107e+07;2.11777e+06
440;0.723678;17.6355;52.4874;6.73107e+07;2.11777e+06
441;0.723677;16.0324;47.7238;6.73107e+07;2.11777e+06
442;0.723676;14.575;43.3922;6.73107e+07;2.11777e+06
443;0.723675;13.2502;39.4536;6.73107e+07;2.11777e+06
444;0.723674;12.0457;35.8723;6.73107e+07;2.11777e+06
445;0.723674;10.9508;32.616;6.73107e+07;2.11777e+06
446;0.723673;9.95535;29.6551;6.73107e+07;2.11777e+06
447;0.723673;9.05041;26.9629;6.73107e+07;2.11777e+06
448;0.723672;8.22773;24.515;6.73107e+07;2.11777e+06
449;0.723672;7.47983;22.2892;6.73107e+07;2.11777e+06
450;0.723671;6.79991;20.2654;6.73107e+07;2.11777e+06
451;0.723671;6.1818;18.4253;6.73107e+07;2.11777e+06
452;0.72367;5.61988;16.7523;6.73107e+07;2.11777e+06
453;0.72367;5.10903;15.2311;6.73107e+07;2.11777e+06
454;0.72367;4.64462;13.848;6.73107e+07;2.11777e+06
455;0.72367;4.22242;12.5904;6.73107e+07;2.11777e+06
456;0.723669;3.83861;11.447;6.73107e+07;2.11777e+06
457;0.723669;3.48968;10.4074;6.73107e+07;2.11777e+06
458;0.723669;3.17247;9.4622;6.73107e+07;2.11777e+06
459;0.723669;2.88409;8.60281;6.73107e+07;2.11777e+06
460;0.723669;2.62193;7.82145;6.73107e+07;2.11777e+06
461;0.723668;2.38359;7.11104;6.73107e+07;2.11777e+06
462;0.723668;2.16692;6.46514;6.73107e+07;2.11777e+06
463;0.723668;1.96995;5.87789;6.73107e+07;2.11777e+06
464;0.723668;1.79088;5.34397;6.73107e+07;2.11777e+06
465;0.723668;1.62809;4.85854;6.73107e+07;2.11777e+06
466;0.723668;1.4801;4.41719;6.73107e+07;2.11777e+06
467;0.723668;1.34556;4.01593;6.73107e+07;2.11777e+06
468;0.723668;1.22325;3.65111;6.73107e+07;2.11777e+06
469;0.723668;1.11205;3.31942;6.73107e+07;2.11777e+06
470;0.723668;1.01097;3.01786;6.73108e+07;2.11777e+06
471;0.723668;0.919071;2.74369;6.73108e+07;2.11777e+06
472;0.723667;0.835527;2.49443;6.73108e+07;2.11777e+06
473;0.723667;0.759578;2.2678;6.73108e+07;2.11777e+06
474;0.723667;0.690532;2.06176;6.73108e+07;2.11777e+06
475;0.723667;0.627763;1.87444;6.73108e+07;2.11777e+06
476;0.723667;0.570699;1.70413;6.73108e+07;2.11777e+06
477;0.723667;0.518823;1.5493;6.73108e+07;2.11777e+06
478;0.723667;0.471662;1.40853;6.73108e+07;2.11777e+06
479;0.723667;0.428788;1.28055;6.73108e+07;2.11777e+06
480;0.723667;0.389811;1.1642;6.73108e+07;2.11777e+06
481;0.723667;0.354377;1.05841;6.73108e+07;2.11777e+06
482;0.723667;0.322164;0.96224;6.73108e+07;2.11777e+06
483;0.723667;0.29288;0.874805;6.73108e+07;2.11777e+06
484;0.723667;0.266257;0.795314;6.73108e+07;2.11777e+06
485;0.723667;0.242054;0.723045;6.73108e+07;2.11777e+06
486;0.723667;0.220051;0.657342;6.73108e+07;2.11777e+06
487;0.723667;0.200049;0.597609;6.73108e+07;2.11777e+06
488;0.723667;0.181864;0.543304;6.73108e+07;2.11777e+06
489;0.723667;0.165333;0.493933;6.73108e+07;2.11777e+06
