96;1.26797e+06;1.7647;0.8787;0.1176;0.0037
97;1.26797e+06;3.15493;0.932525;0.220935;0.00695119
98;1.26797e+06;4.51377;1.10619;0.3306;0.0104015
99;1.26797e+06;6.05556;1.38231;0.460688;0.0144944
100;1.26796e+06;7.94446;1.76509;0.623248;0.019609
101;1.26796e+06;10.3371;2.27313;0.830823;0.0261398
102;1.26796e+06;13.4089;2.93705;1.09814;0.0345504
103;1.26795e+06;17.3729;3.79965;1.44354;0.0454175
104;1.26794e+06;22.4989;4.91795;1.89038;0.0594762
105;1.26793e+06;29.1322;6.36655;2.46873;0.0776726
106;1.26792e+06;37.7188;8.24241;3.21744;0.101229
107;1.26791e+06;48.835;10.6712;4.18674;0.131726
108;1.26789e+06;63.2265;13.8159;5.44168;0.171209
109;1.26787e+06;81.8586;17.8873;7.06644;0.222328
110;1.26783e+06;105.981;23.1586;9.16999;0.288512
111;1.26779e+06;137.211;29.9831;11.8934;0.374198
112;1.26774e+06;177.642;38.8186;15.4194;0.485136
113;1.26767e+06;229.985;50.2575;19.9845;0.628764
114;1.26758e+06;297.748;65.0669;25.8948;0.814717
115;1.26747e+06;385.471;84.2396;33.5467;1.05546
116;1.26732e+06;499.03;109.061;43.4532;1.36715
117;1.26713e+06;646.029;141.193;56.2788;1.77068
118;1.26688e+06;836.303;182.791;72.8831;2.29309
119;1.26656e+06;1082.58;236.638;94.3793;2.96942
120;1.26614e+06;1401.3;306.34;122.208;3.84498
121;1.2656e+06;1813.74;396.559;158.234;4.97844
122;1.2649e+06;2347.37;513.325;204.869;6.4457
123;1.264e+06;3037.66;664.435;265.236;8.34501
124;1.26283e+06;3930.4;859.962;343.373;10.8034
125;1.26132e+06;5084.55;1112.92;444.505;13.9853
126;1.25936e+06;6576.04;1440.11;575.385;18.1031
127;1.25684e+06;8502.41;1863.19;744.741;23.4315
128;1.25358e+06;10988.7;2410.05;963.852;30.3253
129;1.24938e+06;14194.6;3116.58;1247.27;39.2425
130;1.24396e+06;18323.6;4028.83;1613.78;50.7738
131;1.23698e+06;23633.3;5205.75;2087.58;65.6805
132;1.22802e+06;30447.5;6722.56;2699.77;84.9418
133;1.21653e+06;39170;8674.79;3490.35;109.815
134;1.20184e+06;50297.9;11183.1;4510.5;141.912
135;1.18313e+06;64433.2;14398.7;5825.63;183.289
136;1.15942e+06;82288.6;18509.1;7518.91;236.564
137;1.12955e+06;104681;23744;9695.58;305.048
138;1.09221e+06;132500;30379.3;12487.9;392.901
139;1.04602e+06;166649;38738.6;16060.5;505.304
140;989602;207918;49188;20616.1;648.637
141;921823;256798;62121.2;26400.6;830.632
142;842074;313203;77928;33706;1060.48
143;750671;376137;96945.5;42870.3;1348.81
144;649281;443336;119377;54271.1;1707.51
145;541264;511054;145196;68309.8;2149.2
146;431703;574160;174038;85384.8;2686.43
147;326916;626755;205118;105852;3330.37
148;233346;663354;237210;129974;4089.31
149;156062;680339;268735;157869;4966.98
150;97464.2;677094;297980;189473;5961.3
151;56854.2;656156;323383;224515;7063.83
152;31123.1;622242;343800;262545;8260.34
153;16133.8;580670;358659;302976;9532.4
154;8019.52;536001;367937;345154;10859.4
155;3877.51;491421;372028;388424;12220.8
156;1850.35;448778;371572;432174;13597.3
157;883.115;408951;367293;475871;14972.1
158;426.299;372234;359914;519064;16331.1
159;209.979;338614;350092;561390;17662.8
160;106.225;307938;338406;602561;18958.1
161;55.4374;279997;325349;642358;20210.2
162;29.929;254571;311336;680619;21414
163;16.7382;231444;296712;717232;22566
164;9.7011;210413;281759;752125;23663.8
165;5.82467;191290;266708;785260;24706.3
166;3.61969;173904;251744;816625;25693.1
167;2.32528;158097;237016;846230;26624.6
168;1.54181;143727;222637;874103;27501.5
169;1.0535;130663;208696;900285;28325.3
170;0.740522;118786;195258;924828;29097.5
171;0.534565;107988;182370;947790;29819.9
172;0.395621;98172.4;170065;969237;30494.7
173;0.299677;89248.6;158360;989236;31123.9
174;0.231969;81136;147263;1.00786e+06;31709.9
175;0.183208;73760.8;136776;1.02518e+06;32254.7
176;0.147424;67056;126890;1.04126e+06;32760.8
177;0.120699;60960.6;117593;1.05618e+06;33230.3
178;0.100414;55419.3;108871;1.07001e+06;33665.4
179;0.084785;50381.7;100702;1.08282e+06;34068.2
180;0.0725745;45802;93066.7;1.09466e+06;34440.8
181;0.0629121;41638.6;85941.1;1.1056e+06;34785.2
182;0.0551752;37853.7;79301.4;1.11571e+06;35103.1
183;0.0489125;34412.8;73123;1.12504e+06;35396.6
184;0.0437919;31284.7;67381.3;1.13364e+06;35667.1
185;0.0395665;28440.9;62051.8;1.14156e+06;35916.4
186;0.03605;25855.6;57110.2;1.14886e+06;36146
187;0.0331006;23505.4;52533;1.15557e+06;36357.3
188;0.0306092;21368.7;48297.4;1.16175e+06;36551.7
189;0.0284907;19426.3;44381.3;1.16743e+06;36730.4
190;0.0266785;17660.5;40763.7;1.17265e+06;36894.6
191;0.0251196;16055.1;37424.4;1.17744e+06;37045.4
192;0.0237719;14595.7;34344.2;1.18185e+06;37183.9
193;0.0226014;13269;31505;1.18588e+06;37311
194;0.0215804;12062.8;28889.6;1.18959e+06;37427.5
195;0.0206863;10966.3;26481.8;1.19299e+06;37534.4
196;0.0199007;9969.47;24266.4;1.1961e+06;37632.4
197;0.019208;9063.24;22229.1;1.19895e+06;37722.2
198;0.0185956;8239.4;20356.6;1.20157e+06;37804.5
199;0.0180526;7490.44;18636.3;1.20396e+06;37879.8
200;0.0175699;6809.56;17056.6;1.20615e+06;37948.7
201;0.01714;6190.57;15606.6;1.20816e+06;38011.8
202;0.0167562;5627.85;14276.2;1.21e+06;38069.6
203;0.016413;5116.27;13056.1;1.21167e+06;38122.4
204;0.0161055;4651.21;11937.5;1.21321e+06;38170.7
205;0.0158297;4228.41;10912.3;1.21461e+06;38214.9
206;0.0155818;3844.05;9972.96;1.2159e+06;38255.3
207;0.0153588;3494.63;9112.66;1.21707e+06;38292.2
208;0.015158;3176.96;8324.96;1.21814e+06;38325.9
209;0.0149769;2888.18;7603.93;1.21912e+06;38356.7
210;0.0148134;2625.64;6944.11;1.22001e+06;38384.8
211;0.0146658;2386.97;6340.46;1.22083e+06;38410.5
212;0.0145324;2170;5788.34;1.22158e+06;38434
213;0.0144116;1972.74;5283.46;1.22226e+06;38455.4
214;0.0143024;1793.42;4821.9;1.22288e+06;38474.9
215;0.0142034;1630.4;4400.03;1.22345e+06;38492.8
216;0.0141137;1482.2;4014.51;1.22396e+06;38509
217;0.0140324;1347.46;3662.28;1.22444e+06;38523.9
218;0.0139586;1224.98;3340.53;1.22487e+06;38537.5
219;0.0138917;1113.63;3046.67;1.22526e+06;38549.8
220;0.0138309;1012.4;2778.34;1.22562e+06;38561.1
221;0.0137758;920.374;2533.36;1.22594e+06;38571.4
222;0.0137257;836.712;2309.72;1.22624e+06;38580.7
223;0.0136802;760.655;2105.61;1.22651e+06;38589.3
224;0.0136388;691.511;1919.34;1.22676e+06;38597.1
225;0.0136012;628.653;1749.38;1.22699e+06;38604.2
226;0.0135671;571.508;1594.33;1.22719e+06;38610.6
227;0.013536;519.558;1452.89;1.22738e+06;38616.5
228;0.0135078;472.33;1323.88;1.22755e+06;38621.9
229;0.0134821;429.396;1206.23;1.22771e+06;38626.8
230;0.0134588;390.364;1098.94;1.22785e+06;38631.3
231;0.0134376;354.88;1001.13;1.22798e+06;38635.4
232;0.0134183;322.621;911.948;1.2281e+06;38639.1
233;0.0134007;293.295;830.655;1.2282e+06;38642.4
234;0.0133847;266.634;756.557;1.2283e+06;38645.5
235;0.0133702;242.397;689.024;1.22839e+06;38648.3
236;0.013357;220.363;627.479;1.22847e+06;38650.9
237;0.0133449;200.332;571.397;1.22854e+06;38653.2
238;0.013334;182.122;520.297;1.22861e+06;38655.3
239;0.013324;165.567;473.74;1.22867e+06;38657.2
240;0.013315;150.517;431.325;1.22873e+06;38659
241;0.0133067;136.835;392.687;1.22878e+06;38660.6
242;0.0132992;124.397;357.493;1.22883e+06;38662
243;0.0132924;113.089;325.437;1.22887e+06;38663.3
244;0.0132862;102.809;296.241;1.22891e+06;38664.5
245;0.0132805;93.464;269.652;1.22894e+06;38665.6
246;0.0132754;84.9682;245.439;1.22897e+06;38666.6
247;0.0132707;77.2446;223.391;1.229e+06;38667.5
248;0.0132665;70.223;203.315;1.22903e+06;38668.4
249;0.0132626;63.8398;185.036;1.22905e+06;38669.1
250;0.0132591;58.0367;168.395;1.22907e+06;38669.8
251;0.0132559;52.7612;153.244;1.22909e+06;38670.4
252;0.0132529;47.9652;139.451;1.22911e+06;38671
253;0.0132503;43.6052;126.896;1.22913e+06;38671.5
254;0.0132479;39.6415;115.467;1.22914e+06;38672
255;0.0132457;36.0381;105.064;1.22916e+06;38672.4
256;0.0132437;32.7622;95.596;1.22917e+06;38672.8
257;0.0132419;29.7841;86.9783;1.22918e+06;38673.2
258;0.0132402;27.0767;79.1352;1.22919e+06;38673.5
259;0.0132387;24.6155;71.9974;1.2292e+06;38673.8
260;0.0132373;22.3779;65.5016;1.22921e+06;38674
261;0.0132361;20.3438;59.5904;1.22921e+06;38674.3
262;0.013235;18.4945;54.2114;1.22922e+06;38674.5
263;0.0132339;16.8134;49.3167;1.22923e+06;38674.7
264;0.013233;15.285;44.8629;1.22923e+06;38674.9
265;0.0132321;13.8956;40.8104;1.22924e+06;38675
266;0.0132314;12.6325;37.1232;1.22924e+06;38675.2
267;0.0132307;11.4842;33.7685;1.22925e+06;38675.3
268;0.01323;10.4403;30.7163;1.22925e+06;38675.5
269;0.0132294;9.49128;27.9394;1.22926e+06;38675.6
270;0.0132289;8.62853;25.4131;1.22926e+06;38675.7
271;0.0132284;7.84419;23.1149;1.22926e+06;38675.8
272;0.013228;7.13116;21.0241;1.22926e+06;38675.9
273;0.0132276;6.48294;19.1221;1.22927e+06;38675.9
274;0.0132272;5.89364;17.3919;1.22927e+06;38676
275;0.0132269;5.35791;15.818;1.22927e+06;38676.1
276;0.0132266;4.87087;14.3863;1.22927e+06;38676.1
277;0.0132263;4.42811;13.084;1.22928e+06;38676.2
278;0.0132261;4.0256;11.8994;1.22928e+06;38676.2
279;0.0132259;3.65967;10.8219;1.22928e+06;38676.3
280;0.0132256;3.32701;9.8419;1.22928e+06;38676.3
281;0.0132255;3.02458;8.9505;1.22928e+06;38676.3
282;0.0132253;2.74965;8.13974;1.22928e+06;38676.4
283;0.0132251;2.4997;7.40233;1.22928e+06;38676.4
284;0.013225;2.27248;6.73165;1.22928e+06;38676.4
285;0.0132249;2.06591;6.12167;1.22928e+06;38676.5
286;0.0132248;1.87812;5.5669;1.22929e+06;38676.5
287;0.0132246;1.7074;5.06236;1.22929e+06;38676.5
288;0.0132245;1.5522;4.6035;1.22929e+06;38676.5
289;0.0132245;1.4111;4.18619;1.22929e+06;38676.5
290;0.0132244;1.28283;3.80667;1.22929e+06;38676.6
291;0.0132243;1.16622;3.46153;1.22929e+06;38676.6
292;0.0132242;1.06021;3.14766;1.22929e+06;38676.6
293;0.0132242;0.963841;2.86222;1.22929e+06;38676.6
294;0.0132241;0.876228;2.60265;1.22929e+06;38676.6
295;0.0132241;0.796579;2.3666;1.22929e+06;38676.6
296;0.013224;0.72417;2.15194;1.22929e+06;38676.6
297;0.013224;0.658343;1.95673;1.22929e+06;38676.6
298;0.013224;0.5985;1.77923;1.22929e+06;38676.6
299;0.0132239;0.544096;1.61781;1.22929e+06;38676.6
300;0.0132239;0.494638;1.47103;1.22929e+06;38676.7
301;0.0132239;0.449675;1.33755;1.22929e+06;38676.7
302;0.0132238;0.4088;1.21618;1.22929e+06;38676.7
303;0.0132238;0.37164;1.10582;1.22929e+06;38676.7
304;0.0132238;0.337858;1.00547;1.22929e+06;38676.7
305;0.0132238;0.307147;0.914215;1.22929e+06;38676.7
306;0.0132238;0.279227;0.83124;1.22929e+06;38676.7
307;0.0132237;0.253845;0.755793;1.22929e+06;38676.7
308;0.0132237;0.230771;0.687189;1.22929e+06;38676.7
309;0.0132237;0.209794;0.62481;1.22929e+06;38676.7
310;0.0132237;0.190723;0.568091;1.22929e+06;38676.7
311;0.0132237;0.173387;0.516518;1.22929e+06;38676.7
312;0.0132237;0.157626;0.469626;1.22929e+06;38676.7
