117;7.88909e+06;1.7647;0.8787;0.1176;0.0037
118;7.88909e+06;3.15493;0.932525;0.220935;0.00695119
119;7.88909e+06;4.51377;1.10619;0.3306;0.0104015
120;7.88909e+06;6.05557;1.38231;0.460688;0.0144944
121;7.88908e+06;7.94448;1.76509;0.623248;0.019609
122;7.88908e+06;10.3372;2.27314;0.830823;0.0261398
123;7.88908e+06;13.4089;2.93706;1.09814;0.0345505
124;7.88907e+06;17.3731;3.79966;1.44354;0.0454176
125;7.88907e+06;22.4991;4.91798;1.89038;0.0594763
126;7.88906e+06;29.1327;6.36659;2.46874;0.0776728
127;7.88905e+06;37.7196;8.24249;3.21745;0.101229
128;7.88903e+06;48.8363;10.6714;4.18676;0.131726
129;7.88901e+06;63.2287;13.8162;5.44172;0.171211
130;7.88899e+06;81.8624;17.8878;7.0665;0.22233
131;7.88896e+06;105.987;23.1593;9.1701;0.288515
132;7.88892e+06;137.221;29.9843;11.8936;0.374204
133;7.88886e+06;177.66;38.8206;15.4198;0.485146
134;7.88879e+06;230.015;50.261;19.9851;0.628782
135;7.88871e+06;297.799;65.0727;25.8958;0.814748
136;7.88859e+06;385.557;84.2493;33.5483;1.05552
137;7.88844e+06;499.175;109.077;43.456;1.36724
138;7.88825e+06;646.273;141.221;56.2835;1.77082
139;7.888e+06;836.713;182.837;72.8911;2.29334
140;7.88768e+06;1083.26;236.716;94.3927;2.96984
141;7.88726e+06;1402.45;306.471;122.231;3.84569
142;7.88672e+06;1815.67;396.779;158.272;4.97963
143;7.88602e+06;2350.61;513.695;204.933;6.44772
144;7.88511e+06;3043.11;665.054;265.343;8.34839
145;7.88394e+06;3939.52;861.002;343.554;10.8091
146;7.88242e+06;5099.83;1114.66;444.807;13.9948
147;7.88046e+06;6601.65;1443.03;575.892;18.1191
148;7.87791e+06;8545.29;1868.08;745.592;23.4583
149;7.87462e+06;11060.5;2418.25;965.279;30.3702
150;7.87036e+06;14314.7;3130.31;1249.66;39.3177
151;7.86485e+06;18524.5;4051.81;1617.79;50.8998
152;7.85772e+06;23968.9;5244.2;2094.28;65.8915
153;7.8485e+06;31007.8;6786.86;2711;85.2951
154;7.83659e+06;40104.5;8782.22;3509.14;110.406
155;7.82119e+06;51854;11362.4;4541.92;142.901
156;7.80131e+06;67019.5;14697.7;5878.15;184.942
157;7.77567e+06;86576.5;19006.9;7606.6;239.323
158;7.74261e+06;111767;24571.2;9841.81;309.649
159;7.70005e+06;144165;31750.3;12731.4;400.562
160;7.64536e+06;185750;41003.6;16465.2;518.039
161;7.57523e+06;238993;52914.5;21287.2;669.752
162;7.48556e+06;306939;68220.5;27510;865.536
163;7.37132e+06;393282;87846.1;35532.7;1117.95
164;7.22645e+06;502400;112940;45863.4;1442.98
165;7.04385e+06;639329;144908;59145.1;1860.86
166;6.81548e+06;809589;185446;76186.3;2397.02
167;6.53267e+06;1.0188e+06;236543;97994.8;3083.17
168;6.18688e+06;1.27198e+06;300460;125812;3958.38
169;5.77086e+06;1.57239e+06;379637;161146;5070.08
170;5.28048e+06;1.91983e+06;476517;205792;6474.74
171;4.71716e+06;2.30864e+06;593228;261830;8237.85
172;4.09055e+06;2.72539e+06;731125;331594;10432.8
173;3.42068e+06;3.14753e+06;890178;417574;13138
174;2.73841e+06;3.54368e+06;1.06831e+06;522259;16431.6
175;2.08265e+06;3.87732e+06;1.26084e+06;647892;20384.4
176;1.49375e+06;4.11378e+06;1.46035e+06;796167;25049.5
177;1.00424e+06;4.22934e+06;1.65715e+06;967904;30452.8
178;630542;4.21859e+06;1.84059e+06;1.16279e+06;36584.2
179;369728;4.09594e+06;2.00079e+06;1.37924e+06;43394.4
180;203339;3.89001e+06;2.13042e+06;1.61453e+06;50797.4
181;105810;3.63393e+06;2.2256e+06;1.86507e+06;58679.9
182;52738.9;3.35668e+06;2.28596e+06;2.1268e+06;66914.6
183;25540.6;3.07876e+06;2.3138e+06;2.39563e+06;75372.7
184;12194.1;2.81224e+06;2.31299e+06;2.66773e+06;83933.7
185;5817.18;2.56299e+06;2.28806e+06;2.93974e+06;92491.8
186;2804.56;2.33303e+06;2.24349e+06;3.20881e+06;100958
187;1378.87;2.12238e+06;2.18343e+06;3.47265e+06;109259
188;695.964;1.93014e+06;2.1115e+06;3.72942e+06;117337
189;362.285;1.75502e+06;2.03083e+06;3.97773e+06;125150
190;195.057;1.59566e+06;1.94402e+06;4.21656e+06;132664
191;108.785;1.4507e+06;1.85325e+06;4.44518e+06;139857
192;62.8741;1.31888e+06;1.76032e+06;4.66312e+06;146714
193;37.6475;1.19902e+06;1.66668e+06;4.87013e+06;153227
194;23.3339;1.09004e+06;1.5735e+06;5.06613e+06;159394
195;14.9516;990963;1.48172e+06;5.25118e+06;165216
196;9.89;900889;1.39207e+06;5.42543e+06;170698
197;6.74226;819002;1.3051e+06;5.58914e+06;175849
198;4.72908;744556;1.22124e+06;5.74262e+06;180678
199;3.40693;676878;1.14078e+06;5.88623e+06;185196
200;2.51665;615350;1.06393e+06;6.02039e+06;189417
201;1.90298;559416;990815;6.14551e+06;193354
202;1.47062;508565;921480;6.26203e+06;197020
203;1.15973;462337;855933;6.37039e+06;200429
204;0.931897;420311;794135;6.47105e+06;203596
205;0.761972;382105;736012;6.56444e+06;206534
206;0.633151;347371;681467;6.651e+06;209258
207;0.534006;315795;630381;6.73114e+06;211779
208;0.456629;287090;582622;6.80527e+06;214111
209;0.395459;260993;538046;6.87379e+06;216267
210;0.346522;237269;496506;6.93706e+06;218258
211;0.306942;215701;457847;6.99545e+06;220095
212;0.274604;196094;421918;7.04929e+06;221789
213;0.247938;178269;388564;7.09891e+06;223350
214;0.22576;162065;357636;7.14461e+06;224788
215;0.20717;147333;328986;7.18666e+06;226111
216;0.191474;133940;302473;7.22535e+06;227328
217;0.178135;121765;277958;7.26092e+06;228447
218;0.166729;110697;255310;7.29361e+06;229476
219;0.156922;100634;234403;7.32364e+06;230421
220;0.148447;91486.8;215118;7.3512e+06;231288
221;0.141088;83170.6;197340;7.3765e+06;232084
222;0.134671;75610.4;180963;7.39971e+06;232814
223;0.129054;68737.5;165885;7.42099e+06;233483
224;0.124119;62489.2;152012;7.4405e+06;234097
225;0.11977;56809;139253;7.45837e+06;234660
226;0.115924;51645;127525;7.47475e+06;235175
227;0.112516;46950.5;116751;7.48975e+06;235647
228;0.109487;42682.7;106857;7.50348e+06;236079
229;0.106789;38802.8;97775.1;7.51604e+06;236474
230;0.104382;35275.7;89442.2;7.52754e+06;236836
231;0.102229;32069.1;81799.4;7.53806e+06;237167
232;0.1003;29154;74792.2;7.54768e+06;237469
233;0.0985699;26503.9;68370;7.55647e+06;237746
234;0.0970156;24094.7;62485.9;7.56451e+06;237999
235;0.0956174;21904.5;57096.6;7.57186e+06;238230
236;0.0943582;19913.4;52161.9;7.57858e+06;238442
237;0.0932229;18103.3;47644.8;7.58471e+06;238635
238;0.0921984;16457.7;43511.1;7.59031e+06;238811
239;0.091273;14961.7;39729.2;7.59543e+06;238972
240;0.0904366;13601.7;36270.1;7.6001e+06;239119
241;0.0896799;12365.3;33106.9;7.60437e+06;239253
242;0.088995;11241.3;30215;7.60826e+06;239376
243;0.0883747;10219.4;27571.8;7.61182e+06;239487
244;0.0878126;9290.49;25156.3;7.61506e+06;239589
245;0.087303;8445.99;22949.3;7.61802e+06;239682
246;0.0868408;7678.25;20933.3;7.62071e+06;239767
247;0.0864214;6980.3;19092;7.62318e+06;239845
248;0.0860407;6345.79;17410.7;7.62542e+06;239915
249;0.0856951;5768.96;15875.6;7.62747e+06;239980
250;0.0853813;5244.56;14474.3;7.62934e+06;240039
251;0.0850962;4767.83;13195.3;7.63104e+06;240092
252;0.0848371;4334.43;12028.1;7.63259e+06;240141
253;0.0846017;3940.43;10963.1;7.634e+06;240186
254;0.0843877;3582.25;9991.45;7.63529e+06;240226
255;0.0841932;3256.62;9105.12;7.63647e+06;240263
256;0.0840163;2960.6;8296.69;7.63754e+06;240297
257;0.0838555;2691.48;7559.42;7.63852e+06;240327
258;0.0837092;2446.82;6887.12;7.6394e+06;240355
259;0.0835762;2224.41;6274.13;7.64021e+06;240381
260;0.0834552;2022.21;5715.27;7.64095e+06;240404
261;0.0833452;1838.39;5205.83;7.64162e+06;240425
262;0.0832451;1671.28;4741.47;7.64224e+06;240445
263;0.083154;1519.36;4318.25;7.64279e+06;240462
264;0.0830712;1381.25;3932.56;7.6433e+06;240478
265;0.0829958;1255.7;3581.09;7.64376e+06;240493
266;0.0829272;1141.55;3260.85;7.64419e+06;240506
267;0.0828649;1037.79;2969.08;7.64457e+06;240518
268;0.0828081;943.451;2703.26;7.64492e+06;240529
269;0.0827564;857.691;2461.12;7.64524e+06;240539
270;0.0827094;779.727;2240.55;7.64553e+06;240548
271;0.0826667;708.85;2039.65;7.64579e+06;240556
272;0.0826278;644.416;1856.67;7.64603e+06;240564
273;0.0825924;585.838;1690.03;7.64625e+06;240571
274;0.0825602;532.586;1538.29;7.64645e+06;240577
275;0.0825309;484.174;1400.1;7.64663e+06;240583
276;0.0825042;440.162;1274.28;7.64679e+06;240588
277;0.08248;400.151;1159.72;7.64694e+06;240593
278;0.0824579;363.778;1055.42;7.64708e+06;240597
279;0.0824378;330.71;960.467;7.6472e+06;240601
280;0.0824196;300.649;874.024;7.64731e+06;240604
281;0.0824029;273.32;795.334;7.64742e+06;240608
282;0.0823878;248.475;723.704;7.64751e+06;240610
283;0.0823741;225.889;658.505;7.6476e+06;240613
284;0.0823615;205.355;599.162;7.64767e+06;240616
285;0.0823502;186.689;545.15;7.64774e+06;240618
286;0.0823398;169.719;495.994;7.64781e+06;240620
287;0.0823304;154.291;451.257;7.64787e+06;240622
288;0.0823218;140.266;410.545;7.64792e+06;240623
289;0.082314;127.516;373.496;7.64797e+06;240625
290;0.0823069;115.925;339.782;7.64801e+06;240626
291;0.0823005;105.387;309.104;7.64805e+06;240627
292;0.0822946;95.8075;281.189;7.64809e+06;240629
293;0.0822892;87.0986;255.79;7.64812e+06;240630
294;0.0822844;79.1814;232.68;7.64815e+06;240631
295;0.08228;71.9838;211.653;7.64818e+06;240631
296;0.082276;65.4405;192.523;7.6482e+06;240632
297;0.0822723;59.4919;175.119;7.64823e+06;240633
298;0.082269;54.0841;159.285;7.64825e+06;240634
299;0.082266;49.1679;144.88;7.64827e+06;240634
300;0.0822632;44.6985;131.775;7.64828e+06;240635
301;0.0822607;40.6354;119.854;7.6483e+06;240635
302;0.0822584;36.9417;109.009;7.64831e+06;240636
303;0.0822564;33.5837;99.1445;7.64833e+06;240636
304;0.0822545;30.5309;90.171;7.64834e+06;240636
305;0.0822528;27.7557;82.0086;7.64835e+06;240637
306;0.0822512;25.2327;74.5839;7.64836e+06;240637
307;0.0822498;22.939;67.8305;7.64837e+06;240637
308;0.0822485;20.8539;61.6878;7.64837e+06;240638
309;0.0822473;18.9583;56.1007;7.64838e+06;240638
310;0.0822463;17.2349;51.019;7.64839e+06;240638
311;0.0822453;15.6683;46.3971;7.64839e+06;240638
312;0.0822444;14.244;42.1933;7.6484e+06;240638
313;0.0822436;12.9493;38.3701;7.6484e+06;240639
314;0.0822429;11.7722;34.8929;7.64841e+06;240639
315;0.0822422;10.7021;31.7305;7.64841e+06;240639
316;0.0822416;9.72927;28.8544;7.64842e+06;240639
317;0.0822411;8.84488;26.2387;7.64842e+06;240639
318;0.0822406;8.04088;23.86;7.64842e+06;240639
319;0.0822401;7.30996;21.6967;7.64843e+06;240639
320;0.0822397;6.64549;19.7293;7.64843e+06;240639
321;0.0822393;6.04141;17.9402;7.64843e+06;240639
322;0.082239;5.49225;16.3133;7.64843e+06;240639
323;0.0822387;4.993;14.8337;7.64843e+06;240640
324;0.0822384;4.53914;13.4882;7.64844e+06;240640
325;0.0822382;4.12653;12.2647;7.64844e+06;240640
326;0.0822379;3.75143;11.1521;7.64844e+06;240640
327;0.0822377;3.41043;10.1404;7.64844e+06;240640
328;0.0822375;3.10042;9.22035;7.64844e+06;240640
329;0.0822373;2.81859;8.38375;7.64844e+06;240640
330;0.0822372;2.56238;7.62301;7.64844e+06;240640
331;0.082237;2.32946;6.93126;7.64844e+06;240640
332;0.0822369;2.11771;6.30225;7.64845e+06;240640
333;0.0822368;1.92521;5.73028;7.64845e+06;240640
334;0.0822367;1.75021;5.2102;7.64845e+06;240640
335;0.0822366;1.59112;4.7373;7.64845e+06;240640
336;0.0822365;1.44648;4.3073;7.64845e+06;240640
337;0.0822364;1.315;3.91631;7.64845e+06;240640
338;0.0822363;1.19547;3.56079;7.64845e+06;240640
339;0.0822363;1.0868;3.23754;7.64845e+06;240640
340;0.0822362;0.988008;2.94361;7.64845e+06;240640
341;0.0822362;0.898198;2.67636;7.64845e+06;240640
342;0.0822361;0.816552;2.43337;7.64845e+06;240640
343;0.0822361;0.742328;2.21242;7.64845e+06;240640
344;0.082236;0.67485;2.01153;7.64845e+06;240640
345;0.082236;0.613506;1.82888;7.64845e+06;240640
346;0.0822359;0.557739;1.6628;7.64845e+06;240640
347;0.0822359;0.50704;1.5118;7.64845e+06;240640
348;0.0822359;0.46095;1.37451;7.64845e+06;240640
349;0.0822359;0.41905;1.24968;7.64845e+06;240640
350;0.0822358;0.380958;1.13619;7.64845e+06;240640
351;0.0822358;0.346329;1.033;7.64845e+06;240640
352;0.0822358;0.314848;0.939177;7.64845e+06;240640
353;0.0822358;0.286228;0.853875;7.64845e+06;240640
354;0.0822358;0.26021;0.776318;7.64845e+06;240640
355;0.0822357;0.236557;0.705803;7.64845e+06;240640
356;0.0822357;0.215054;0.641693;7.64845e+06;240640
357;0.0822357;0.195506;0.583404;7.64845e+06;240640
358;0.0822357;0.177734;0.530408;7.64845e+06;240640
359;0.0822357;0.161578;0.482226;7.64845e+06;240640
