177;1.38986e+06;1.7647;0.8787;0.1176;0.0037
178;1.38985e+06;3.15493;0.932525;0.220935;0.00695119
179;1.38985e+06;4.51377;1.10619;0.3306;0.0104015
180;1.38985e+06;6.05556;1.38231;0.460688;0.0144944
181;1.38985e+06;7.94446;1.76509;0.623248;0.019609
182;1.38985e+06;10.3371;2.27314;0.830823;0.0261398
183;1.38984e+06;13.4089;2.93705;1.09814;0.0345504
184;1.38984e+06;17.3729;3.79965;1.44354;0.0454175
185;1.38983e+06;22.4989;4.91795;1.89038;0.0594762
186;1.38982e+06;29.1323;6.36656;2.46873;0.0776727
187;1.38981e+06;37.7189;8.24242;3.21744;0.101229
188;1.3898e+06;48.8352;10.6713;4.18675;0.131726
189;1.38978e+06;63.2268;13.816;5.44169;0.17121
190;1.38975e+06;81.859;17.8874;7.06644;0.222329
191;1.38972e+06;105.982;23.1586;9.17;0.288512
192;1.38968e+06;137.212;29.9832;11.8935;0.374199
193;1.38963e+06;177.644;38.8188;15.4195;0.485137
194;1.38956e+06;229.988;50.2579;19.9846;0.628766
195;1.38947e+06;297.753;65.0675;25.8949;0.814721
196;1.38935e+06;385.48;84.2406;33.5468;1.05547
197;1.38921e+06;499.045;109.062;43.4535;1.36716
198;1.38901e+06;646.054;141.196;56.2793;1.77069
199;1.38876e+06;836.346;182.796;72.884;2.29312
200;1.38844e+06;1082.65;236.646;94.3807;2.96946
201;1.38803e+06;1401.42;306.354;122.21;3.84505
202;1.38749e+06;1813.94;396.582;158.238;4.97856
203;1.38679e+06;2347.71;513.364;204.876;6.44591
204;1.38588e+06;3038.23;664.499;265.247;8.34536
205;1.38471e+06;3931.35;860.071;343.392;10.804
206;1.3832e+06;5086.14;1113.1;444.537;13.9863
207;1.38125e+06;6578.71;1440.41;575.438;18.1048
208;1.37872e+06;8506.88;1863.7;744.83;23.4343
209;1.37546e+06;10996.2;2410.91;964.001;30.33
210;1.37125e+06;14207.1;3118.01;1247.52;39.2503
211;1.36582e+06;18344.5;4031.22;1614.2;50.787
212;1.35883e+06;23668;5209.75;2088.27;65.7025
213;1.34984e+06;30505.4;6729.23;2700.94;84.9786
214;1.3383e+06;39266.2;8685.91;3492.3;109.877
215;1.32354e+06;50457.4;11201.6;4513.76;142.015
216;1.30472e+06;64696.9;14429.4;5831.07;183.461
217;1.28081e+06;82722.7;18560.1;7527.97;236.849
218;1.25062e+06;105391;23828.3;9710.64;305.522
219;1.21278e+06;133655;30517.1;12512.7;393.683
220;1.16577e+06;168511;38964.6;16101.5;506.596
221;1.10808e+06;210888;49555.8;20683.8;650.765
222;1.03833e+06;261472;62714.4;26511.5;834.121
223;955597;320433;78874.9;33886.7;1066.16
224;859824;387079;98434.8;43162.4;1358
225;752257;459460;121680;54738.4;1722.21
226;635893;534060;148685;69048;2172.43
227;515659;605747;179196;86533.3;2722.56
228;398105;668239;212522;107607;3385.59
229;290420;715181;247486;132599;4171.92
230;198887;741704;282476;161704;5087.61
231;127293;745877;315632;194923;6132.77
232;76054;729316;345146;232041;7300.61
233;42549.1;696526;369575;272630;8577.66
234;22459.3;653302;388060;316092;9945.08
235;11313.6;605062;400373;361728;11380.9
236;5514.88;555861;406808;408812;12862.3
237;2639.75;508208;407990;456653;14367.5
238;1258.03;463394;404697;504632;15877
239;604.14;421925;397730;552225;17374.4
240;295.194;383881;387838;598998;18846
241;147.834;349134;375688;644607;20281
242;76.2722;317469;361853;688788;21671.1
243;40.6749;288647;346818;731342;23009.9
244;22.4623;262427;330987;772128;24293.1
245;12.8546;238582;314693;811052;25517.8
246;7.62239;216900;298208;848060;26682.2
247;4.67985;197187;281752;883129;27785.5
248;2.97156;179264;265499;916263;28828
249;1.94864;162970;249589;947486;29810.4
250;1.31758;148157;234128;976838;30733.8
251;0.917052;134690;219196;1.00437e+06;31600.1
252;0.655892;122447;204851;1.03015e+06;32411.1
253;0.481225;111316;191133;1.05424e+06;33169.1
254;0.361588;101198;178067;1.07672e+06;33876.3
255;0.277796;91999.1;165666;1.09766e+06;34535.1
256;0.217875;83636.4;153934;1.11714e+06;35148.1
257;0.174187;76033.9;142864;1.13524e+06;35717.7
258;0.141758;69122.5;132446;1.15204e+06;36246.2
259;0.117281;62839.3;122664;1.16762e+06;36736.3
260;0.0985196;57127.2;113497;1.18204e+06;37190.2
261;0.0839322;51934.3;104922;1.19539e+06;37610.1
262;0.0724401;47213.5;96916.2;1.20773e+06;37998.3
263;0.0632757;42921.8;89451.9;1.21913e+06;38356.9
264;0.0558852;39020.2;82503;1.22965e+06;38687.9
265;0.0498636;35473.3;76042.3;1.23935e+06;38993.1
266;0.0449103;32248.8;70042.9;1.24829e+06;39274.5
267;0.0408003;29317.4;64478.1;1.25653e+06;39533.6
268;0.0373623;26652.4;59321.9;1.26411e+06;39772.2
269;0.0344653;24229.7;54548.8;1.27109e+06;39991.7
270;0.0320076;22027.2;50134.5;1.2775e+06;40193.5
271;0.0299095;20025;46055.5;1.2834e+06;40379
272;0.0281082;18204.7;42289.2;1.28881e+06;40549.4
273;0.0265536;16549.9;38814.4;1.29379e+06;40705.9
274;0.0252056;15045.5;35610.6;1.29835e+06;40849.5
275;0.0240314;13677.9;32658.6;1.30254e+06;40981.3
276;0.0230047;12434.6;29940.5;1.30638e+06;41102.1
277;0.0221035;11304.3;27439;1.3099e+06;41212.9
278;0.0213099;10276.7;25138.2;1.31313e+06;41314.4
279;0.020609;9342.55;23023.1;1.31608e+06;41407.4
280;0.019988;8493.31;21079.6;1.31879e+06;41492.6
281;0.0194366;7721.27;19294.7;1.32127e+06;41570.6
282;0.0189458;7019.41;17656.1;1.32354e+06;41642
283;0.0185079;6381.34;16152.5;1.32562e+06;41707.3
284;0.0181166;5801.28;14773.3;1.32752e+06;41767.1
285;0.0177663;5273.94;13508.6;1.32925e+06;41821.8
286;0.0174521;4794.54;12349.4;1.33084e+06;41871.7
287;0.01717;4358.72;11287.3;1.33229e+06;41917.4
288;0.0169163;3962.51;10314.3;1.33362e+06;41959.2
289;0.0166878;3602.32;9423.38;1.33483e+06;41997.4
290;0.016482;3274.87;8607.78;1.33594e+06;42032.2
291;0.0162962;2977.18;7861.34;1.33696e+06;42064.1
292;0.0161285;2706.56;7178.39;1.33788e+06;42093.2
293;0.0159769;2460.53;6553.67;1.33872e+06;42119.7
294;0.0158398;2236.87;5982.38;1.33949e+06;42144
295;0.0157157;2033.54;5460.04;1.3402e+06;42166.1
296;0.0156034;1848.69;4982.59;1.34084e+06;42186.3
297;0.0155016;1680.64;4546.25;1.34143e+06;42204.7
298;0.0154093;1527.87;4147.56;1.34196e+06;42221.6
299;0.0153256;1388.99;3783.34;1.34245e+06;42236.9
300;0.0152497;1262.73;3450.68;1.34289e+06;42250.9
301;0.0151808;1147.95;3146.9;1.3433e+06;42263.7
302;0.0151182;1043.6;2869.53;1.34367e+06;42275.3
303;0.0150614;948.737;2616.32;1.34401e+06;42285.9
304;0.0150098;862.497;2385.2;1.34431e+06;42295.6
305;0.0149629;784.096;2174.27;1.3446e+06;42304.4
306;0.0149203;712.822;1981.81;1.34485e+06;42312.5
307;0.0148816;648.026;1806.21;1.34508e+06;42319.8
308;0.0148464;589.121;1646.02;1.3453e+06;42326.5
309;0.0148144;535.57;1499.91;1.34549e+06;42332.6
310;0.0147853;486.886;1366.66;1.34567e+06;42338.1
311;0.0147588;442.629;1245.14;1.34583e+06;42343.2
312;0.0147348;402.394;1134.34;1.34597e+06;42347.8
313;0.0147129;365.816;1033.32;1.34611e+06;42352
314;0.014693;332.563;941.231;1.34623e+06;42355.8
315;0.0146749;302.333;857.29;1.34634e+06;42359.3
316;0.0146584;274.851;780.783;1.34644e+06;42362.5
317;0.0146434;249.867;711.058;1.34653e+06;42365.4
318;0.0146298;227.154;647.519;1.34662e+06;42368
319;0.0146174;206.506;589.624;1.34669e+06;42370.4
320;0.0146061;187.735;536.874;1.34676e+06;42372.6
321;0.0145958;170.67;488.816;1.34682e+06;42374.6
322;0.0145865;155.156;445.037;1.34688e+06;42376.4
323;0.014578;141.052;405.157;1.34693e+06;42378
324;0.0145702;128.23;368.833;1.34698e+06;42379.5
325;0.0145632;116.574;335.75;1.34702e+06;42380.9
326;0.0145568;105.978;305.62;1.34706e+06;42382.1
327;0.014551;96.3444;278.182;1.3471e+06;42383.3
328;0.0145457;87.5867;253.196;1.34713e+06;42384.3
329;0.0145408;79.625;230.445;1.34716e+06;42385.2
330;0.0145365;72.3871;209.73;1.34719e+06;42386.1
331;0.0145325;65.8071;190.87;1.34721e+06;42386.8
332;0.0145288;59.8253;173.699;1.34724e+06;42387.6
333;0.0145255;54.3872;158.067;1.34726e+06;42388.2
334;0.0145225;49.4434;143.838;1.34728e+06;42388.8
335;0.0145198;44.949;130.885;1.34729e+06;42389.3
336;0.0145173;40.8631;119.094;1.34731e+06;42389.8
337;0.014515;37.1487;108.362;1.34732e+06;42390.2
338;0.014513;33.7719;98.5949;1.34733e+06;42390.6
339;0.0145111;30.702;89.7052;1.34735e+06;42391
340;0.0145094;27.9112;81.6148;1.34736e+06;42391.3
341;0.0145078;25.3741;74.252;1.34737e+06;42391.6
342;0.0145064;23.0676;67.5518;1.34738e+06;42391.9
343;0.0145051;20.9707;61.4546;1.34738e+06;42392.2
344;0.014504;19.0645;55.9064;1.34739e+06;42392.4
345;0.0145029;17.3315;50.8579;1.3474e+06;42392.6
346;0.014502;15.7561;46.2643;1.3474e+06;42392.8
347;0.0145011;14.3239;42.0846;1.34741e+06;42393
348;0.0145003;13.0218;38.2818;1.34741e+06;42393.1
349;0.0144995;11.8381;34.8219;1.34742e+06;42393.3
350;0.0144989;10.7621;31.6741;1.34742e+06;42393.4
351;0.0144983;9.78378;28.8103;1.34743e+06;42393.5
352;0.0144977;8.89444;26.205;1.34743e+06;42393.6
353;0.0144972;8.08593;23.8348;1.34743e+06;42393.7
354;0.0144968;7.35092;21.6787;1.34744e+06;42393.8
355;0.0144964;6.68272;19.7172;1.34744e+06;42393.9
356;0.014496;6.07526;17.933;1.34744e+06;42393.9
357;0.0144957;5.52302;16.31;1.34744e+06;42394
358;0.0144954;5.02098;14.8336;1.34744e+06;42394.1
359;0.0144951;4.56457;13.4907;1.34745e+06;42394.1
360;0.0144948;4.14965;12.2692;1.34745e+06;42394.2
361;0.0144946;3.77245;11.1581;1.34745e+06;42394.2
362;0.0144944;3.42954;10.1476;1.34745e+06;42394.3
363;0.0144942;3.11779;9.22842;1.34745e+06;42394.3
364;0.014494;2.83438;8.39242;1.34745e+06;42394.3
365;0.0144938;2.57674;7.63207;1.34745e+06;42394.4
366;0.0144937;2.34251;6.94052;1.34745e+06;42394.4
367;0.0144936;2.12958;6.31157;1.34746e+06;42394.4
368;0.0144934;1.936;5.73956;1.34746e+06;42394.4
369;0.0144933;1.76002;5.21933;1.34746e+06;42394.5
370;0.0144932;1.60003;4.74621;1.34746e+06;42394.5
371;0.0144931;1.45459;4.31594;1.34746e+06;42394.5
372;0.0144931;1.32237;3.92464;1.34746e+06;42394.5
373;0.014493;1.20216;3.56878;1.34746e+06;42394.5
374;0.0144929;1.09289;3.24517;1.34746e+06;42394.5
375;0.0144929;0.993544;2.95087;1.34746e+06;42394.6
376;0.0144928;0.903231;2.68324;1.34746e+06;42394.6
377;0.0144928;0.821127;2.43987;1.34746e+06;42394.6
378;0.0144927;0.746487;2.21855;1.34746e+06;42394.6
379;0.0144927;0.678631;2.0173;1.34746e+06;42394.6
380;0.0144926;0.616944;1.83429;1.34746e+06;42394.6
381;0.0144926;0.560864;1.66787;1.34746e+06;42394.6
382;0.0144926;0.509881;1.51654;1.34746e+06;42394.6
383;0.0144925;0.463533;1.37893;1.34746e+06;42394.6
384;0.0144925;0.421398;1.2538;1.34746e+06;42394.6
385;0.0144925;0.383093;1.14002;1.34746e+06;42394.6
386;0.0144925;0.34827;1.03656;1.34746e+06;42394.6
387;0.0144924;0.316612;0.942482;1.34746e+06;42394.6
388;0.0144924;0.287832;0.856939;1.34746e+06;42394.6
389;0.0144924;0.261668;0.779157;1.34746e+06;42394.6
390;0.0144924;0.237882;0.70843;1.34746e+06;42394.7
391;0.0144924;0.216259;0.644121;1.34746e+06;42394.7
392;0.0144924;0.196601;0.585647;1.34746e+06;42394.7
393;0.0144924;0.17873;0.532479;1.34746e+06;42394.7
394;0.0144923;0.162483;0.484136;1.34746e+06;42394.7
