141;1.15652e+07;1.7647;0.8787;0.1176;0.0037
142;1.15652e+07;3.15493;0.932525;0.220935;0.00695119
143;1.15652e+07;4.51377;1.10619;0.3306;0.0104015
144;1.15652e+07;6.05557;1.38231;0.460688;0.0144944
145;1.15652e+07;7.94449;1.76509;0.623248;0.019609
146;1.15652e+07;10.3372;2.27314;0.830823;0.0261398
147;1.15652e+07;13.4089;2.93706;1.09814;0.0345505
148;1.15652e+07;17.3731;3.79966;1.44354;0.0454176
149;1.15652e+07;22.4991;4.91798;1.89038;0.0594763
150;1.15652e+07;29.1327;6.3666;2.46874;0.0776728
151;1.15652e+07;37.7196;8.24249;3.21745;0.101229
152;1.15651e+07;48.8364;10.6714;4.18677;0.131726
153;1.15651e+07;63.2288;13.8162;5.44172;0.171211
154;1.15651e+07;81.8626;17.8878;7.0665;0.22233
155;1.15651e+07;105.988;23.1593;9.17011;0.288515
156;1.1565e+07;137.222;29.9843;11.8936;0.374205
157;1.1565e+07;177.661;38.8207;15.4198;0.485147
158;1.15649e+07;230.017;50.2612;19.9851;0.628783
159;1.15648e+07;297.802;65.073;25.8958;0.81475
160;1.15647e+07;385.563;84.2499;33.5484;1.05552
161;1.15646e+07;499.184;109.078;43.4562;1.36724
162;1.15644e+07;646.288;141.223;56.2838;1.77083
163;1.15641e+07;836.738;182.84;72.8916;2.29336
164;1.15638e+07;1083.31;236.721;94.3936;2.96987
165;1.15634e+07;1402.52;306.479;122.232;3.84573
166;1.15628e+07;1815.79;396.793;158.274;4.97971
167;1.15621e+07;2350.81;513.717;204.937;6.44784
168;1.15612e+07;3043.44;665.092;265.35;8.34859
169;1.156e+07;3940.07;861.065;343.565;10.8094
170;1.15585e+07;5100.77;1114.77;444.826;13.9954
171;1.15566e+07;6603.21;1443.21;575.923;18.12
172;1.1554e+07;8547.91;1868.38;745.644;23.4599
173;1.15507e+07;11064.8;2418.75;965.366;30.3729
174;1.15465e+07;14322.1;3131.15;1249.81;39.3223
175;1.15409e+07;18536.8;4053.22;1618.03;50.9075
176;1.15338e+07;23989.6;5246.56;2094.69;65.9044
177;1.15246e+07;31042.4;6790.8;2711.69;85.3167
178;1.15126e+07;40162.4;8788.83;3510.29;110.443
179;1.14972e+07;51950.9;11373.5;4543.85;142.961
180;1.14772e+07;67181.6;14716.2;5881.38;185.043
181;1.14515e+07;86847.4;19038;7612.01;239.493
182;1.14182e+07;112220;24623.1;9850.87;309.934
183;1.13753e+07;144920;31837.1;12746.5;401.039
184;1.132e+07;187009;41148.4;16490.6;518.836
185;1.1249e+07;241088;53156.2;21329.6;671.086
186;1.11577e+07;310418;68623.3;27580.8;867.764
187;1.10409e+07;399043;88516.3;35650.9;1121.67
188;1.08917e+07;511907;114052;46060.4;1449.18
189;1.07022e+07;654946;146750;59473;1871.17
190;1.04625e+07;835094;188484;76730.8;2414.15
191;1.01615e+07;1.06015e+06;241531;98896.5;3111.54
192;9.78692e+06;1.33838e+06;308601;127301;4005.2
193;9.32591e+06;1.67773e+06;392826;163592;5147.03
194;8.76666e+06;2.08447e+06;497682;209788;6600.48
195;8.10055e+06;2.56111e+06;626791;268316;8441.91
196;7.32524e+06;3.10361e+06;783566;342026;10761
197;6.44861e+06;3.69812e+06;970638;434174;13660.2
198;5.4924e+06;4.31818e+06;1.18906e+06;548321;17251.6
199;4.4944e+06;4.92365e+06;1.43735e+06;688154;21651.1
200;3.50684e+06;5.46365e+06;1.71056e+06;857186;26969.3
201;2.58938e+06;5.88446e+06;1.99971e+06;1.05835e+06;33298.4
202;1.797e+06;6.14194e+06;2.29205e+06;1.29351e+06;40697.3
203;1.16631e+06;6.21434e+06;2.57232e+06;1.56306e+06;49177.9
204;706575;6.10919e+06;2.82518e+06;1.86556e+06;58695.5
205;400427;5.86001e+06;3.03781e+06;2.19781e+06;69148.6
206;213701;5.51406e+06;3.202e+06;2.55505e+06;80388.6
207;108559;5.11797e+06;3.31483e+06;2.93161e+06;92236
208;53208.7;4.7081e+06;3.37796e+06;3.32143e+06;104501
209;25533.2;4.30781e+06;3.39618e+06;3.71868e+06;116999
210;12166.3;3.9296e+06;3.37581e+06;4.11807e+06;129565
211;5828.42;3.57873e+06;3.32352e+06;4.51507e+06;142056
212;2835.93;3.25642e+06;3.24568e+06;4.90591e+06;154353
213;1412.44;2.96184e+06;3.14799e+06;5.2876e+06;166362
214;724.085;2.69329e+06;3.03537e+06;5.65781e+06;178009
215;383.478;2.44881e+06;2.912e+06;6.01477e+06;189240
216;210.252;2.22639e+06;2.78137e+06;6.35722e+06;200015
217;119.45;2.0241e+06;2.64637e+06;6.68431e+06;210306
218;70.3229;1.84016e+06;2.50936e+06;6.99552e+06;220097
219;42.8743;1.67292e+06;2.37224e+06;7.29062e+06;229382
220;27.041;1.52086e+06;2.23656e+06;7.5696e+06;238159
221;17.6187;1.38263e+06;2.10351e+06;7.83262e+06;246434
222;11.8405;1.25695e+06;1.97403e+06;8.07999e+06;254217
223;8.19388;1.1427e+06;1.84884e+06;8.31214e+06;261521
224;5.82884;1.03883e+06;1.72845e+06;8.52956e+06;268362
225;4.25503;944402;1.61322e+06;8.73282e+06;274757
226;3.18215;858557;1.50338e+06;8.92254e+06;280726
227;2.43402;780515;1.39906e+06;9.09934e+06;286289
228;1.90122;709566;1.30031e+06;9.26387e+06;291465
229;1.51425;645067;1.20708e+06;9.41678e+06;296276
230;1.22801;586431;1.1193e+06;9.55873e+06;300743
231;1.01268;533125;1.03683e+06;9.69036e+06;304884
232;0.848132;484664;959525;9.8123e+06;308720
233;0.720551;440608;887191;9.92514e+06;312270
234;0.620301;400557;819626;1.00295e+07;315553
235;0.540548;364146;756616;1.01259e+07;318586
236;0.476374;331045;697939;1.02148e+07;321385
237;0.424192;300953;643371;1.02969e+07;323967
238;0.381349;273597;592687;1.03726e+07;326348
239;0.34586;248727;545664;1.04423e+07;328541
240;0.316221;226118;502084;1.05064e+07;330560
241;0.291282;205564;461735;1.05655e+07;332418
242;0.270153;186878;424413;1.06198e+07;334126
243;0.252137;169891;389919;1.06697e+07;335696
244;0.236688;154448;358064;1.07156e+07;337139
245;0.223368;140408;328671;1.07577e+07;338464
246;0.211828;127645;301566;1.07963e+07;339680
247;0.201786;116042;276589;1.08318e+07;340796
248;0.193011;105494;253587;1.08643e+07;341819
249;0.185315;95904.7;232416;1.08941e+07;342757
250;0.178543;87186.9;212942;1.09215e+07;343617
251;0.172564;79261.6;195037;1.09465e+07;344405
252;0.167271;72056.8;178584;1.09694e+07;345127
253;0.162572;65506.8;163472;1.09904e+07;345788
254;0.158392;59552.2;149597;1.10097e+07;346392
255;0.154665;54138.9;136864;1.10273e+07;346946
256;0.151335;49217.7;125184;1.10434e+07;347452
257;0.148355;44743.8;114473;1.10581e+07;347916
258;0.145683;40676.6;104655;1.10715e+07;348339
259;0.143285;36979.1;95657.6;1.10838e+07;348726
260;0.141128;33617.7;87415.7;1.10951e+07;349080
261;0.139187;30561.9;79868.1;1.11054e+07;349404
262;0.137438;27783.8;72958.1;1.11148e+07;349699
263;0.13586;25258.3;66633.9;1.11233e+07;349969
264;0.134436;22962.3;60847.2;1.11312e+07;350216
265;0.133149;20875;55553.7;1.11383e+07;350441
266;0.131985;18977.5;50712.5;1.11449e+07;350646
267;0.130932;17252.4;46286.2;1.11508e+07;350834
268;0.129978;15684.2;42239.9;1.11563e+07;351005
269;0.129114;14258.5;38541.9;1.11612e+07;351162
270;0.128331;12962.4;35162.9;1.11658e+07;351304
271;0.127621;11784.1;32075.9;1.11699e+07;351434
272;0.126977;10712.9;29256.3;1.11737e+07;351553
273;0.126392;9739.13;26681.3;1.11771e+07;351661
274;0.125861;8853.84;24330.1;1.11803e+07;351760
275;0.125379;8049.03;22183.7;1.11831e+07;351850
276;0.124942;7317.37;20224.5;1.11857e+07;351932
277;0.124544;6652.22;18436.4;1.11881e+07;352007
278;0.124183;6047.54;16804.7;1.11903e+07;352075
279;0.123854;5497.82;15316;1.11923e+07;352137
280;0.123556;4998.07;13958;1.11941e+07;352194
281;0.123284;4543.74;12719.2;1.11957e+07;352246
282;0.123038;4130.72;11589.4;1.11972e+07;352293
283;0.122813;3755.23;10559.1;1.11986e+07;352335
284;0.122609;3413.88;9619.6;1.11998e+07;352375
285;0.122423;3103.56;8763.07;1.12009e+07;352410
286;0.122255;2821.45;7982.22;1.1202e+07;352443
287;0.122101;2564.98;7270.45;1.12029e+07;352472
288;0.121961;2331.82;6621.7;1.12038e+07;352499
289;0.121834;2119.86;6030.45;1.12045e+07;352524
290;0.121719;1927.16;5491.65;1.12052e+07;352546
291;0.121613;1751.99;5000.69;1.12059e+07;352566
292;0.121518;1592.73;4553.36;1.12065e+07;352585
293;0.121431;1447.95;4145.82;1.1207e+07;352601
294;0.121351;1316.33;3774.55;1.12075e+07;352617
295;0.121279;1196.68;3436.35;1.12079e+07;352631
296;0.121214;1087.9;3128.3;1.12083e+07;352644
297;0.121154;989.01;2847.73;1.12087e+07;352655
298;0.1211;899.109;2592.2;1.1209e+07;352666
299;0.12105;817.38;2359.49;1.12094e+07;352675
300;0.121005;743.08;2147.59;1.12096e+07;352684
301;0.120964;675.534;1954.63;1.12099e+07;352692
302;0.120927;614.128;1778.94;1.12101e+07;352699
303;0.120893;558.304;1618.98;1.12103e+07;352706
304;0.120863;507.554;1473.35;1.12105e+07;352712
305;0.120835;461.417;1340.77;1.12107e+07;352717
306;0.120809;419.475;1220.07;1.12108e+07;352722
307;0.120786;381.344;1110.21;1.1211e+07;352727
308;0.120765;346.68;1010.21;1.12111e+07;352731
309;0.120746;315.167;919.181;1.12112e+07;352734
310;0.120728;286.518;836.333;1.12113e+07;352738
311;0.120712;260.474;760.93;1.12114e+07;352741
312;0.120698;236.797;692.306;1.12115e+07;352744
313;0.120685;215.272;629.855;1.12116e+07;352746
314;0.120673;195.704;573.021;1.12117e+07;352749
315;0.120662;177.914;521.303;1.12118e+07;352751
316;0.120652;161.742;474.242;1.12118e+07;352753
317;0.120643;147.04;431.419;1.12119e+07;352754
318;0.120635;133.674;392.453;1.12119e+07;352756
319;0.120627;121.523;357;1.1212e+07;352758
320;0.12062;110.476;324.742;1.1212e+07;352759
321;0.120614;100.434;295.393;1.1212e+07;352760
322;0.120609;91.3046;268.691;1.12121e+07;352761
323;0.120604;83.005;244.399;1.12121e+07;352762
324;0.120599;75.4599;222.298;1.12121e+07;352763
325;0.120595;68.6006;202.193;1.12122e+07;352764
326;0.120591;62.3648;183.903;1.12122e+07;352765
327;0.120587;56.6958;167.264;1.12122e+07;352765
328;0.120584;51.5422;152.129;1.12122e+07;352766
329;0.120581;46.857;138.361;1.12123e+07;352766
330;0.120579;42.5977;125.837;1.12123e+07;352767
331;0.120576;38.7256;114.445;1.12123e+07;352767
332;0.120574;35.2054;104.083;1.12123e+07;352768
333;0.120572;32.0052;94.6578;1.12123e+07;352768
334;0.12057;29.096;86.0851;1.12123e+07;352769
335;0.120569;26.4512;78.2878;1.12123e+07;352769
336;0.120567;24.0467;71.1959;1.12123e+07;352769
337;0.120566;21.8609;64.7457;1.12123e+07;352769
338;0.120565;19.8737;58.8792;1.12124e+07;352770
339;0.120564;18.0672;53.5437;1.12124e+07;352770
340;0.120562;16.4249;48.6911;1.12124e+07;352770
341;0.120562;14.9319;44.2779;1.12124e+07;352770
342;0.120561;13.5746;40.2643;1.12124e+07;352770
343;0.12056;12.3407;36.6142;1.12124e+07;352771
344;0.120559;11.2189;33.2947;1.12124e+07;352771
345;0.120559;10.1991;30.2758;1.12124e+07;352771
346;0.120558;9.27199;27.5305;1.12124e+07;352771
347;0.120558;8.42917;25.0338;1.12124e+07;352771
348;0.120557;7.66296;22.7634;1.12124e+07;352771
349;0.120557;6.9664;20.6988;1.12124e+07;352771
350;0.120556;6.33315;18.8213;1.12124e+07;352771
351;0.120556;5.75747;17.1139;1.12124e+07;352771
352;0.120556;5.23411;15.5614;1.12124e+07;352771
353;0.120555;4.75833;14.1496;1.12124e+07;352772
354;0.120555;4.3258;12.8658;1.12124e+07;352772
355;0.120555;3.93259;11.6984;1.12124e+07;352772
356;0.120555;3.57511;10.6368;1.12124e+07;352772
357;0.120554;3.25014;9.67155;1.12124e+07;352772
358;0.120554;2.9547;8.79382;1.12124e+07;352772
359;0.120554;2.68612;7.99572;1.12124e+07;352772
360;0.120554;2.44195;7.27;1.12124e+07;352772
361;0.120554;2.21998;6.61013;1.12124e+07;352772
362;0.120554;2.01818;6.01011;1.12124e+07;352772
363;0.120553;1.83473;5.46454;1.12124e+07;352772
364;0.120553;1.66795;4.96847;1.12124e+07;352772
365;0.120553;1.51633;4.51741;1.12124e+07;352772
366;0.120553;1.3785;4.10728;1.12124e+07;352772
367;0.120553;1.25319;3.73437;1.12124e+07;352772
368;0.120553;1.13928;3.39531;1.12124e+07;352772
369;0.120553;1.03572;3.08702;1.12124e+07;352772
370;0.120553;0.941572;2.80671;1.12124e+07;352772
371;0.120553;0.855983;2.55185;1.12124e+07;352772
372;0.120553;0.778174;2.32012;1.12124e+07;352772
373;0.120553;0.707438;2.10942;1.12124e+07;352772
374;0.120553;0.643132;1.91786;1.12124e+07;352772
375;0.120553;0.584672;1.74368;1.12124e+07;352772
376;0.120553;0.531525;1.58532;1.12124e+07;352772
377;0.120553;0.483209;1.44133;1.12124e+07;352772
378;0.120553;0.439286;1.31042;1.12124e+07;352772
379;0.120553;0.399355;1.1914;1.12124e+07;352772
380;0.120553;0.363053;1.08319;1.12124e+07;352772
381;0.120553;0.330052;0.984797;1.12124e+07;352772
382;0.120552;0.30005;0.895343;1.12124e+07;352772
383;0.120552;0.272776;0.814012;1.12124e+07;352772
384;0.120552;0.24798;0.740068;1.12124e+07;352772
385;0.120552;0.225439;0.672839;1.12124e+07;352772
386;0.120552;0.204946;0.611716;1.12124e+07;352772
387;0.120552;0.186317;0.556144;1.12124e+07;352772
388;0.120552;0.169381;0.50562;1.12124e+07;352772
389;0.120552;0.153984;0.459685;1.12124e+07;352772
