203;8.23197e+07;1.7647;0.8787;0.1176;0.0037
204;8.23197e+07;3.15493;0.932525;0.220935;0.00695119
205;8.23197e+07;4.51377;1.10619;0.3306;0.0104015
206;8.23197e+07;6.05557;1.38231;0.460688;0.0144944
207;8.23197e+07;7.94449;1.76509;0.623248;0.019609
208;8.23197e+07;10.3372;2.27314;0.830823;0.0261398
209;8.23197e+07;13.4089;2.93706;1.09814;0.0345505
210;8.23197e+07;17.3731;3.79967;1.44354;0.0454176
211;8.23197e+07;22.4992;4.91798;1.89038;0.0594763
212;8.23197e+07;29.1327;6.3666;2.46874;0.0776729
213;8.23197e+07;37.7197;8.2425;3.21745;0.101229
214;8.23197e+07;48.8365;10.6714;4.18677;0.131727
215;8.23196e+07;63.2291;13.8162;5.44173;0.171211
216;8.23196e+07;81.863;17.8878;7.06651;0.222331
217;8.23196e+07;105.988;23.1594;9.17012;0.288516
218;8.23195e+07;137.223;29.9845;11.8937;0.374205
219;8.23195e+07;177.663;38.8209;15.4198;0.485148
220;8.23194e+07;230.021;50.2615;19.9852;0.628785
221;8.23193e+07;297.808;65.0737;25.8959;0.814753
222;8.23192e+07;385.572;84.251;33.5486;1.05553
223;8.23191e+07;499.201;109.08;43.4565;1.36725
224;8.23189e+07;646.315;141.226;56.2843;1.77085
225;8.23186e+07;836.784;182.845;72.8925;2.29339
226;8.23183e+07;1083.38;236.73;94.3951;2.96991
227;8.23179e+07;1402.65;306.494;122.234;3.84581
228;8.23173e+07;1816.01;396.817;158.278;4.97984
229;8.23166e+07;2351.18;513.759;204.944;6.44806
230;8.23157e+07;3044.05;665.162;265.362;8.34897
231;8.23146e+07;3941.1;861.182;343.585;10.8101
232;8.2313e+07;5102.49;1114.97;444.86;13.9964
233;8.23111e+07;6606.09;1443.54;575.98;18.1218
234;8.23085e+07;8552.74;1868.93;745.74;23.4629
235;8.23052e+07;11073;2419.67;965.526;30.3779
236;8.2301e+07;14335.7;3132.7;1250.08;39.3307
237;8.22954e+07;18559.6;4055.81;1618.48;50.9217
238;8.22883e+07;24027.7;5250.91;2095.45;65.9282
239;8.2279e+07;31106.3;6798.09;2712.96;85.3566
240;8.2267e+07;40269.4;8801.05;3512.41;110.51
241;8.22515e+07;52130.2;11394;4547.41;143.073
242;8.22314e+07;67481.9;14750.5;5887.34;185.231
243;8.22054e+07;87350.2;19095.4;7622.01;239.808
244;8.21718e+07;113061;24719.2;9867.62;310.461
245;8.21282e+07;146328;31998;12774.6;401.922
246;8.20719e+07;189362;41417.9;16537.6;520.315
247;8.1999e+07;245020;53606.9;21408.3;673.561
248;8.19048e+07;316980;69376.7;27712.5;871.906
249;8.1783e+07;409979;89774.7;35871.2;1128.6
250;8.16256e+07;530107;116152;46428.7;1460.77
251;8.14223e+07;685169;150250;60088.2;1890.53
252;8.11601e+07;885148;194306;77757.5;2446.45
253;8.0822e+07;1.14276e+06;251197;100608;3165.39
254;8.03868e+07;1.47412e+06;324604;130149;4094.81
255;7.98274e+07;1.89953e+06;419227;168322;5295.85
256;7.91099e+07;2.44432e+06;541042;217623;6846.99
257;7.81923e+07;3.13975e+06;697602;281250;8848.84
258;7.70228e+07;4.02381e+06;898386;363288;11430
259;7.55392e+07;5.14162e+06;1.15518e+06;468938;14754
260;7.36683e+07;6.54521e+06;1.48243e+06;604787;19028.2
261;7.13266e+07;8.2919e+06;1.89757e+06;779120;24513.1
262;6.84243e+07;1.04405e+07;2.42113e+06;1.00227e+06;31534.1
263;6.48716e+07;1.30442e+07;3.07648e+06;1.287e+06;40492.3
264;6.05911e+07;1.61389e+07;3.88902e+06;1.64879e+06;51875.3
265;5.55365e+07;1.97265e+07;4.88431e+06;2.10614e+06;66264.7
266;4.97168e+07;2.3753e+07;6.08498e+06;2.68054e+06;84336.6
267;4.32249e+07;2.80858e+07;7.50603e+06;3.39613e+06;106851
268;3.62606e+07;3.24971e+07;9.14855e+06;4.27884e+06;134623
269;2.91376e+07;3.66661e+07;1.09928e+07;5.35471e+06;168473
270;2.22571e+07;4.02137e+07;1.29923e+07;6.64746e+06;209146
271;1.60423e+07;4.27731e+07;1.50718e+07;8.17536e+06;257218
272;1.08428e+07;4.40844e+07;1.71317e+07;9.9478e+06;312984
273;6.84558e+06;4.40744e+07;1.90609e+07;1.19625e+07;376371
274;4.03556e+06;4.28781e+07;2.07551e+07;1.4204e+07;446896
275;2.23021e+06;4.07858e+07;2.21352e+07;1.66448e+07;523690
276;1.16517e+06;3.81434e+07;2.31576e+07;1.92479e+07;605590
277;582454;3.52589e+07;2.38158e+07;2.19713e+07;691273
278;282568;3.23538e+07;2.4132e+07;2.4772e+07;779392
279;134992;2.95604e+07;2.41457e+07;2.76099e+07;868680
280;64373;2.6944e+07;2.39039e+07;3.04495e+07;958019
281;30997.8;2.45281e+07;2.34536e+07;3.32606e+07;1.04646e+06
282;15212.2;2.23143e+07;2.28383e+07;3.60187e+07;1.13324e+06
283;7660.53;2.02935e+07;2.20963e+07;3.87045e+07;1.21774e+06
284;3977.39;1.84525e+07;2.12607e+07;4.1303e+07;1.2995e+06
285;2135.54;1.6777e+07;2.03591e+07;4.38033e+07;1.37816e+06
286;1187.63;1.52529e+07;1.94146e+07;4.61975e+07;1.45349e+06
287;684.463;1.38669e+07;1.84461e+07;4.84807e+07;1.52533e+06
288;408.695;1.26067e+07;1.74691e+07;5.06499e+07;1.59358e+06
289;252.623;1.14609e+07;1.6496e+07;5.27043e+07;1.65821e+06
290;161.452;1.04192e+07;1.55369e+07;5.46442e+07;1.71925e+06
291;106.531;9.47215e+06;1.45994e+07;5.64714e+07;1.77674e+06
292;72.4544;8.61117e+06;1.36895e+07;5.81883e+07;1.83075e+06
293;50.7081;7.82844e+06;1.28117e+07;5.97981e+07;1.8814e+06
294;36.4556;7.11685e+06;1.19692e+07;6.13048e+07;1.92881e+06
295;26.8771;6.46993e+06;1.11643e+07;6.27124e+07;1.97309e+06
296;20.2867;5.88182e+06;1.03982e+07;6.40253e+07;2.0144e+06
297;15.6512;5.34717e+06;9.67154e+06;6.52481e+07;2.05287e+06
298;12.3232;4.86112e+06;8.98444e+06;6.63855e+07;2.08866e+06
299;9.88798;4.41924e+06;8.3365e+06;6.74421e+07;2.1219e+06
300;8.07414;4.01754e+06;7.72699e+06;6.84224e+07;2.15275e+06
301;6.70079;3.65234e+06;7.1549e+06;6.93311e+07;2.18134e+06
302;5.64504;3.32035e+06;6.61901e+06;7.01726e+07;2.20781e+06
303;4.82198;3.01853e+06;6.11794e+06;7.09509e+07;2.2323e+06
304;4.17194;2.74414e+06;5.65022e+06;7.16704e+07;2.25494e+06
305;3.65238;2.4947e+06;5.21429e+06;7.23349e+07;2.27584e+06
306;3.23251;2.26793e+06;4.80857e+06;7.29481e+07;2.29514e+06
307;2.88974;2.06178e+06;4.43144e+06;7.35136e+07;2.31293e+06
308;2.60729;1.87436e+06;4.08133e+06;7.40347e+07;2.32932e+06
309;2.37253;1.70398e+06;3.75664e+06;7.45147e+07;2.34442e+06
310;2.17587;1.54909e+06;3.45585e+06;7.49565e+07;2.35832e+06
311;2.00992;1.40828e+06;3.17747e+06;7.53629e+07;2.37111e+06
312;1.86895;1.28027e+06;2.92005e+06;7.57365e+07;2.38287e+06
313;1.74847;1.16389e+06;2.68223e+06;7.60799e+07;2.39367e+06
314;1.64492;1.05809e+06;2.46267e+06;7.63954e+07;2.4036e+06
315;1.55547;961913;2.26013e+06;7.6685e+07;2.41271e+06
316;1.47783;874475;2.07341e+06;7.69508e+07;2.42107e+06
317;1.41015;794985;1.9014e+06;7.71946e+07;2.42874e+06
318;1.35093;722721;1.74302e+06;7.74182e+07;2.43578e+06
319;1.29891;657026;1.59729e+06;7.76232e+07;2.44223e+06
320;1.25307;597302;1.46326e+06;7.7811e+07;2.44814e+06
321;1.21256;543008;1.34006e+06;7.79831e+07;2.45355e+06
322;1.17666;493648;1.22687e+06;7.81407e+07;2.45851e+06
323;1.14476;448776;1.12293e+06;7.8285e+07;2.46305e+06
324;1.11635;407982;1.02751e+06;7.8417e+07;2.4672e+06
325;1.091;370896;939958;7.85379e+07;2.471e+06
326;1.06834;337182;859655;7.86484e+07;2.47448e+06
327;1.04804;306532;786029;7.87495e+07;2.47766e+06
328;1.02983;278668;718547;7.88419e+07;2.48057e+06
329;1.01348;253337;656719;7.89264e+07;2.48323e+06
330;0.998766;230309;600087;7.90037e+07;2.48566e+06
331;0.985518;209374;548232;7.90742e+07;2.48788e+06
332;0.973574;190342;500763;7.91387e+07;2.48991e+06
333;0.962797;173040;457323;7.91976e+07;2.49176e+06
334;0.953064;157311;417579;7.92514e+07;2.49345e+06
335;0.944266;143011;381226;7.93005e+07;2.495e+06
336;0.936307;130011;347983;7.93453e+07;2.49641e+06
337;0.929104;118193;317591;7.93862e+07;2.4977e+06
338;0.922581;107450;289811;7.94236e+07;2.49887e+06
339;0.91667;97682.4;264424;7.94577e+07;2.49994e+06
340;0.911311;88803.1;241229;7.94888e+07;2.50092e+06
341;0.906451;80730.9;220040;7.95171e+07;2.50181e+06
342;0.902041;73392.4;200687;7.9543e+07;2.50263e+06
343;0.898038;66721.1;183015;7.95666e+07;2.50337e+06
344;0.894405;60656.1;166881;7.95881e+07;2.50405e+06
345;0.891105;55142.5;152152;7.96078e+07;2.50467e+06
346;0.888107;50130;138708;7.96257e+07;2.50523e+06
347;0.885383;45573.2;126440;7.9642e+07;2.50574e+06
348;0.882908;41430.6;115245;7.96568e+07;2.50621e+06
349;0.880658;37664.6;105032;7.96704e+07;2.50664e+06
350;0.878613;34240.9;95715.2;7.96827e+07;2.50703e+06
351;0.876754;31128.4;87217.4;7.9694e+07;2.50738e+06
352;0.875063;28298.8;79467.5;7.97043e+07;2.5077e+06
353;0.873525;25726.4;72400.5;7.97136e+07;2.508e+06
354;0.872127;23387.9;65956.8;7.97221e+07;2.50826e+06
355;0.870855;21262;60082.2;7.97299e+07;2.50851e+06
356;0.869698;19329.2;54727;7.97369e+07;2.50873e+06
357;0.868646;17572.2;49845.6;7.97434e+07;2.50893e+06
358;0.867688;15974.9;45396.7;7.97492e+07;2.50912e+06
359;0.866818;14522.8;41342.2;7.97546e+07;2.50929e+06
360;0.866025;13202.7;37647.5;7.97594e+07;2.50944e+06
361;0.865304;12002.5;34281;7.97639e+07;2.50958e+06
362;0.864648;10911.5;31213.7;7.97679e+07;2.5097e+06
363;0.864052;9919.66;28419.3;7.97716e+07;2.50982e+06
364;0.863509;9017.96;25873.8;7.97749e+07;2.50992e+06
365;0.863015;8198.23;23555;7.9778e+07;2.51002e+06
366;0.862565;7453.01;21443;7.97807e+07;2.51011e+06
367;0.862156;6775.53;19519.5;7.97832e+07;2.51019e+06
368;0.861784;6159.64;17767.6;7.97855e+07;2.51026e+06
369;0.861445;5599.73;16172.3;7.97876e+07;2.51033e+06
370;0.861137;5090.71;14719.6;7.97895e+07;2.51038e+06
371;0.860857;4627.97;13396.9;7.97913e+07;2.51044e+06
372;0.860602;4207.28;12192.5;7.97928e+07;2.51049e+06
373;0.86037;3824.84;11096;7.97943e+07;2.51053e+06
374;0.860159;3477.16;10097.8;7.97956e+07;2.51058e+06
375;0.859967;3161.09;9188.97;7.97968e+07;2.51061e+06
376;0.859792;2873.75;8361.69;7.97978e+07;2.51065e+06
377;0.859633;2612.52;7608.64;7.97988e+07;2.51068e+06
378;0.859489;2375.05;6923.19;7.97997e+07;2.51071e+06
379;0.859357;2159.15;6299.3;7.98005e+07;2.51073e+06
380;0.859237;1962.89;5731.46;7.98013e+07;2.51075e+06
381;0.859128;1784.46;5214.66;7.98019e+07;2.51078e+06
382;0.859029;1622.25;4744.33;7.98026e+07;2.51079e+06
383;0.858939;1474.79;4316.31;7.98031e+07;2.51081e+06
384;0.858857;1340.73;3926.8;7.98036e+07;2.51083e+06
385;0.858783;1218.86;3572.35;7.98041e+07;2.51084e+06
386;0.858715;1108.07;3249.82;7.98045e+07;2.51086e+06
387;0.858653;1007.34;2956.34;7.98049e+07;2.51087e+06
388;0.858597;915.775;2689.3;7.98052e+07;2.51088e+06
389;0.858546;832.531;2446.33;7.98056e+07;2.51089e+06
390;0.8585;756.854;2225.27;7.98058e+07;2.5109e+06
391;0.858457;688.056;2024.14;7.98061e+07;2.51091e+06
392;0.858419;625.512;1841.16;7.98063e+07;2.51091e+06
393;0.858384;568.653;1674.69;7.98066e+07;2.51092e+06
394;0.858352;516.962;1523.24;7.98068e+07;2.51093e+06
395;0.858323;469.97;1385.46;7.98069e+07;2.51093e+06
396;0.858297;427.25;1260.12;7.98071e+07;2.51094e+06
397;0.858273;388.413;1146.11;7.98072e+07;2.51094e+06
398;0.858251;353.106;1042.39;7.98074e+07;2.51095e+06
399;0.858232;321.009;948.047;7.98075e+07;2.51095e+06
400;0.858214;291.829;862.229;7.98076e+07;2.51095e+06
401;0.858197;265.302;784.168;7.98077e+07;2.51096e+06
402;0.858182;241.186;713.164;7.98078e+07;2.51096e+06
403;0.858169;219.262;648.581;7.98079e+07;2.51096e+06
404;0.858156;199.331;589.839;7.9808e+07;2.51097e+06
405;0.858145;181.212;536.411;7.9808e+07;2.51097e+06
406;0.858135;164.74;487.816;7.98081e+07;2.51097e+06
407;0.858126;149.765;443.619;7.98082e+07;2.51097e+06
408;0.858117;136.152;403.422;7.98082e+07;2.51097e+06
409;0.85811;123.775;366.863;7.98083e+07;2.51097e+06
410;0.858103;112.524;333.614;7.98083e+07;2.51098e+06
411;0.858096;102.296;303.375;7.98083e+07;2.51098e+06
412;0.858091;92.9971;275.874;7.98084e+07;2.51098e+06
413;0.858085;84.5436;250.864;7.98084e+07;2.51098e+06
414;0.858081;76.8586;228.119;7.98084e+07;2.51098e+06
415;0.858076;69.8722;207.435;7.98085e+07;2.51098e+06
416;0.858072;63.5208;188.624;7.98085e+07;2.51098e+06
417;0.858069;57.7468;171.518;7.98085e+07;2.51098e+06
418;0.858066;52.4976;155.962;7.98085e+07;2.51098e+06
419;0.858063;47.7256;141.816;7.98086e+07;2.51098e+06
420;0.85806;43.3873;128.952;7.98086e+07;2.51098e+06
421;0.858058;39.4434;117.254;7.98086e+07;2.51098e+06
422;0.858055;35.858;106.617;7.98086e+07;2.51098e+06
423;0.858053;32.5985;96.9434;7.98086e+07;2.51099e+06
424;0.858051;29.6353;88.1474;7.98086e+07;2.51099e+06
425;0.85805;26.9415;80.149;7.98086e+07;2.51099e+06
426;0.858048;24.4925;72.8759;7.98086e+07;2.51099e+06
427;0.858047;22.2661;66.2624;7.98086e+07;2.51099e+06
428;0.858046;20.2421;60.2488;7.98087e+07;2.51099e+06
429;0.858044;18.4021;54.7806;7.98087e+07;2.51099e+06
430;0.858043;16.7294;49.8085;7.98087e+07;2.51099e+06
431;0.858042;15.2087;45.2874;7.98087e+07;2.51099e+06
432;0.858042;13.8262;41.1765;7.98087e+07;2.51099e+06
433;0.858041;12.5694;37.4386;7.98087e+07;2.51099e+06
434;0.85804;11.4268;34.0399;7.98087e+07;2.51099e+06
435;0.85804;10.3881;30.9495;7.98087e+07;2.51099e+06
436;0.858039;9.44386;28.1396;7.98087e+07;2.51099e+06
437;0.858038;8.58542;25.5847;7.98087e+07;2.51099e+06
438;0.858038;7.805;23.2617;7.98087e+07;2.51099e+06
439;0.858037;7.09553;21.1495;7.98087e+07;2.51099e+06
440;0.858037;6.45054;19.2291;7.98087e+07;2.51099e+06
441;0.858037;5.86419;17.483;7.98087e+07;2.51099e+06
442;0.858036;5.33114;15.8953;7.98087e+07;2.51099e+06
443;0.858036;4.84654;14.4518;7.98087e+07;2.51099e+06
444;0.858036;4.40599;13.1394;7.98087e+07;2.51099e+06
445;0.858036;4.00548;11.9461;7.98087e+07;2.51099e+06
446;0.858035;3.64138;10.8611;7.98087e+07;2.51099e+06
447;0.858035;3.31038;9.87466;7.98087e+07;2.51099e+06
448;0.858035;3.00947;8.97778;7.98087e+07;2.51099e+06
449;0.858035;2.73591;8.16233;7.98087e+07;2.51099e+06
450;0.858035;2.48721;7.42094;7.98087e+07;2.51099e+06
451;0.858034;2.26113;6.74686;7.98087e+07;2.51099e+06
452;0.858034;2.05559;6.13401;7.98087e+07;2.51099e+06
453;0.858034;1.86874;5.5768;7.98087e+07;2.51099e+06
454;0.858034;1.69887;5.07021;7.98087e+07;2.51099e+06
455;0.858034;1.54444;4.60962;7.98087e+07;2.51099e+06
456;0.858034;1.40405;4.19086;7.98087e+07;2.51099e+06
457;0.858034;1.27642;3.81014;7.98087e+07;2.51099e+06
458;0.858034;1.1604;3.46399;7.98087e+07;2.51099e+06
459;0.858034;1.05492;3.14929;7.98087e+07;2.51099e+06
460;0.858034;0.959025;2.86318;7.98087e+07;2.51099e+06
461;0.858034;0.87185;2.60305;7.98087e+07;2.51099e+06
462;0.858034;0.792599;2.36655;7.98087e+07;2.51099e+06
463;0.858033;0.720552;2.15153;7.98087e+07;2.51099e+06
464;0.858033;0.655054;1.95605;7.98087e+07;2.51099e+06
465;0.858033;0.595509;1.77833;7.98087e+07;2.51099e+06
466;0.858033;0.541377;1.61675;7.98087e+07;2.51099e+06
467;0.858033;0.492166;1.46985;7.98087e+07;2.51099e+06
468;0.858033;0.447428;1.33629;7.98087e+07;2.51099e+06
469;0.858033;0.406757;1.21487;7.98087e+07;2.51099e+06
470;0.858033;0.369783;1.10448;7.98087e+07;2.51099e+06
471;0.858033;0.33617;1.00412;7.98087e+07;2.51099e+06
472;0.858033;0.305612;0.912879;7.98087e+07;2.51099e+06
473;0.858033;0.277832;0.829927;7.98087e+07;2.51099e+06
474;0.858033;0.252577;0.754512;7.98087e+07;2.51099e+06
475;0.858033;0.229618;0.685949;7.98087e+07;2.51099e+06
476;0.858033;0.208745;0.623615;7.98087e+07;2.51099e+06
477;0.858033;0.189771;0.566946;7.98087e+07;2.51099e+06
478;0.858033;0.17252;0.515425;7.98087e+07;2.51099e+06
479;0.858033;0.156838;0.468586;7.98087e+07;2.51099e+06
