258;5.85091e+06;1.7647;0.8787;0.1176;0.0037
259;5.8509e+06;3.15493;0.932525;0.220935;0.00695119
260;5.8509e+06;4.51377;1.10619;0.3306;0.0104015
261;5.8509e+06;6.05557;1.38231;0.460688;0.0144944
262;5.8509e+06;7.94448;1.76509;0.623248;0.019609
263;5.8509e+06;10.3372;2.27314;0.830823;0.0261398
264;5.85089e+06;13.4089;2.93706;1.09814;0.0345504
265;5.85089e+06;17.3731;3.79966;1.44354;0.0454176
266;5.85088e+06;22.4991;4.91797;1.89038;0.0594763
267;5.85087e+06;29.1326;6.36659;2.46874;0.0776728
268;5.85086e+06;37.7195;8.24248;3.21745;0.101229
269;5.85085e+06;48.8362;10.6714;4.18676;0.131726
270;5.85083e+06;63.2286;13.8161;5.44172;0.17121
271;5.8508e+06;81.8621;17.8877;7.0665;0.22233
272;5.85077e+06;105.987;23.1592;9.17009;0.288515
273;5.85073e+06;137.221;29.9842;11.8936;0.374204
274;5.85068e+06;177.659;38.8205;15.4198;0.485145
275;5.85061e+06;230.013;50.2607;19.985;0.628781
276;5.85052e+06;297.796;65.0723;25.8957;0.814746
277;5.8504e+06;385.552;84.2487;33.5482;1.05551
278;5.85026e+06;499.166;109.076;43.4559;1.36723
279;5.85006e+06;646.256;141.219;56.2832;1.77081
280;5.84981e+06;836.685;182.834;72.8906;2.29333
281;5.84949e+06;1083.22;236.711;94.3918;2.96981
282;5.84907e+06;1402.38;306.462;122.229;3.84564
283;5.84853e+06;1815.54;396.764;158.269;4.97955
284;5.84783e+06;2350.4;513.67;204.929;6.44758
285;5.84693e+06;3042.74;665.013;265.336;8.34816
286;5.84575e+06;3938.91;860.932;343.542;10.8087
287;5.84424e+06;5098.81;1114.55;444.787;13.9942
288;5.84227e+06;6599.93;1442.84;575.858;18.118
289;5.83973e+06;8542.42;1867.75;745.536;23.4565
290;5.83644e+06;11055.6;2417.7;965.183;30.3672
291;5.83218e+06;14306.7;3129.39;1249.5;39.3127
292;5.82668e+06;18511;4050.27;1617.52;50.8914
293;5.81956e+06;23946.3;5241.62;2093.83;65.8774
294;5.81036e+06;30970;6782.54;2710.25;85.2714
295;5.79847e+06;40041.2;8774.99;3507.87;110.367
296;5.78313e+06;51748.2;11350.3;4539.81;142.834
297;5.76333e+06;66842.6;14677.4;5874.61;184.83
298;5.73782e+06;86280.9;18973.1;7600.68;239.137
299;5.70498e+06;111274;24514.6;9831.91;309.337
300;5.6628e+06;143343;31655.7;12714.8;400.041
301;5.60872e+06;184384;40845.8;16437.5;517.167
302;5.53962e+06;236726;52651.7;21241;668.297
303;5.45164e+06;303189;67783.4;27432.8;863.108
304;5.34017e+06;387100;87121.1;35404.2;1113.91
305;5.19982e+06;492261;111741;45649.6;1436.25
306;5.02453e+06;622802;142933;58790.3;1849.7
307;4.80786e+06;782866;182208;75599.2;2378.55
308;4.54353e+06;976031;231269;97026.9;3052.72
309;4.22644e+06;1.2044e+06;291937;124224;3908.41
310;3.85405e+06;1.46731e+06;366005;158556;4988.58
311;3.42823e+06;1.75975e+06;454987;201598;6342.8
312;2.95727e+06;2.07075e+06;559759;255105;8026.25
313;2.45731e+06;2.38248e+06;680091;320932;10097.4
314;1.95239e+06;2.67083e+06;814163;400911;12613.7
315;1.47192e+06;2.90852e+06;958184;496656;15626.1
316;1.0454e+06;3.07066e+06;1.10634e+06;609339;19171.4
317;695422;3.14151e+06;1.25126e+06;739445;23264.8
318;431926;3.11945e+06;1.38505e+06;886593;27894.5
319;250627;3.01719e+06;1.5006e+06;1.04947e+06;33019.2
320;136550;2.857e+06;1.59284e+06;1.22595e+06;38571.4
321;70513.8;2.66334e+06;1.65933e+06;1.41326e+06;44464.9
322;34953.5;2.4568e+06;1.70015e+06;1.6084e+06;50604.4
323;16873.6;2.25156e+06;1.71725e+06;1.80834e+06;56895
324;8048.28;2.05572e+06;1.71361e+06;2.01029e+06;63248.8
325;3843.13;1.87306e+06;1.69261e+06;2.21181e+06;69589.2
326;1857.56;1.70478e+06;1.65756e+06;2.41086e+06;75851.8
327;916.701;1.55076e+06;1.61146e+06;2.60579e+06;81984.8
328;464.822;1.41025e+06;1.55696e+06;2.7953e+06;87947.2
329;243.213;1.28228e+06;1.49629e+06;2.97839e+06;93708
330;131.666;1.16583e+06;1.43135e+06;3.15436e+06;99244.2
331;73.8437;1.05991e+06;1.3637e+06;3.32268e+06;104540
332;42.9189;963597;1.29463e+06;3.48305e+06;109586
333;25.8404;876023;1.22518e+06;3.6353e+06;114376
334;16.1013;796402;1.1562e+06;3.77938e+06;118909
335;10.37;724015;1.08834e+06;3.91535e+06;123187
336;6.89276;658206;1.02214e+06;4.04334e+06;127214
337;4.72058;598377;957986;4.16355e+06;130996
338;3.32539;543986;896174;4.2762e+06;134540
339;2.4054;494538;836917;4.3816e+06;137856
340;1.78357;449586;780352;4.48002e+06;140953
341;1.35342;408719;726563;4.57179e+06;143840
342;1.04936;371566;675583;4.65723e+06;146528
343;0.83005;337791;627410;4.73668e+06;149028
344;0.668872;307086;582011;4.81046e+06;151350
345;0.54834;279172;539327;4.87891e+06;153503
346;0.45674;253796;499283;4.94233e+06;155499
347;0.386083;230726;461790;5.00105e+06;157346
348;0.330823;209753;426748;5.05535e+06;159054
349;0.287052;190686;394050;5.10554e+06;160633
350;0.251973;173353;363585;5.15188e+06;162091
351;0.223555;157595;335240;5.19464e+06;163437
352;0.200301;143270;308901;5.23406e+06;164677
353;0.181099;130247;284454;5.27039e+06;165820
354;0.165109;118407;261790;5.30384e+06;166873
355;0.151689;107644;240798;5.33463e+06;167841
356;0.140347;97859.1;221374;5.36294e+06;168732
357;0.130698;88963.7;203416;5.38898e+06;169551
358;0.12244;80877;186829;5.4129e+06;170304
359;0.115334;73525.2;171518;5.43487e+06;170995
360;0.109188;66841.8;157397;5.45504e+06;171630
361;0.103848;60765.9;144380;5.47355e+06;172212
362;0.0991886;55242.3;132391;5.49053e+06;172746
363;0.0951075;50220.8;121353;5.5061e+06;173236
364;0.0915202;45655.7;111198;5.52037e+06;173685
365;0.0883569;41505.6;101860;5.53345e+06;174097
366;0.0855592;37732.7;93277.1;5.54543e+06;174473
367;0.0830781;34302.8;85392.5;5.5564e+06;174819
368;0.0808726;31184.7;78152.5;5.56644e+06;175135
369;0.0789074;28350;71507.3;5.57563e+06;175424
370;0.077153;25773;65410.5;5.58404e+06;175688
371;0.0755838;23430.2;59818.9;5.59173e+06;175930
372;0.0741779;21300.4;54692.7;5.59876e+06;176152
373;0.0729163;19364.2;49994.7;5.6052e+06;176354
374;0.0717826;17604;45690.6;5.61108e+06;176539
375;0.0707626;16003.8;41748.5;5.61645e+06;176708
376;0.0698438;14549.1;38139.1;5.62136e+06;176862
377;0.0690154;13226.6;34835.4;5.62584e+06;177004
378;0.0682676;12024.3;31812.1;5.62994e+06;177132
379;0.0675922;10931.3;29046.3;5.63368e+06;177250
380;0.0669815;9937.61;26516.7;5.6371e+06;177358
381;0.0664291;9034.28;24203.5;5.64022e+06;177456
382;0.065929;8213.07;22088.9;5.64306e+06;177545
383;0.065476;7466.5;20156;5.64566e+06;177627
384;0.0650655;6787.79;18389.8;5.64803e+06;177702
385;0.0646933;6170.78;16776.1;5.65019e+06;177770
386;0.0643557;5609.86;15302.1;5.65217e+06;177832
387;0.0640494;5099.92;13955.9;5.65396e+06;177888
388;0.0637713;4636.34;12726.6;5.65561e+06;177940
389;0.0635189;4214.9;11604.3;5.6571e+06;177987
390;0.0632896;3831.76;10579.9;5.65847e+06;178030
391;0.0630813;3483.46;9644.84;5.65971e+06;178069
392;0.062892;3166.81;8791.57;5.66085e+06;178105
393;0.06272;2878.95;8013.01;5.66188e+06;178137
394;0.0625637;2617.25;7302.73;5.66282e+06;178167
395;0.0624216;2379.34;6654.82;5.66368e+06;178194
396;0.0622923;2163.06;6063.87;5.66446e+06;178219
397;0.0621748;1966.44;5524.95;5.66518e+06;178241
398;0.062068;1787.69;5033.52;5.66583e+06;178262
399;0.0619708;1625.19;4585.45;5.66642e+06;178280
400;0.0618824;1477.46;4176.97;5.66696e+06;178297
401;0.061802;1343.16;3804.6;5.66745e+06;178313
402;0.0617288;1221.07;3465.2;5.6679e+06;178327
403;0.0616623;1110.07;3155.86;5.6683e+06;178339
404;0.0616017;1009.17;2873.96;5.66867e+06;178351
405;0.0615467;917.432;2617.08;5.66901e+06;178362
406;0.0614965;834.038;2383.03;5.66932e+06;178371
407;0.061451;758.224;2169.78;5.6696e+06;178380
408;0.0614095;689.301;1975.51;5.66986e+06;178388
409;0.0613717;626.644;1798.54;5.67009e+06;178396
410;0.0613374;569.682;1637.34;5.6703e+06;178402
411;0.0613062;517.898;1490.51;5.67049e+06;178408
412;0.0612777;470.821;1356.79;5.67067e+06;178414
413;0.0612519;428.023;1235.01;5.67083e+06;178419
414;0.0612283;389.116;1124.11;5.67097e+06;178423
415;0.0612069;353.745;1023.13;5.6711e+06;178428
416;0.0611874;321.59;931.176;5.67122e+06;178431
417;0.0611697;292.357;847.457;5.67133e+06;178435
418;0.0611536;265.782;771.235;5.67143e+06;178438
419;0.0611389;241.623;701.844;5.67152e+06;178441
420;0.0611256;219.659;638.674;5.67161e+06;178443
421;0.0611134;199.692;581.17;5.67168e+06;178446
422;0.0611024;181.54;528.826;5.67175e+06;178448
423;0.0610923;165.038;481.181;5.67181e+06;178450
424;0.0610832;150.036;437.816;5.67187e+06;178452
425;0.0610749;136.398;398.347;5.67192e+06;178453
426;0.0610673;123.999;362.426;5.67197e+06;178455
427;0.0610604;112.728;329.735;5.67201e+06;178456
428;0.0610541;102.481;299.986;5.67205e+06;178457
429;0.0610484;93.1654;272.913;5.67208e+06;178458
430;0.0610433;84.6966;248.277;5.67212e+06;178459
431;0.0610385;76.9977;225.86;5.67215e+06;178460
432;0.0610343;69.9986;205.462;5.67217e+06;178461
433;0.0610303;63.6358;186.903;5.6722e+06;178462
434;0.0610268;57.8513;170.016;5.67222e+06;178463
435;0.0610236;52.5926;154.652;5.67224e+06;178463
436;0.0610206;47.8119;140.673;5.67226e+06;178464
437;0.061018;43.4658;127.956;5.67227e+06;178464
438;0.0610155;39.5148;116.386;5.67229e+06;178465
439;0.0610133;35.9229;105.86;5.6723e+06;178465
440;0.0610113;32.6575;96.2845;5.67231e+06;178466
441;0.0610095;29.6889;87.5737;5.67233e+06;178466
442;0.0610078;26.9902;79.6498;5.67234e+06;178466
443;0.0610063;24.5368;72.4416;5.67235e+06;178467
444;0.0610049;22.3064;65.8849;5.67235e+06;178467
445;0.0610037;20.2788;59.9207;5.67236e+06;178467
446;0.0610026;18.4354;54.4957;5.67237e+06;178467
447;0.0610015;16.7596;49.5611;5.67238e+06;178468
448;0.0610006;15.2362;45.0728;5.67238e+06;178468
449;0.0609997;13.8512;40.9904;5.67239e+06;178468
450;0.0609989;12.5921;37.2774;5.67239e+06;178468
451;0.0609982;11.4475;33.9003;5.6724e+06;178468
452;0.0609976;10.4069;30.8287;5.6724e+06;178468
453;0.060997;9.46095;28.0352;5.6724e+06;178468
454;0.0609965;8.60095;25.4945;5.67241e+06;178469
455;0.060996;7.81913;23.1839;5.67241e+06;178469
456;0.0609956;7.10837;21.0824;5.67241e+06;178469
457;0.0609952;6.46222;19.1713;5.67241e+06;178469
458;0.0609948;5.8748;17.4332;5.67242e+06;178469
459;0.0609945;5.34078;15.8526;5.67242e+06;178469
460;0.0609942;4.85531;14.4151;5.67242e+06;178469
461;0.0609939;4.41396;13.1079;5.67242e+06;178469
462;0.0609936;4.01273;11.9192;5.67242e+06;178469
463;0.0609934;3.64797;10.8381;5.67243e+06;178469
464;0.0609932;3.31637;9.85507;5.67243e+06;178469
465;0.060993;3.01492;8.96111;5.67243e+06;178469
466;0.0609928;2.74086;8.14818;5.67243e+06;178469
467;0.0609927;2.49172;7.40895;5.67243e+06;178469
468;0.0609926;2.26522;6.73674;5.67243e+06;178469
469;0.0609924;2.05931;6.12548;5.67243e+06;178469
470;0.0609923;1.87212;5.56965;5.67243e+06;178469
471;0.0609922;1.70194;5.06423;5.67243e+06;178469
472;0.0609921;1.54724;4.60465;5.67243e+06;178469
473;0.060992;1.40659;4.18675;5.67243e+06;178469
474;0.0609919;1.27873;3.80675;5.67243e+06;178469
475;0.0609919;1.1625;3.46123;5.67243e+06;178469
476;0.0609918;1.05683;3.14705;5.67244e+06;178469
477;0.0609917;0.960761;2.86138;5.67244e+06;178469
478;0.0609917;0.873428;2.60163;5.67244e+06;178469
479;0.0609916;0.794033;2.36545;5.67244e+06;178470
480;0.0609916;0.721856;2.1507;5.67244e+06;178470
481;0.0609916;0.656239;1.95543;5.67244e+06;178470
482;0.0609915;0.596587;1.77789;5.67244e+06;178470
483;0.0609915;0.542357;1.61646;5.67244e+06;178470
484;0.0609915;0.493057;1.46969;5.67244e+06;178470
485;0.0609914;0.448238;1.33623;5.67244e+06;178470
486;0.0609914;0.407493;1.21489;5.67244e+06;178470
487;0.0609914;0.370452;1.10457;5.67244e+06;178470
488;0.0609914;0.336778;1.00426;5.67244e+06;178470
489;0.0609913;0.306165;0.913054;5.67244e+06;178470
490;0.0609913;0.278335;0.830131;5.67244e+06;178470
491;0.0609913;0.253034;0.754736;5.67244e+06;178470
492;0.0609913;0.230033;0.686188;5.67244e+06;178470
493;0.0609913;0.209123;0.623863;5.67244e+06;178470
494;0.0609913;0.190114;0.567198;5.67244e+06;178470
495;0.0609913;0.172833;0.515678;5.67244e+06;178470
496;0.0609912;0.157122;0.468837;5.67244e+06;178470
