212;4.27231e+07;1.7647;0.8787;0.1176;0.0037
213;4.27231e+07;3.15493;0.932525;0.220935;0.00695119
214;4.27231e+07;4.51377;1.10619;0.3306;0.0104015
215;4.27231e+07;6.05557;1.38231;0.460688;0.0144944
216;4.27231e+07;7.94449;1.76509;0.623248;0.019609
217;4.27231e+07;10.3372;2.27314;0.830823;0.0261398
218;4.27231e+07;13.4089;2.93706;1.09814;0.0345505
219;4.27231e+07;17.3731;3.79967;1.44354;0.0454176
220;4.27231e+07;22.4991;4.91798;1.89038;0.0594763
221;4.27231e+07;29.1327;6.3666;2.46874;0.0776729
222;4.27231e+07;37.7197;8.2425;3.21745;0.101229
223;4.27231e+07;48.8365;10.6714;4.18677;0.131727
224;4.27231e+07;63.2291;13.8162;5.44172;0.171211
225;4.2723e+07;81.8629;17.8878;7.06651;0.222331
226;4.2723e+07;105.988;23.1594;9.17012;0.288516
227;4.2723e+07;137.223;29.9845;11.8937;0.374205
228;4.27229e+07;177.663;38.8209;15.4198;0.485148
229;4.27228e+07;230.02;50.2615;19.9852;0.628785
230;4.27228e+07;297.807;65.0736;25.8959;0.814753
231;4.27226e+07;385.571;84.2508;33.5486;1.05552
232;4.27225e+07;499.198;109.08;43.4565;1.36725
233;4.27223e+07;646.311;141.225;56.2842;1.77085
234;4.2722e+07;836.777;182.844;72.8923;2.29338
235;4.27217e+07;1083.37;236.728;94.3948;2.96991
236;4.27213e+07;1402.63;306.492;122.234;3.8458
237;4.27208e+07;1815.98;396.814;158.277;4.97982
238;4.27201e+07;2351.12;513.752;204.943;6.44803
239;4.27192e+07;3043.96;665.151;265.36;8.34891
240;4.2718e+07;3940.95;861.164;343.582;10.81
241;4.27165e+07;5102.23;1114.94;444.855;13.9963
242;4.27145e+07;6605.66;1443.49;575.971;18.1215
243;4.27119e+07;8552.01;1868.85;745.725;23.4624
244;4.27087e+07;11071.7;2419.53;965.502;30.3772
245;4.27044e+07;14333.6;3132.46;1250.04;39.3295
246;4.26989e+07;18556.1;4055.42;1618.42;50.9196
247;4.26917e+07;24021.9;5250.25;2095.33;65.9246
248;4.26824e+07;31096.6;6796.99;2712.76;85.3505
249;4.26705e+07;40253.2;8799.19;3512.09;110.499
250;4.2655e+07;52103;11390.9;4546.87;143.056
251;4.26349e+07;67436.3;14745.3;5886.44;185.203
252;4.26089e+07;87273.7;19086.7;7620.49;239.76
253;4.25753e+07;112933;24704.6;9865.08;310.381
254;4.25319e+07;146113;31973.6;12770.3;401.788
255;4.24757e+07;189003;41376.9;16530.4;520.09
256;4.24031e+07;244418;53538.2;21396.4;673.185
257;4.23093e+07;315973;69261.7;27692.5;871.276
258;4.21883e+07;408296;89582.2;35837.6;1127.54
259;4.20322e+07;527293;115830;46372.5;1459
260;4.18311e+07;680468;149711;59994.1;1887.57
261;4.15724e+07;877303;193405;77600.1;2441.5
262;4.12403e+07;1.12968e+06;249692;100345;3157.1
263;4.08149e+07;1.45237e+06;322093;129708;4080.96
264;4.02718e+07;1.86341e+06;415043;167586;5272.7
265;3.95813e+07;2.38451e+06;534082;216396;6808.36
266;3.8708e+07;3.04108e+06;686050;279204;8784.46
267;3.76109e+07;3.86177e+06;879266;359883;11322.8
268;3.62446e+07;4.87706e+06;1.12365e+06;463285;14576.1
269;3.45618e+07;6.11652e+06;1.43067e+06;595425;18733.6
270;3.25185e+07;7.60384e+06;1.81312e+06;763672;24027.1
271;3.00817e+07;9.34939e+06;2.28438e+06;976896;30735.7
272;2.72413e+07;1.134e+07;2.85715e+06;1.24554e+06;39187.9
273;2.40234e+07;1.35271e+07;3.54138e+06;1.58154e+06;49759.3
274;2.05052e+07;1.58156e+07;4.34142e+06;1.99801e+06;62862.4
275;1.68227e+07;1.80605e+07;5.25245e+06;2.50856e+06;78925.7
276;1.31662e+07;2.00753e+07;6.25703e+06;3.12624e+06;98359.7
277;9.75554e+06;2.16611e+07;7.3229e+06;3.86207e+06;121511
278;6.79631e+06;2.26514e+07;8.40363e+06;4.72324e+06;148605
279;4.42897e+06;2.29597e+07;9.44327e+06;5.71151e+06;179699
280;2.69411e+06;2.26075e+07;1.03848e+07;6.82204e+06;214639
281;1.53264e+06;2.1714e+07;1.11802e+07;8.0433e+06;253063
282;820644;2.04522e+07;1.17978e+07;9.35809e+06;294430
283;417957;1.89957e+07;1.22258e+07;1.07455e+07;338082
284;205207;1.74818e+07;1.24696e+07;1.21833e+07;383317
285;98556.2;1.59993e+07;1.25461e+07;1.36497e+07;429455
286;46963.5;1.45966e+07;1.24786e+07;1.51251e+07;475875
287;22484.3;1.32942e+07;1.22918e+07;1.65926e+07;522046
288;10927.4;1.20973e+07;1.20092e+07;1.80381e+07;567526
289;5433.92;1.10032e+07;1.16522e+07;1.94504e+07;611960
290;2780.58;1.00057e+07;1.12389e+07;2.08207e+07;655073
291;1469.65;9.09745e+06;1.07852e+07;2.21424e+07;696657
292;804.089;8.27116e+06;1.03039e+07;2.34107e+07;736562
293;455.86;7.51966e+06;9.80588e+06;2.46225e+07;774686
294;267.81;6.83631e+06;9.29996e+06;2.57756e+07;810968
295;162.943;6.215e+06;8.7933e+06;2.68693e+07;845378
296;102.566;5.65011e+06;8.29161e+06;2.79034e+07;877913
297;66.7011;5.13655e+06;7.79944e+06;2.88785e+07;908592
298;44.7458;4.66966e+06;7.32028e+06;2.97957e+07;937450
299;30.9126;4.2452e+06;6.8568e+06;3.06566e+07;964535
300;21.9552;3.85932e+06;6.41096e+06;3.14629e+07;989905
301;16.0034;3.50852e+06;5.98412e+06;3.22169e+07;1.01363e+06
302;11.9516;3.1896e+06;5.57717e+06;3.29206e+07;1.03577e+06
303;9.12994;2.89967e+06;5.1906e+06;3.35765e+07;1.0564e+06
304;7.12285;2.63609e+06;4.82456e+06;3.41869e+07;1.07561e+06
305;5.66675;2.39647e+06;4.47896e+06;3.47542e+07;1.09346e+06
306;4.59083;2.17863e+06;4.1535e+06;3.5281e+07;1.11003e+06
307;3.78221;1.98059e+06;3.84772e+06;3.57694e+07;1.1254e+06
308;3.16483;1.80056e+06;3.56103e+06;3.62219e+07;1.13964e+06
309;2.68656;1.63689e+06;3.29274e+06;3.66407e+07;1.15281e+06
310;2.31103;1.4881e+06;3.04213e+06;3.70279e+07;1.16499e+06
311;2.0125;1.35283e+06;2.80838e+06;3.73857e+07;1.17625e+06
312;1.77243;1.22986e+06;2.5907e+06;3.77159e+07;1.18664e+06
313;1.57735;1.11806e+06;2.38824e+06;3.80206e+07;1.19623e+06
314;1.41726;1.01643e+06;2.20018e+06;3.83015e+07;1.20506e+06
315;1.28473;924037;2.02569e+06;3.85602e+07;1.2132e+06
316;1.17409;840043;1.86397e+06;3.87984e+07;1.2207e+06
317;1.08103;763683;1.71423e+06;3.90176e+07;1.2276e+06
318;1.00222;694264;1.57571e+06;3.92192e+07;1.23394e+06
319;0.935054;631156;1.44769e+06;3.94045e+07;1.23977e+06
320;0.877469;573784;1.32946e+06;3.95748e+07;1.24512e+06
321;0.827838;521627;1.22035e+06;3.97311e+07;1.25004e+06
322;0.784851;474211;1.11974e+06;3.98746e+07;1.25456e+06
323;0.747453;431105;1.02702e+06;4.00063e+07;1.2587e+06
324;0.714782;391918;941629;4.01271e+07;1.2625e+06
325;0.686134;356292;863034;4.02378e+07;1.26599e+06
326;0.660928;323905;790735;4.03393e+07;1.26918e+06
327;0.63868;294462;724262;4.04323e+07;1.2721e+06
328;0.618987;267696;663176;4.05175e+07;1.27478e+06
329;0.60151;243362;607066;4.05955e+07;1.27724e+06
330;0.585962;221241;555551;4.06669e+07;1.27948e+06
331;0.572101;201130;508273;4.07322e+07;1.28154e+06
332;0.559718;182847;464902;4.0792e+07;1.28342e+06
333;0.548637;166226;425130;4.08466e+07;1.28514e+06
334;0.538704;151116;388672;4.08966e+07;1.28671e+06
335;0.529787;137380;355263;4.09423e+07;1.28815e+06
336;0.521771;124892;324657;4.09841e+07;1.28947e+06
337;0.514557;113539;296629;4.10223e+07;1.29067e+06
338;0.508056;103219;270969;4.10572e+07;1.29177e+06
339;0.502192;93836.2;247483;4.10891e+07;1.29277e+06
340;0.496898;85306.5;225993;4.11182e+07;1.29368e+06
341;0.492115;77552.1;206334;4.11447e+07;1.29452e+06
342;0.48779;70502.6;188355;4.1169e+07;1.29528e+06
343;0.483876;64093.9;171917;4.11911e+07;1.29598e+06
344;0.480332;58267.8;156889;4.12114e+07;1.29662e+06
345;0.477122;52971.3;143155;4.12298e+07;1.2972e+06
346;0.474213;48156.2;130605;4.12467e+07;1.29773e+06
347;0.471574;43778.8;119140;4.1262e+07;1.29821e+06
348;0.469181;39799.3;108668;4.1276e+07;1.29865e+06
349;0.467009;36181.5;99104.5;4.12888e+07;1.29905e+06
350;0.465037;32892.6;90372;4.13005e+07;1.29942e+06
351;0.463247;29902.7;82399.8;4.13111e+07;1.29975e+06
352;0.461621;27184.5;75122.9;4.13208e+07;1.30006e+06
353;0.460143;24713.5;68481.5;4.13296e+07;1.30034e+06
354;0.458801;22467;62421.2;4.13377e+07;1.30059e+06
355;0.457581;20424.8;56891.7;4.1345e+07;1.30082e+06
356;0.456472;18568.2;51847.4;4.13517e+07;1.30103e+06
357;0.455463;16880.3;47246.1;4.13578e+07;1.30122e+06
358;0.454547;15345.9;43049.6;4.13633e+07;1.3014e+06
359;0.453713;13951;39222.6;4.13684e+07;1.30156e+06
360;0.452955;12682.8;35733.1;4.1373e+07;1.3017e+06
361;0.452265;11529.9;32551.5;4.13772e+07;1.30183e+06
362;0.451638;10481.9;29651.1;4.13811e+07;1.30195e+06
363;0.451068;9529.07;27007.2;4.13845e+07;1.30206e+06
364;0.450549;8662.88;24597.4;4.13877e+07;1.30216e+06
365;0.450076;7875.42;22401.2;4.13906e+07;1.30226e+06
366;0.449647;7159.55;20399.8;4.13932e+07;1.30234e+06
367;0.449256;6508.75;18576.1;4.13956e+07;1.30241e+06
368;0.448901;5917.1;16914.5;4.13978e+07;1.30248e+06
369;0.448577;5379.24;15400.6;4.13998e+07;1.30255e+06
370;0.448283;4890.27;14021.5;4.14016e+07;1.3026e+06
371;0.448015;4445.74;12765.2;4.14033e+07;1.30265e+06
372;0.447771;4041.62;11620.9;4.14048e+07;1.3027e+06
373;0.44755;3674.24;10578.7;4.14061e+07;1.30274e+06
374;0.447348;3340.25;9629.48;4.14074e+07;1.30278e+06
375;0.447164;3036.62;8765.05;4.14085e+07;1.30282e+06
376;0.446997;2760.59;7977.88;4.14095e+07;1.30285e+06
377;0.446845;2509.66;7261.1;4.14105e+07;1.30288e+06
378;0.446707;2281.53;6608.46;4.14113e+07;1.30291e+06
379;0.446581;2074.14;6014.24;4.14121e+07;1.30293e+06
380;0.446467;1885.6;5473.25;4.14128e+07;1.30295e+06
381;0.446363;1714.2;4980.75;4.14135e+07;1.30297e+06
382;0.446268;1558.38;4532.4;4.14141e+07;1.30299e+06
383;0.446182;1416.72;4124.28;4.14146e+07;1.30301e+06
384;0.446104;1287.94;3752.79;4.14151e+07;1.30303e+06
385;0.446032;1170.87;3414.65;4.14155e+07;1.30304e+06
386;0.445967;1064.44;3106.88;4.14159e+07;1.30305e+06
387;0.445908;967.678;2826.77;4.14163e+07;1.30306e+06
388;0.445855;879.716;2571.85;4.14166e+07;1.30307e+06
389;0.445806;799.75;2339.85;4.14169e+07;1.30308e+06
390;0.445761;727.053;2128.72;4.14172e+07;1.30309e+06
391;0.445721;660.964;1936.6;4.14174e+07;1.3031e+06
392;0.445684;600.882;1761.77;4.14177e+07;1.30311e+06
393;0.445651;546.262;1602.69;4.14179e+07;1.30311e+06
394;0.44562;496.607;1457.94;4.14181e+07;1.30312e+06
395;0.445593;451.465;1326.23;4.14182e+07;1.30312e+06
396;0.445567;410.427;1206.4;4.14184e+07;1.30313e+06
397;0.445544;373.119;1097.37;4.14185e+07;1.30313e+06
398;0.445524;339.203;998.175;4.14187e+07;1.30314e+06
399;0.445505;308.369;907.93;4.14188e+07;1.30314e+06
400;0.445487;280.339;825.829;4.14189e+07;1.30315e+06
401;0.445472;254.856;751.138;4.1419e+07;1.30315e+06
402;0.445458;231.689;683.192;4.14191e+07;1.30315e+06
403;0.445445;210.629;621.381;4.14192e+07;1.30315e+06
404;0.445433;191.483;565.154;4.14192e+07;1.30316e+06
405;0.445422;174.077;514.006;4.14193e+07;1.30316e+06
406;0.445412;158.253;467.481;4.14194e+07;1.30316e+06
407;0.445403;143.868;425.161;4.14194e+07;1.30316e+06
408;0.445395;130.791;386.666;4.14195e+07;1.30316e+06
409;0.445388;118.902;351.653;4.14195e+07;1.30316e+06
410;0.445381;108.094;319.805;4.14195e+07;1.30317e+06
411;0.445375;98.2679;290.839;4.14196e+07;1.30317e+06
412;0.44537;89.3353;264.492;4.14196e+07;1.30317e+06
413;0.445365;81.2147;240.53;4.14196e+07;1.30317e+06
414;0.44536;73.8323;218.736;4.14197e+07;1.30317e+06
415;0.445356;67.121;198.915;4.14197e+07;1.30317e+06
416;0.445352;61.0197;180.888;4.14197e+07;1.30317e+06
417;0.445349;55.473;164.493;4.14197e+07;1.30317e+06
418;0.445346;50.4305;149.582;4.14198e+07;1.30317e+06
419;0.445343;45.8464;136.022;4.14198e+07;1.30317e+06
420;0.44534;41.6789;123.69;4.14198e+07;1.30317e+06
421;0.445338;37.8903;112.475;4.14198e+07;1.30317e+06
422;0.445336;34.4461;102.276;4.14198e+07;1.30317e+06
423;0.445334;31.3149;93.0011;4.14198e+07;1.30318e+06
424;0.445332;28.4684;84.5666;4.14199e+07;1.30318e+06
425;0.44533;25.8806;76.8965;4.14199e+07;1.30318e+06
426;0.445329;23.5281;69.9215;4.14199e+07;1.30318e+06
427;0.445328;21.3894;63.5787;4.14199e+07;1.30318e+06
428;0.445326;19.4451;57.8109;4.14199e+07;1.30318e+06
429;0.445325;17.6775;52.566;4.14199e+07;1.30318e+06
430;0.445324;16.0707;47.7966;4.14199e+07;1.30318e+06
431;0.445323;14.6098;43.4597;4.14199e+07;1.30318e+06
432;0.445323;13.2818;39.5161;4.14199e+07;1.30318e+06
433;0.445322;12.0745;35.9301;4.14199e+07;1.30318e+06
434;0.445321;10.9769;32.6694;4.14199e+07;1.30318e+06
435;0.445321;9.97911;29.7044;4.14199e+07;1.30318e+06
436;0.44532;9.07201;27.0083;4.14199e+07;1.30318e+06
437;0.44532;8.24737;24.5569;4.14199e+07;1.30318e+06
438;0.445319;7.49768;22.3278;4.14199e+07;1.30318e+06
439;0.445319;6.81614;20.301;4.14199e+07;1.30318e+06
440;0.445318;6.19656;18.4581;4.14199e+07;1.30318e+06
441;0.445318;5.63329;16.7824;4.14199e+07;1.30318e+06
442;0.445318;5.12122;15.2587;4.14199e+07;1.30318e+06
443;0.445317;4.6557;13.8734;4.14199e+07;1.30318e+06
444;0.445317;4.2325;12.6137;4.14199e+07;1.30318e+06
445;0.445317;3.84777;11.4684;4.14199e+07;1.30318e+06
446;0.445317;3.498;10.4271;4.14199e+07;1.30318e+06
447;0.445316;3.18004;9.48023;4.14199e+07;1.30318e+06
448;0.445316;2.89097;8.61934;4.14199e+07;1.30318e+06
449;0.445316;2.62818;7.8366;4.142e+07;1.30318e+06
450;0.445316;2.38928;7.12492;4.142e+07;1.30318e+06
451;0.445316;2.1721;6.47786;4.142e+07;1.30318e+06
452;0.445316;1.97465;5.88954;4.142e+07;1.30318e+06
453;0.445316;1.79516;5.35463;4.142e+07;1.30318e+06
454;0.445315;1.63198;4.86829;4.142e+07;1.30318e+06
455;0.445315;1.48363;4.42612;4.142e+07;1.30318e+06
456;0.445315;1.34877;4.02409;4.142e+07;1.30318e+06
457;0.445315;1.22617;3.65857;4.142e+07;1.30318e+06
458;0.445315;1.11471;3.32625;4.142e+07;1.30318e+06
459;0.445315;1.01338;3.0241;4.142e+07;1.30318e+06
460;0.445315;0.921264;2.74939;4.142e+07;1.30318e+06
461;0.445315;0.837521;2.49963;4.142e+07;1.30318e+06
462;0.445315;0.76139;2.27256;4.142e+07;1.30318e+06
463;0.445315;0.69218;2.06611;4.142e+07;1.30318e+06
464;0.445315;0.629261;1.87841;4.142e+07;1.30318e+06
465;0.445315;0.572061;1.70776;4.142e+07;1.30318e+06
466;0.445315;0.520061;1.55261;4.142e+07;1.30318e+06
467;0.445315;0.472787;1.41155;4.142e+07;1.30318e+06
468;0.445315;0.429811;1.2833;4.142e+07;1.30318e+06
469;0.445315;0.390741;1.16671;4.142e+07;1.30318e+06
470;0.445315;0.355223;1.06071;4.142e+07;1.30318e+06
471;0.445315;0.322933;0.964332;4.142e+07;1.30318e+06
472;0.445315;0.293578;0.876713;4.142e+07;1.30318e+06
473;0.445315;0.266892;0.797054;4.142e+07;1.30318e+06
474;0.445315;0.242632;0.724632;4.142e+07;1.30318e+06
475;0.445315;0.220577;0.658789;4.142e+07;1.30318e+06
476;0.445315;0.200526;0.598929;4.142e+07;1.30318e+06
477;0.445315;0.182298;0.544506;4.142e+07;1.30318e+06
478;0.445315;0.165727;0.495029;4.142e+07;1.30318e+06
