253;4.46225e+07;1.7647;0.8787;0.1176;0.0037
254;4.46225e+07;3.15493;0.932525;0.220935;0.00695119
255;4.46225e+07;4.51377;1.10619;0.3306;0.0104015
256;4.46225e+07;6.05557;1.38231;0.460688;0.0144944
257;4.46225e+07;7.94449;1.76509;0.623248;0.019609
258;4.46225e+07;10.3372;2.27314;0.830823;0.0261398
259;4.46225e+07;13.4089;2.93706;1.09814;0.0345505
260;4.46225e+07;17.3731;3.79967;1.44354;0.0454176
261;4.46225e+07;22.4991;4.91798;1.89038;0.0594763
262;4.46225e+07;29.1327;6.3666;2.46874;0.0776729
263;4.46225e+07;37.7197;8.2425;3.21745;0.101229
264;4.46225e+07;48.8365;10.6714;4.18677;0.131727
265;4.46224e+07;63.2291;13.8162;5.44172;0.171211
266;4.46224e+07;81.8629;17.8878;7.06651;0.222331
267;4.46224e+07;105.988;23.1594;9.17012;0.288516
268;4.46223e+07;137.223;29.9845;11.8937;0.374205
269;4.46223e+07;177.663;38.8209;15.4198;0.485148
270;4.46222e+07;230.02;50.2615;19.9852;0.628785
271;4.46221e+07;297.807;65.0736;25.8959;0.814753
272;4.4622e+07;385.571;84.2509;33.5486;1.05552
273;4.46219e+07;499.198;109.08;43.4565;1.36725
274;4.46217e+07;646.311;141.225;56.2842;1.77085
275;4.46214e+07;836.777;182.844;72.8923;2.29338
276;4.46211e+07;1083.37;236.728;94.3949;2.96991
277;4.46207e+07;1402.63;306.492;122.234;3.8458
278;4.46201e+07;1815.98;396.814;158.278;4.97982
279;4.46194e+07;2351.13;513.753;204.943;6.44803
280;4.46185e+07;3043.97;665.152;265.36;8.34892
281;4.46174e+07;3940.96;861.166;343.582;10.81
282;4.46158e+07;5102.25;1114.94;444.855;13.9963
283;4.46139e+07;6605.69;1443.49;575.972;18.1216
284;4.46113e+07;8552.07;1868.85;745.727;23.4625
285;4.4608e+07;11071.8;2419.55;965.504;30.3772
286;4.46038e+07;14333.8;3132.48;1250.04;39.3296
287;4.45982e+07;18556.4;4055.46;1618.42;50.9198
288;4.45911e+07;24022.4;5250.31;2095.34;65.9249
289;4.45818e+07;31097.5;6797.08;2712.78;85.3511
290;4.45698e+07;40254.6;8799.36;3512.12;110.5
291;4.45543e+07;52105.4;11391.1;4546.92;143.058
292;4.45343e+07;67440.3;14745.8;5886.52;185.205
293;4.45083e+07;87280.5;19087.4;7620.62;239.765
294;4.44747e+07;112944;24705.9;9865.31;310.388
295;4.44312e+07;146132;31975.7;12770.7;401.8
296;4.43751e+07;189035;41380.5;16531.1;520.11
297;4.43024e+07;244472;53544.3;21397.4;673.218
298;4.42086e+07;316062;69271.8;27694.2;871.332
299;4.40875e+07;408445;89599.2;35840.6;1127.64
300;4.39313e+07;527541;115858;46377.5;1459.15
301;4.373e+07;680882;149758;60002.4;1887.83
302;4.3471e+07;877993;193485;77614;2441.94
303;4.31383e+07;1.13083e+06;249825;100368;3157.83
304;4.27121e+07;1.45427e+06;322314;129747;4082.18
305;4.21676e+07;1.86656e+06;415410;167651;5274.74
306;4.14748e+07;2.38972e+06;534692;216504;6811.76
307;4.05976e+07;3.04964e+06;687059;279383;8790.12
308;3.94943e+07;3.87574e+06;880931;360181;11332.2
309;3.81181e+07;4.8997e+06;1.12638e+06;463779;14591.7
310;3.64195e+07;6.15285e+06;1.43513e+06;596241;18759.3
311;3.43517e+07;7.66144e+06;1.82034e+06;765013;24069.3
312;3.18774e+07;9.43931e+06;2.29596e+06;979085;30804.5
313;2.89809e+07;1.14777e+07;2.87549e+06;1.24909e+06;39299.6
314;2.56824e+07;1.37329e+07;3.57002e+06;1.58725e+06;49938.9
315;2.20523e+07;1.61146e+07;4.3853e+06;2.00708e+06;63148
316;1.82225e+07;1.84797e+07;5.31819e+06;2.52279e+06;79373.6
317;1.43831e+07;2.06393e+07;6.35289e+06;3.14821e+06;99050.9
318;1.07614e+07;2.23848e+07;7.4584e+06;3.89531e+06;122557
319;7.57851e+06;2.3533e+07;8.58847e+06;4.77242e+06;150153
320;4.99577e+06;2.39765e+07;9.68584e+06;5.78243e+06;181930
321;3.07432e+06;2.37185e+07;1.06904e+07;6.92148e+06;217768
322;1.76819e+06;2.28686e+07;1.15497e+07;8.17867e+06;257322
323;955871;2.16022e+07;1.22275e+07;9.53692e+06;300056
324;490518;2.01039e+07;1.27079e+07;1.09749e+07;345298
325;242079;1.85249e+07;1.29939e+07;1.24693e+07;392317
326;116578;1.69665e+07;1.31016e+07;1.39974e+07;440394
327;55572.8;1.54853e+07;1.30547e+07;1.55382e+07;488870
328;26564;1.41067e+07;1.28787e+07;1.70734e+07;537173
329;12869.6;1.28381e+07;1.25989e+07;1.85879e+07;584824
330;6372.16;1.16776e+07;1.22376e+07;2.00695e+07;631440
331;3244;1.06192e+07;1.18147e+07;2.15087e+07;676719
332;1704.94;9.65546e+06;1.13468e+07;2.28981e+07;720433
333;927.318;8.77856e+06;1.08481e+07;2.42325e+07;762416
334;522.57;7.98099e+06;1.03302e+07;2.55082e+07;802555
335;305.173;7.25574e+06;9.80265e+06;2.67231e+07;840776
336;184.595;6.59631e+06;9.27313e+06;2.78758e+07;877046
337;115.542;5.99677e+06;8.7479e+06;2.89664e+07;911357
338;74.7362;5.45171e+06;8.23189e+06;2.99951e+07;943724
339;49.8802;4.95617e+06;7.72892e+06;3.09632e+07;974182
340;34.2937;4.50567e+06;7.24192e+06;3.18721e+07;1.00278e+06
341;24.2462;4.09612e+06;6.77304e+06;3.27238e+07;1.02957e+06
342;17.5984;3.72379e+06;6.32381e+06;3.35203e+07;1.05463e+06
343;13.0907;3.3853e+06;5.89522e+06;3.4264e+07;1.07803e+06
344;9.96315;3.07758e+06;5.48786e+06;3.49572e+07;1.09984e+06
345;7.74621;2.79783e+06;5.10193e+06;3.56026e+07;1.12015e+06
346;6.14303;2.54351e+06;4.73739e+06;3.62026e+07;1.13903e+06
347;4.96198;2.3123e+06;4.39395e+06;3.67597e+07;1.15656e+06
348;4.0768;2.10212e+06;4.07115e+06;3.72764e+07;1.17281e+06
349;3.40271;1.91103e+06;3.7684e+06;3.77552e+07;1.18788e+06
350;2.88173;1.73732e+06;3.48501e+06;3.81984e+07;1.20182e+06
351;2.47357;1.5794e+06;3.2202e+06;3.86082e+07;1.21471e+06
352;2.14975;1.43583e+06;2.97316e+06;3.89869e+07;1.22663e+06
353;1.88983;1.30532e+06;2.74303e+06;3.93365e+07;1.23763e+06
354;1.67898;1.18666e+06;2.52895e+06;3.96591e+07;1.24778e+06
355;1.50623;1.0788e+06;2.33006e+06;3.99565e+07;1.25714e+06
356;1.36341;980733;2.14549e+06;4.02305e+07;1.26576e+06
357;1.24435;891584;1.97439e+06;4.04828e+07;1.2737e+06
358;1.14433;810540;1.81594e+06;4.0715e+07;1.281e+06
359;1.05972;736862;1.66934e+06;4.09286e+07;1.28772e+06
360;0.987684;669881;1.53383e+06;4.11249e+07;1.2939e+06
361;0.925983;608989;1.40867e+06;4.13053e+07;1.29957e+06
362;0.87285;553632;1.29316e+06;4.14709e+07;1.30478e+06
363;0.826867;503307;1.18662e+06;4.1623e+07;1.30957e+06
364;0.786891;457556;1.08843e+06;4.17626e+07;1.31396e+06
365;0.751992;415964;998000;4.18906e+07;1.31799e+06
366;0.721409;378153;914753;4.20079e+07;1.32168e+06
367;0.694515;343779;838168;4.21155e+07;1.32506e+06
368;0.670789;312530;767748;4.22141e+07;1.32816e+06
369;0.649797;284121;703029;4.23044e+07;1.331e+06
370;0.631176;258294;643578;4.2387e+07;1.33361e+06
371;0.614616;234815;588991;4.24627e+07;1.33599e+06
372;0.599858;213471;538891;4.2532e+07;1.33817e+06
373;0.586679;194066;492928;4.25954e+07;1.34016e+06
374;0.574888;176425;450776;4.26533e+07;1.34198e+06
375;0.564322;160388;412134;4.27063e+07;1.34365e+06
376;0.554839;145809;376722;4.27548e+07;1.34518e+06
377;0.546316;132555;344279;4.27991e+07;1.34657e+06
378;0.538646;120506;314568;4.28396e+07;1.34784e+06
379;0.531736;109552;287365;4.28766e+07;1.34901e+06
380;0.525505;99593.6;262466;4.29104e+07;1.35007e+06
381;0.51988;90540.5;239681;4.29413e+07;1.35104e+06
382;0.514798;82310.4;218838;4.29694e+07;1.35193e+06
383;0.510204;74828.4;199775;4.29952e+07;1.35274e+06
384;0.506047;68026.5;182344;4.30187e+07;1.35348e+06
385;0.502284;61842.9;166410;4.30401e+07;1.35415e+06
386;0.498875;56221.4;151846;4.30597e+07;1.35477e+06
387;0.495785;51110.9;138537;4.30775e+07;1.35533e+06
388;0.492984;46464.9;126379;4.30938e+07;1.35584e+06
389;0.490443;42241.2;115273;4.31087e+07;1.35631e+06
390;0.488137;38401.5;105130;4.31222e+07;1.35674e+06
391;0.486044;34910.8;95868.2;4.31346e+07;1.35713e+06
392;0.484143;31737.4;87412.8;4.31459e+07;1.35748e+06
393;0.482417;28852.5;79694.6;4.31562e+07;1.3578e+06
394;0.480849;26229.8;72650.3;4.31655e+07;1.3581e+06
395;0.479424;23845.5;66222.1;4.31741e+07;1.35837e+06
396;0.478129;21678;60356.9;4.31819e+07;1.35861e+06
397;0.476952;19707.4;55006.2;4.3189e+07;1.35884e+06
398;0.475882;17916;50125.3;4.31954e+07;1.35904e+06
399;0.474909;16287.5;45673.7;4.32013e+07;1.35923e+06
400;0.474024;14806.9;41614;4.32067e+07;1.35939e+06
401;0.473219;13461;37912.2;4.32116e+07;1.35955e+06
402;0.472487;12237.4;34537;4.32161e+07;1.35969e+06
403;0.471822;11125;31460.1;4.32201e+07;1.35982e+06
404;0.471216;10113.7;28655.2;4.32238e+07;1.35993e+06
405;0.470666;9194.4;26098.7;4.32272e+07;1.36004e+06
406;0.470165;8358.63;23768.7;4.32303e+07;1.36014e+06
407;0.469709;7598.83;21645.3;4.3233e+07;1.36022e+06
408;0.469294;6908.1;19710.5;4.32356e+07;1.3603e+06
409;0.468917;6280.15;17947.6;4.32379e+07;1.36038e+06
410;0.468573;5709.29;16341.4;4.324e+07;1.36044e+06
411;0.468261;5190.31;14878.1;4.32419e+07;1.3605e+06
412;0.467977;4718.51;13545.2;4.32437e+07;1.36056e+06
413;0.467718;4289.6;12331.1;4.32453e+07;1.36061e+06
414;0.467483;3899.68;11225.3;4.32467e+07;1.36065e+06
415;0.467269;3545.2;10218.1;4.32481e+07;1.3607e+06
416;0.467074;3222.94;9300.92;4.32493e+07;1.36073e+06
417;0.466897;2929.97;8465.69;4.32504e+07;1.36077e+06
418;0.466736;2663.64;7705.13;4.32513e+07;1.3608e+06
419;0.466589;2421.51;7012.63;4.32523e+07;1.36083e+06
420;0.466456;2201.4;6382.11;4.32531e+07;1.36085e+06
421;0.466334;2001.29;5808.07;4.32538e+07;1.36088e+06
422;0.466224;1819.37;5285.47;4.32545e+07;1.3609e+06
423;0.466123;1653.99;4809.72;4.32551e+07;1.36092e+06
424;0.466032;1503.65;4376.65;4.32557e+07;1.36094e+06
425;0.465948;1366.96;3982.44;4.32562e+07;1.36095e+06
426;0.465873;1242.71;3623.63;4.32567e+07;1.36097e+06
427;0.465804;1129.75;3297.05;4.32571e+07;1.36098e+06
428;0.465741;1027.05;2999.81;4.32575e+07;1.36099e+06
429;0.465684;933.693;2729.29;4.32578e+07;1.361e+06
430;0.465632;848.82;2483.1;4.32582e+07;1.36101e+06
431;0.465585;771.662;2259.06;4.32585e+07;1.36102e+06
432;0.465542;701.518;2055.18;4.32587e+07;1.36103e+06
433;0.465503;637.75;1869.65;4.3259e+07;1.36104e+06
434;0.465468;579.779;1700.84;4.32592e+07;1.36105e+06
435;0.465436;527.077;1547.23;4.32594e+07;1.36105e+06
436;0.465406;479.166;1407.46;4.32596e+07;1.36106e+06
437;0.465379;435.61;1280.29;4.32597e+07;1.36106e+06
438;0.465355;396.013;1164.59;4.32599e+07;1.36107e+06
439;0.465333;360.015;1059.32;4.326e+07;1.36107e+06
440;0.465313;327.29;963.551;4.32601e+07;1.36108e+06
441;0.465295;297.539;876.423;4.32603e+07;1.36108e+06
442;0.465278;270.493;797.159;4.32604e+07;1.36108e+06
443;0.465263;245.905;725.051;4.32605e+07;1.36109e+06
444;0.465249;223.552;659.455;4.32605e+07;1.36109e+06
445;0.465237;203.231;599.784;4.32606e+07;1.36109e+06
446;0.465225;184.758;545.504;4.32607e+07;1.36109e+06
447;0.465215;167.963;496.129;4.32608e+07;1.3611e+06
448;0.465205;152.695;451.216;4.32608e+07;1.3611e+06
449;0.465197;138.815;410.364;4.32609e+07;1.3611e+06
450;0.465189;126.197;373.205;4.32609e+07;1.3611e+06
451;0.465182;114.726;339.407;4.3261e+07;1.3611e+06
452;0.465176;104.297;308.665;4.3261e+07;1.3611e+06
453;0.46517;94.8166;280.705;4.3261e+07;1.3611e+06
454;0.465164;86.1978;255.274;4.32611e+07;1.36111e+06
455;0.46516;78.3624;232.145;4.32611e+07;1.36111e+06
456;0.465155;71.2393;211.109;4.32611e+07;1.36111e+06
457;0.465151;64.7636;191.977;4.32612e+07;1.36111e+06
458;0.465148;58.8766;174.577;4.32612e+07;1.36111e+06
459;0.465144;53.5247;158.753;4.32612e+07;1.36111e+06
460;0.465141;48.6593;144.361;4.32612e+07;1.36111e+06
461;0.465138;44.2362;131.274;4.32612e+07;1.36111e+06
462;0.465136;40.2151;119.371;4.32612e+07;1.36111e+06
463;0.465134;36.5596;108.547;4.32613e+07;1.36111e+06
464;0.465132;33.2363;98.7035;4.32613e+07;1.36111e+06
465;0.46513;30.2151;89.7519;4.32613e+07;1.36111e+06
466;0.465128;27.4686;81.6116;4.32613e+07;1.36111e+06
467;0.465127;24.9717;74.209;4.32613e+07;1.36111e+06
468;0.465125;22.7018;67.4774;4.32613e+07;1.36111e+06
469;0.465124;20.6382;61.356;4.32613e+07;1.36111e+06
470;0.465123;18.7622;55.7895;4.32613e+07;1.36111e+06
471;0.465122;17.0567;50.7277;4.32613e+07;1.36111e+06
472;0.465121;15.5062;46.1249;4.32613e+07;1.36111e+06
473;0.46512;14.0967;41.9395;4.32613e+07;1.36111e+06
474;0.465119;12.8153;38.1336;4.32614e+07;1.36111e+06
475;0.465118;11.6504;34.6729;4.32614e+07;1.36111e+06
476;0.465118;10.5914;31.5261;4.32614e+07;1.36111e+06
477;0.465117;9.62864;28.6647;4.32614e+07;1.36111e+06
478;0.465116;8.75339;26.0629;4.32614e+07;1.36111e+06
479;0.465116;7.95771;23.6972;4.32614e+07;1.36111e+06
480;0.465115;7.23436;21.5461;4.32614e+07;1.36111e+06
481;0.465115;6.57675;19.5901;4.32614e+07;1.36111e+06
482;0.465115;5.97893;17.8117;4.32614e+07;1.36111e+06
483;0.465114;5.43544;16.1946;4.32614e+07;1.36111e+06
484;0.465114;4.94136;14.7243;4.32614e+07;1.36111e+06
485;0.465114;4.49219;13.3874;4.32614e+07;1.36111e+06
486;0.465114;4.08385;12.1719;4.32614e+07;1.36112e+06
487;0.465113;3.71263;11.0666;4.32614e+07;1.36112e+06
488;0.465113;3.37515;10.0617;4.32614e+07;1.36112e+06
489;0.465113;3.06835;9.14804;4.32614e+07;1.36112e+06
490;0.465113;2.78944;8.31729;4.32614e+07;1.36112e+06
491;0.465113;2.53588;7.56197;4.32614e+07;1.36112e+06
492;0.465112;2.30537;6.87521;4.32614e+07;1.36112e+06
493;0.465112;2.09581;6.25081;4.32614e+07;1.36112e+06
494;0.465112;1.9053;5.68309;4.32614e+07;1.36112e+06
495;0.465112;1.73211;5.16693;4.32614e+07;1.36112e+06
496;0.465112;1.57466;4.69763;4.32614e+07;1.36112e+06
497;0.465112;1.43152;4.27094;4.32614e+07;1.36112e+06
498;0.465112;1.3014;3.883;4.32614e+07;1.36112e+06
499;0.465112;1.1831;3.53029;4.32614e+07;1.36112e+06
500;0.465112;1.07556;3.20961;4.32614e+07;1.36112e+06
501;0.465112;0.977789;2.91805;4.32614e+07;1.36112e+06
502;0.465112;0.888908;2.65297;4.32614e+07;1.36112e+06
503;0.465111;0.808107;2.41197;4.32614e+07;1.36112e+06
504;0.465111;0.73465;2.19285;4.32614e+07;1.36112e+06
505;0.465111;0.66787;1.99364;4.32614e+07;1.36112e+06
506;0.465111;0.607161;1.81252;4.32614e+07;1.36112e+06
507;0.465111;0.55197;1.64785;4.32614e+07;1.36112e+06
508;0.465111;0.501796;1.49814;4.32614e+07;1.36112e+06
509;0.465111;0.456183;1.36203;4.32614e+07;1.36112e+06
510;0.465111;0.414716;1.23828;4.32614e+07;1.36112e+06
511;0.465111;0.377018;1.12578;4.32614e+07;1.36112e+06
512;0.465111;0.342747;1.02349;4.32614e+07;1.36112e+06
513;0.465111;0.311591;0.930498;4.32614e+07;1.36112e+06
514;0.465111;0.283268;0.845952;4.32614e+07;1.36112e+06
515;0.465111;0.257519;0.769087;4.32614e+07;1.36112e+06
516;0.465111;0.23411;0.699206;4.32614e+07;1.36112e+06
517;0.465111;0.21283;0.635673;4.32614e+07;1.36112e+06
518;0.465111;0.193483;0.577912;4.32614e+07;1.36112e+06
519;0.465111;0.175896;0.525399;4.32614e+07;1.36112e+06
520;0.465111;0.159907;0.477657;4.32614e+07;1.36112e+06
