120;3.26687e+08;1.7647;0.8787;0.1176;0.0037
121;3.26687e+08;3.15493;0.932525;0.220935;0.00695119
122;3.26687e+08;4.51377;1.10619;0.3306;0.0104015
123;3.26687e+08;6.05557;1.38231;0.460688;0.0144944
124;3.26687e+08;7.94449;1.76509;0.623248;0.019609
125;3.26687e+08;10.3372;2.27314;0.830823;0.0261398
126;3.26687e+08;13.4089;2.93706;1.09814;0.0345505
127;3.26687e+08;17.3731;3.79967;1.44354;0.0454176
128;3.26687e+08;22.4992;4.91798;1.89038;0.0594763
129;3.26687e+08;29.1327;6.3666;2.46874;0.0776729
130;3.26687e+08;37.7197;8.2425;3.21745;0.101229
131;3.26687e+08;48.8365;10.6714;4.18677;0.131727
132;3.26687e+08;63.2291;13.8162;5.44173;0.171211
133;3.26687e+08;81.863;17.8878;7.06651;0.222331
134;3.26687e+08;105.988;23.1594;9.17012;0.288516
135;3.26687e+08;137.223;29.9845;11.8937;0.374205
136;3.26687e+08;177.663;38.821;15.4198;0.485148
137;3.26687e+08;230.021;50.2616;19.9852;0.628786
138;3.26687e+08;297.809;65.0738;25.8959;0.814754
139;3.26687e+08;385.573;84.2511;33.5486;1.05553
140;3.26687e+08;499.203;109.08;43.4566;1.36726
141;3.26687e+08;646.318;141.226;56.2844;1.77085
142;3.26686e+08;836.789;182.846;72.8926;2.29339
143;3.26686e+08;1083.39;236.731;94.3952;2.96992
144;3.26686e+08;1402.67;306.496;122.235;3.84582
145;3.26685e+08;1816.04;396.82;158.279;4.97986
146;3.26684e+08;2351.22;513.764;204.945;6.44809
147;3.26684e+08;3044.13;665.17;265.363;8.34902
148;3.26682e+08;3941.23;861.196;343.587;10.8101
149;3.26681e+08;5102.7;1114.99;444.864;13.9966
150;3.26679e+08;6606.45;1443.58;575.987;18.122
151;3.26676e+08;8553.33;1869;745.752;23.4633
152;3.26673e+08;11073.9;2419.79;965.546;30.3786
153;3.26669e+08;14337.3;3132.89;1250.11;39.3318
154;3.26663e+08;18562.4;4056.13;1618.54;50.9235
155;3.26656e+08;24032.4;5251.44;2095.54;65.9311
156;3.26647e+08;31114.1;6798.98;2713.11;85.3615
157;3.26635e+08;40282.5;8802.54;3512.67;110.518
158;3.26619e+08;52152.2;11396.5;4547.85;143.087
159;3.26599e+08;67518.7;14754.7;5888.08;185.254
160;3.26573e+08;87411.9;19102.4;7623.23;239.847
161;3.26539e+08;113164;24731;9869.68;310.526
162;3.26496e+08;146501;32017.8;12778;402.03
163;3.26439e+08;189653;41451;16543.3;520.496
164;3.26366e+08;245506;53662.4;21418;673.865
165;3.26272e+08;317795;69469.7;27728.7;872.416
166;3.26149e+08;411345;89930.6;35898.3;1129.45
167;3.25991e+08;532393;116413;46474.2;1462.2
168;3.25786e+08;688996;150687;60164.4;1892.93
169;3.25521e+08;891551;195038;77885.1;2450.47
170;3.25178e+08;1.15347e+06;252422;100822;3172.11
171;3.24734e+08;1.49201e+06;326653;130506;4106.07
172;3.24161e+08;1.92939e+06;422654;168921;5314.69
173;3.23421e+08;2.49411e+06;546768;218625;6878.51
174;3.22466e+08;3.22265e+06;707160;282925;8901.55
175;3.21234e+08;4.16155e+06;914320;366087;11518
176;3.19647e+08;5.36988e+06;1.1817e+06;473611;14901
177;3.17607e+08;6.92226e+06;1.52648e+06;612579;19273.3
178;3.14988e+08;8.91208e+06;1.97055e+06;792093;24921.3
179;3.11635e+08;1.14551e+07;2.54163e+06;1.02383e+06;32212.3
180;3.07356e+08;1.46928e+07;3.2746e+06;1.32273e+06;41616.4
181;3.01918e+08;1.87947e+07;4.21297e+06;1.70782e+06;53732.4
182;2.95046e+08;2.39583e+07;5.41037e+06;2.20326e+06;69320.4
183;2.86421e+08;3.04053e+07;6.93191e+06;2.83952e+06;89338.8
184;2.75694e+08;3.83694e+07;8.85491e+06;3.65472e+06;114987
185;2.62502e+08;4.80733e+07;1.12686e+07;4.69605e+06;147750
186;2.46516e+08;5.96893e+07;1.42716e+07;6.02124e+06;189444
187;2.275e+08;7.3279e+07;1.79662e+07;7.69957e+06;242249
188;2.05405e+08;8.87132e+07;2.24479e+07;9.8124e+06;308723
189;1.80474e+08;1.0558e+08;2.7789e+07;1.24523e+07;391781
190;1.53351e+08;1.23106e+08;3.40155e+07;1.57203e+07;494600
191;1.25131e+08;1.40136e+08;4.10798e+07;1.97205e+07;620457
192;9.73107e+07;1.55218e+08;4.88352e+07;2.45515e+07;772453
193;7.15795e+07;1.6684e+08;5.70207e+07;3.02945e+07;953143
194;4.94675e+07;1.73786e+08;6.52698e+07;3.70001e+07;1.16412e+06
195;3.19641e+07;1.75492e+08;7.31498e+07;4.46759e+07;1.40562e+06
196;1.92792e+07;1.72225e+08;8.02289e+07;5.32783e+07;1.67627e+06
197;1.08809e+07;1.64968e+08;8.61524e+07;6.27132e+07;1.97312e+06
198;5.7864e+06;1.55067e+08;9.06977e+07;7.28447e+07;2.29188e+06
199;2.93144e+06;1.43826e+08;9.37916e+07;8.35108e+07;2.62746e+06
200;1.4342e+06;1.3225e+08;9.54885e+07;9.45407e+07;2.97449e+06
201;687629;1.20975e+08;9.59272e+07;1.0577e+08;3.3278e+06
202;327647;1.10338e+08;9.52879e+07;1.17051e+08;3.68273e+06
203;157076;1.00479e+08;9.37592e+07;1.28257e+08;4.0353e+06
204;76526.9;9.1426e+07;9.15197e+07;1.39283e+08;4.38221e+06
205;38179.8;8.31537e+07;8.8729e+07;1.50046e+08;4.72083e+06
206;19612.1;7.56136e+07;8.55249e+07;1.6048e+08;5.04913e+06
207;10409.3;6.87495e+07;8.2024e+07;1.70538e+08;5.36557e+06
208;5720.16;6.25049e+07;7.83238e+07;1.80184e+08;5.66906e+06
209;3257.29;5.68256e+07;7.45048e+07;1.89395e+08;5.95885e+06
210;1922;5.16615e+07;7.06328e+07;1.98157e+08;6.23452e+06
211;1174.41;4.69662e+07;6.67611e+07;2.06463e+08;6.49586e+06
212;742.288;4.26974e+07;6.29322e+07;2.14314e+08;6.74288e+06
213;484.632;3.88165e+07;5.91797e+07;2.21715e+08;6.97573e+06
214;326.326;3.52882e+07;5.55296e+07;2.28675e+08;7.19469e+06
215;226.237;3.20806e+07;5.20016e+07;2.35205e+08;7.40015e+06
216;161.214;2.91646e+07;4.86099e+07;2.4132e+08;7.59256e+06
217;117.875;2.65136e+07;4.53646e+07;2.47037e+08;7.77242e+06
218;88.2855;2.41035e+07;4.2272e+07;2.52372e+08;7.94027e+06
219;67.6238;2.19125e+07;3.93354e+07;2.57343e+08;8.09667e+06
220;52.8898;1.99207e+07;3.65558e+07;2.61969e+08;8.24221e+06
221;42.1755;1.81099e+07;3.39324e+07;2.66268e+08;8.37747e+06
222;34.2414;1.64637e+07;3.14626e+07;2.70258e+08;8.50302e+06
223;28.2664;1.49672e+07;2.91427e+07;2.73958e+08;8.61943e+06
224;23.696;1.36067e+07;2.69682e+07;2.77385e+08;8.72726e+06
225;20.1493;1.23698e+07;2.49338e+07;2.80557e+08;8.82704e+06
226;17.3601;1.12454e+07;2.30338e+07;2.83489e+08;8.9193e+06
227;15.1394;1.02232e+07;2.1262e+07;2.86198e+08;9.00452e+06
228;13.3514;9.29391e+06;1.96122e+07;2.88698e+08;9.08319e+06
229;11.8964;8.4491e+06;1.80781e+07;2.91005e+08;9.15576e+06
230;10.7012;7.68108e+06;1.66532e+07;2.93131e+08;9.22264e+06
231;9.71059;6.98287e+06;1.53314e+07;2.95089e+08;9.28426e+06
232;8.88287;6.34813e+06;1.41064e+07;2.96892e+08;9.34099e+06
233;8.18607;5.77108e+06;1.29724e+07;2.98551e+08;9.39318e+06
234;7.59545;5.24649e+06;1.19234e+07;3.00076e+08;9.44118e+06
235;7.09169;4.76959e+06;1.0954e+07;3.01479e+08;9.4853e+06
236;6.65952;4.33603e+06;1.00588e+07;3.02767e+08;9.52583e+06
237;6.2868;3.94189e+06;9.23285e+06;3.0395e+08;9.56304e+06
238;5.96379;3.58357e+06;8.47122e+06;3.05035e+08;9.59721e+06
239;5.68263;3.25782e+06;7.76941e+06;3.06032e+08;9.62855e+06
240;5.4369;2.96169e+06;7.12312e+06;3.06945e+08;9.6573e+06
241;5.22133;2.69247e+06;6.5283e+06;3.07783e+08;9.68365e+06
242;5.03157;2.44772e+06;5.98116e+06;3.08551e+08;9.70781e+06
243;4.86403;2.22523e+06;5.47815e+06;3.09254e+08;9.72994e+06
244;4.71568;2.02295e+06;5.01592e+06;3.09898e+08;9.75021e+06
245;4.58397;1.83907e+06;4.59137e+06;3.10488e+08;9.76876e+06
246;4.46678;1.6719e+06;4.20161e+06;3.11028e+08;9.78575e+06
247;4.36227;1.51992e+06;3.84393e+06;3.11522e+08;9.8013e+06
248;4.26889;1.38176e+06;3.51582e+06;3.11974e+08;9.81552e+06
249;4.1853;1.25616e+06;3.21496e+06;3.12388e+08;9.82853e+06
250;4.11036;1.14197e+06;2.93917e+06;3.12766e+08;9.84042e+06
251;4.04308;1.03817e+06;2.68645e+06;3.13112e+08;9.8513e+06
252;3.98258;943799;2.45495e+06;3.13428e+08;9.86124e+06
253;3.92812;858008;2.24296e+06;3.13716e+08;9.87032e+06
254;3.87905;780015;2.04888e+06;3.1398e+08;9.87862e+06
255;3.83478;709111;1.87126e+06;3.14221e+08;9.8862e+06
256;3.79481;644653;1.70873e+06;3.14441e+08;9.89313e+06
257;3.75869;586054;1.56006e+06;3.14642e+08;9.89945e+06
258;3.72602;532782;1.4241e+06;3.14825e+08;9.90522e+06
259;3.69646;484352;1.29978e+06;3.14993e+08;9.91049e+06
260;3.6697;440325;1.18615e+06;3.15146e+08;9.9153e+06
261;3.64545;400299;1.08229e+06;3.15285e+08;9.91969e+06
262;3.62347;363912;987399;3.15412e+08;9.92369e+06
263;3.60354;330832;900707;3.15529e+08;9.92735e+06
264;3.58545;300760;821524;3.15635e+08;9.93068e+06
265;3.56904;273421;749212;3.15731e+08;9.93372e+06
266;3.55415;248567;683187;3.15819e+08;9.93649e+06
267;3.54062;225972;622911;3.159e+08;9.93902e+06
268;3.52833;205431;567893;3.15973e+08;9.94132e+06
269;3.51717;186758;517681;3.1604e+08;9.94342e+06
270;3.50702;169781;471862;3.16101e+08;9.94534e+06
271;3.4978;154348;430059;3.16156e+08;9.94709e+06
272;3.48942;140318;391923;3.16207e+08;9.94868e+06
273;3.4818;127563;357137;3.16253e+08;9.95013e+06
274;3.47487;115968;325412;3.16295e+08;9.95145e+06
275;3.46857;105426;296481;3.16333e+08;9.95265e+06
276;3.46284;95842.9;270101;3.16368e+08;9.95375e+06
277;3.45763;87130.8;246050;3.164e+08;9.95475e+06
278;3.45289;79210.6;224124;3.16429e+08;9.95566e+06
279;3.44858;72010.3;204138;3.16455e+08;9.95649e+06
280;3.44466;65464.6;185922;3.16479e+08;9.95724e+06
281;3.44109;59513.9;169320;3.16501e+08;9.95793e+06
282;3.43785;54104.1;154192;3.16521e+08;9.95856e+06
283;3.43489;49186;140406;3.16539e+08;9.95913e+06
284;3.4322;44715;127846;3.16555e+08;9.95965e+06
285;3.42976;40650.4;116403;3.1657e+08;9.96012e+06
286;3.42754;36955.3;105978;3.16584e+08;9.96055e+06
287;3.42551;33596.1;96482.4;3.16596e+08;9.96094e+06
288;3.42367;30542.2;87833;3.16608e+08;9.9613e+06
289;3.42199;27765.9;79955.1;3.16618e+08;9.96163e+06
290;3.42047;25242;72780.5;3.16628e+08;9.96192e+06
291;3.41908;22947.5;66246.7;3.16636e+08;9.96219e+06
292;3.41782;20861.6;60296.9;3.16644e+08;9.96244e+06
293;3.41667;18965.2;54879.2;3.16651e+08;9.96266e+06
294;3.41563;17241.3;49946.3;3.16657e+08;9.96286e+06
295;3.41468;15674.1;45455.1;3.16663e+08;9.96305e+06
296;3.41381;14249.3;41366.1;3.16669e+08;9.96321e+06
297;3.41303;12954;37643.7;3.16674e+08;9.96337e+06
298;3.41231;11776.5;34255;3.16678e+08;9.96351e+06
299;3.41166;10706;31170.4;3.16682e+08;9.96363e+06
300;3.41107;9732.86;28362.6;3.16686e+08;9.96375e+06
301;3.41053;8848.14;25806.9;3.16689e+08;9.96385e+06
302;3.41004;8043.84;23480.8;3.16692e+08;9.96395e+06
303;3.40959;7312.66;21363.8;3.16695e+08;9.96404e+06
304;3.40918;6647.94;19437.1;3.16697e+08;9.96412e+06
305;3.40882;6043.64;17683.7;3.167e+08;9.96419e+06
306;3.40848;5494.27;16088;3.16702e+08;9.96425e+06
307;3.40817;4994.85;14636;3.16704e+08;9.96431e+06
308;3.4079;4540.81;13314.6;3.16705e+08;9.96437e+06
309;3.40764;4128.05;12112.3;3.16707e+08;9.96442e+06
310;3.40741;3752.81;11018.4;3.16708e+08;9.96446e+06
311;3.4072;3411.68;10023;3.1671e+08;9.9645e+06
312;3.40701;3101.56;9117.3;3.16711e+08;9.96454e+06
313;3.40684;2819.63;8293.3;3.16712e+08;9.96457e+06
314;3.40668;2563.33;7543.63;3.16713e+08;9.9646e+06
315;3.40654;2330.32;6861.59;3.16714e+08;9.96463e+06
316;3.40641;2118.49;6241.11;3.16714e+08;9.96466e+06
317;3.40629;1925.92;5676.63;3.16715e+08;9.96468e+06
318;3.40618;1750.86;5163.12;3.16716e+08;9.9647e+06
319;3.40609;1591.7;4695.99;3.16716e+08;9.96472e+06
320;3.406;1447.02;4271.05;3.16717e+08;9.96474e+06
321;3.40592;1315.48;3884.51;3.16718e+08;9.96475e+06
322;3.40584;1195.91;3532.89;3.16718e+08;9.96477e+06
323;3.40578;1087.2;3213.06;3.16718e+08;9.96478e+06
324;3.40571;988.373;2922.14;3.16719e+08;9.96479e+06
325;3.40566;898.53;2657.53;3.16719e+08;9.9648e+06
326;3.40561;816.853;2416.85;3.16719e+08;9.96481e+06
327;3.40556;742.601;2197.94;3.1672e+08;9.96482e+06
328;3.40552;675.099;1998.83;3.1672e+08;9.96483e+06
329;3.40548;613.732;1817.74;3.1672e+08;9.96484e+06
330;3.40545;557.944;1653.03;3.1672e+08;9.96484e+06
331;3.40542;507.227;1503.24;3.16721e+08;9.96485e+06
332;3.40539;461.12;1367;3.16721e+08;9.96486e+06
333;3.40536;419.204;1243.1;3.16721e+08;9.96486e+06
334;3.40534;381.099;1130.42;3.16721e+08;9.96487e+06
335;3.40532;346.457;1027.94;3.16721e+08;9.96487e+06
336;3.4053;314.964;934.744;3.16721e+08;9.96487e+06
337;3.40528;286.334;849.99;3.16721e+08;9.96488e+06
338;3.40526;260.306;772.914;3.16722e+08;9.96488e+06
339;3.40525;236.644;702.821;3.16722e+08;9.96488e+06
340;3.40524;215.133;639.08;3.16722e+08;9.96489e+06
341;3.40522;195.578;581.115;3.16722e+08;9.96489e+06
342;3.40521;177.8;528.404;3.16722e+08;9.96489e+06
343;3.4052;161.638;480.471;3.16722e+08;9.96489e+06
344;3.40519;146.945;436.882;3.16722e+08;9.96489e+06
345;3.40519;133.588;397.246;3.16722e+08;9.9649e+06
346;3.40518;121.444;361.203;3.16722e+08;9.9649e+06
347;3.40517;110.405;328.428;3.16722e+08;9.9649e+06
348;3.40516;100.369;298.626;3.16722e+08;9.9649e+06
349;3.40516;91.2458;271.526;3.16722e+08;9.9649e+06
350;3.40515;82.9515;246.884;3.16722e+08;9.9649e+06
351;3.40515;75.4113;224.478;3.16722e+08;9.9649e+06
352;3.40515;68.5564;204.103;3.16722e+08;9.9649e+06
353;3.40514;62.3246;185.577;3.16722e+08;9.9649e+06
354;3.40514;56.6593;168.732;3.16722e+08;9.9649e+06
355;3.40513;51.509;153.415;3.16722e+08;9.9649e+06
356;3.40513;46.8268;139.488;3.16722e+08;9.96491e+06
357;3.40513;42.5703;126.825;3.16722e+08;9.96491e+06
358;3.40513;38.7006;115.311;3.16722e+08;9.96491e+06
359;3.40512;35.1827;104.841;3.16722e+08;9.96491e+06
360;3.40512;31.9846;95.3221;3.16722e+08;9.96491e+06
361;3.40512;29.0772;86.667;3.16722e+08;9.96491e+06
362;3.40512;26.4341;78.7974;3.16722e+08;9.96491e+06
363;3.40512;24.0313;71.6421;3.16722e+08;9.96491e+06
364;3.40512;21.8468;65.1364;3.16723e+08;9.96491e+06
365;3.40511;19.8609;59.2212;3.16723e+08;9.96491e+06
366;3.40511;18.0556;53.843;3.16723e+08;9.96491e+06
367;3.40511;16.4143;48.9531;3.16723e+08;9.96491e+06
368;3.40511;14.9223;44.5072;3.16723e+08;9.96491e+06
369;3.40511;13.5658;40.4649;3.16723e+08;9.96491e+06
370;3.40511;12.3327;36.7896;3.16723e+08;9.96491e+06
371;3.40511;11.2117;33.4481;3.16723e+08;9.96491e+06
372;3.40511;10.1925;30.41;3.16723e+08;9.96491e+06
373;3.40511;9.26602;27.6477;3.16723e+08;9.96491e+06
374;3.40511;8.42374;25.1364;3.16723e+08;9.96491e+06
375;3.40511;7.65802;22.853;3.16723e+08;9.96491e+06
376;3.40511;6.96191;20.7771;3.16723e+08;9.96491e+06
377;3.40511;6.32907;18.8897;3.16723e+08;9.96491e+06
378;3.40511;5.75376;17.1737;3.16723e+08;9.96491e+06
379;3.40511;5.23074;15.6135;3.16723e+08;9.96491e+06
380;3.40511;4.75527;14.1951;3.16723e+08;9.96491e+06
381;3.40511;4.32301;12.9055;3.16723e+08;9.96491e+06
382;3.4051;3.93005;11.733;3.16723e+08;9.96491e+06
383;3.4051;3.57281;10.667;3.16723e+08;9.96491e+06
384;3.4051;3.24804;9.69787;3.16723e+08;9.96491e+06
385;3.4051;2.9528;8.81677;3.16723e+08;9.96491e+06
386;3.4051;2.68439;8.0157;3.16723e+08;9.96491e+06
387;3.4051;2.44038;7.28741;3.16723e+08;9.96491e+06
388;3.4051;2.21855;6.62528;3.16723e+08;9.96491e+06
389;3.4051;2.01688;6.0233;3.16723e+08;9.96491e+06
390;3.4051;1.83355;5.47601;3.16723e+08;9.96491e+06
391;3.4051;1.66688;4.97844;3.16723e+08;9.96491e+06
392;3.4051;1.51536;4.52607;3.16723e+08;9.96491e+06
393;3.4051;1.37761;4.1148;3.16723e+08;9.96491e+06
394;3.4051;1.25239;3.7409;3.16723e+08;9.96491e+06
395;3.4051;1.13855;3.40097;3.16723e+08;9.96491e+06
396;3.4051;1.03505;3.09193;3.16723e+08;9.96491e+06
397;3.4051;0.940965;2.81096;3.16723e+08;9.96491e+06
398;3.4051;0.855432;2.55553;3.16723e+08;9.96491e+06
399;3.4051;0.777673;2.3233;3.16723e+08;9.96491e+06
400;3.4051;0.706983;2.11218;3.16723e+08;9.96491e+06
401;3.4051;0.642718;1.92023;3.16723e+08;9.96491e+06
402;3.4051;0.584295;1.74573;3.16723e+08;9.96491e+06
403;3.4051;0.531183;1.58709;3.16723e+08;9.96491e+06
404;3.4051;0.482898;1.44286;3.16723e+08;9.96491e+06
405;3.4051;0.439003;1.31173;3.16723e+08;9.96491e+06
406;3.4051;0.399097;1.19253;3.16723e+08;9.96491e+06
407;3.4051;0.362819;1.08415;3.16723e+08;9.96491e+06
408;3.4051;0.329839;0.985624;3.16723e+08;9.96491e+06
409;3.4051;0.299857;0.89605;3.16723e+08;9.96491e+06
410;3.4051;0.2726;0.814616;3.16723e+08;9.96491e+06
411;3.4051;0.247821;0.740583;3.16723e+08;9.96491e+06
412;3.4051;0.225294;0.673277;3.16723e+08;9.96491e+06
413;3.4051;0.204814;0.612088;3.16723e+08;9.96491e+06
414;3.4051;0.186197;0.556459;3.16723e+08;9.96491e+06
415;3.4051;0.169272;0.505886;3.16723e+08;9.96491e+06
416;3.4051;0.153885;0.459909;3.16723e+08;9.96491e+06
