233;6.64603e+07;1.7647;0.8787;0.1176;0.0037
234;6.64603e+07;3.15493;0.932525;0.220935;0.00695119
235;6.64603e+07;4.51377;1.10619;0.3306;0.0104015
236;6.64603e+07;6.05557;1.38231;0.460688;0.0144944
237;6.64603e+07;7.94449;1.76509;0.623248;0.019609
238;6.64603e+07;10.3372;2.27314;0.830823;0.0261398
239;6.64603e+07;13.4089;2.93706;1.09814;0.0345505
240;6.64603e+07;17.3731;3.79967;1.44354;0.0454176
241;6.64603e+07;22.4991;4.91798;1.89038;0.0594763
242;6.64603e+07;29.1327;6.3666;2.46874;0.0776729
243;6.64603e+07;37.7197;8.2425;3.21745;0.101229
244;6.64603e+07;48.8365;10.6714;4.18677;0.131727
245;6.64603e+07;63.2291;13.8162;5.44172;0.171211
246;6.64602e+07;81.863;17.8878;7.06651;0.222331
247;6.64602e+07;105.988;23.1594;9.17012;0.288516
248;6.64602e+07;137.223;29.9845;11.8937;0.374205
249;6.64601e+07;177.663;38.8209;15.4198;0.485148
250;6.646e+07;230.021;50.2615;19.9852;0.628785
251;6.646e+07;297.808;65.0737;25.8959;0.814753
252;6.64598e+07;385.572;84.251;33.5486;1.05553
253;6.64597e+07;499.2;109.08;43.4565;1.36725
254;6.64595e+07;646.314;141.226;56.2843;1.77085
255;6.64593e+07;836.782;182.845;72.8924;2.29338
256;6.64589e+07;1083.38;236.729;94.395;2.96991
257;6.64585e+07;1402.65;306.493;122.234;3.84581
258;6.6458e+07;1816;396.816;158.278;4.97983
259;6.64573e+07;2351.16;513.757;204.944;6.44805
260;6.64564e+07;3044.03;665.159;265.361;8.34896
261;6.64552e+07;3941.06;861.177;343.584;10.81
262;6.64537e+07;5102.42;1114.96;444.859;13.9964
263;6.64517e+07;6605.98;1443.52;575.978;18.1217
264;6.64492e+07;8552.55;1868.91;745.736;23.4628
265;6.64459e+07;11072.6;2419.64;965.52;30.3777
266;6.64416e+07;14335.1;3132.64;1250.07;39.3304
267;6.64361e+07;18558.7;4055.71;1618.47;50.9212
268;6.64289e+07;24026.2;5250.74;2095.42;65.9273
269;6.64196e+07;31103.8;6797.81;2712.91;85.355
270;6.64077e+07;40265.2;8800.57;3512.33;110.507
271;6.63921e+07;52123.2;11393.2;4547.27;143.069
272;6.63721e+07;67470.1;14749.2;5887.11;185.224
273;6.63461e+07;87330.5;19093.1;7621.62;239.796
274;6.63124e+07;113028;24715.5;9866.97;310.44
275;6.62689e+07;146272;31991.7;12773.5;401.888
276;6.62126e+07;189270;41407.3;16535.7;520.257
277;6.61398e+07;244865;53589.2;21405.2;673.464
278;6.60457e+07;316720;69347;27707.3;871.744
279;6.59241e+07;409545;89725.1;35862.5;1128.33
280;6.5767e+07;529380;116069;46414.2;1460.31
281;6.55643e+07;683954;150111;60063.9;1889.77
282;6.5303e+07;883119;194074;77716.9;2445.18
283;6.49665e+07;1.13937e+06;250808;100540;3163.25
284;6.45338e+07;1.46848e+06;323954;130035;4091.24
285;6.39786e+07;1.89014e+06;418143;168132;5289.87
286;6.32682e+07;2.42872e+06;539236;217306;6837
287;6.23623e+07;3.11393e+06;694597;280720;8832.17
288;6.12119e+07;3.9812e+06;893399;362404;11402.2
289;5.97596e+07;5.07163e+06;1.14692e+06;467468;14707.8
290;5.79393e+07;6.43093e+06;1.46881e+06;602346;18951.4
291;5.5679e+07;8.10669e+06;1.87522e+06;775078;24386
292;5.29056e+07;1.01432e+07;2.38465e+06;995603;31324.3
293;4.95541e+07;1.25727e+07;3.01741e+06;1.27604e+06;40147.5
294;4.55814e+07;1.54025e+07;3.79425e+06;1.63089e+06;51311.9
295;4.09857e+07;1.85982e+07;4.73409e+06;2.07709e+06;65350.6
296;3.58286e+07;2.20647e+07;5.85042e+06;2.63382e+06;82866.7
297;3.02559e+07;2.56317e+07;7.14644e+06;3.32183e+06;104513
298;2.45056e+07;2.90521e+07;8.6095e+06;4.16225e+06;130955
299;1.88924e+07;3.20244e+07;1.0206e+07;5.17473e+06;162810
300;1.376e+07;3.42457e+07;1.1879e+07;6.37495e+06;200572
301;9.40672e+06;3.54861e+07;1.3551e+07;7.77193e+06;244525
302;6.00953e+06;3.56576e+07;1.5133e+07;9.36553e+06;294664
303;3.58402e+06;3.48419e+07;1.65386e+07;1.11452e+07;350656
304;2.00177e+06;3.3257e+07;1.76996e+07;1.30901e+07;411849
305;1.05512e+06;3.11806e+07;1.85757e+07;1.51716e+07;477337
306;530936;2.88704e+07;1.91568e+07;1.73561e+07;546068
307;258630;2.65184e+07;1.94574e+07;1.96089e+07;616948
308;123758;2.42428e+07;1.95077e+07;2.18971e+07;688940
309;58982;2.21039e+07;1.93451e+07;2.41912e+07;761119
310;28334;2.01253e+07;1.90078e+07;2.64662e+07;832696
311;13852.2;1.83104e+07;1.85315e+07;2.87015e+07;903025
312;6942.16;1.66529e+07;1.79481e+07;3.08809e+07;971591
313;3584.66;1.51425e+07;1.72847e+07;3.29915e+07;1.038e+06
314;1913.36;1.37677e+07;1.65645e+07;3.50242e+07;1.10195e+06
315;1057.61;1.25171e+07;1.58067e+07;3.69722e+07;1.16324e+06
316;605.812;1.13797e+07;1.50272e+07;3.88311e+07;1.22173e+06
317;359.559;1.03456e+07;1.42388e+07;4.05983e+07;1.27733e+06
318;220.953;9.40528e+06;1.34521e+07;4.22728e+07;1.33001e+06
319;140.42;8.55042e+06;1.26753e+07;4.38547e+07;1.37978e+06
320;92.158;7.77324e+06;1.1915e+07;4.53453e+07;1.42668e+06
321;62.3619;7.06668e+06;1.11763e+07;4.67465e+07;1.47077e+06
322;43.4366;6.42434e+06;1.0463e+07;4.80609e+07;1.51212e+06
323;31.0881;5.84038e+06;9.77778e+06;4.92913e+07;1.55083e+06
324;22.824;5.3095e+06;9.12262e+06;5.04412e+07;1.58701e+06
325;17.1601;4.82687e+06;8.49868e+06;5.1514e+07;1.62076e+06
326;13.1909;4.38811e+06;7.90655e+06;5.25135e+07;1.65221e+06
327;10.351;3.98923e+06;7.34637e+06;5.34433e+07;1.68146e+06
328;8.27946;3.62662e+06;6.81788e+06;5.43072e+07;1.70864e+06
329;6.74105;3.29696e+06;6.32053e+06;5.5109e+07;1.73387e+06
330;5.57942;2.99727e+06;5.85354e+06;5.58523e+07;1.75726e+06
331;4.68867;2.72481e+06;5.41596e+06;5.65407e+07;1.77892e+06
332;3.99586;2.47713e+06;5.00669e+06;5.71776e+07;1.79895e+06
333;3.44987;2.25196e+06;4.62455e+06;5.77664e+07;1.81748e+06
334;3.01433;2.04726e+06;4.26829e+06;5.83102e+07;1.83459e+06
335;2.66301;1.86116e+06;3.93664e+06;5.88122e+07;1.85038e+06
336;2.37668;1.69198e+06;3.62831e+06;5.92751e+07;1.86495e+06
337;2.14109;1.53818e+06;3.342e+06;5.97018e+07;1.87837e+06
338;1.94557;1.39836e+06;3.07643e+06;6.00948e+07;1.89074e+06
339;1.78199;1.27125e+06;2.83037e+06;6.04566e+07;1.90212e+06
340;1.64412;1.15569e+06;2.6026e+06;6.07895e+07;1.91259e+06
341;1.52713;1.05064e+06;2.39196e+06;6.10955e+07;1.92222e+06
342;1.42725;955138;2.19732e+06;6.13768e+07;1.93107e+06
343;1.34149;868316;2.01761e+06;6.16352e+07;1.9392e+06
344;1.26746;789386;1.8518e+06;6.18725e+07;1.94667e+06
345;1.20326;717631;1.69893e+06;6.20903e+07;1.95352e+06
346;1.14733;652398;1.55808e+06;6.22901e+07;1.95981e+06
347;1.09842;593095;1.42839e+06;6.24733e+07;1.96557e+06
348;1.05549;539183;1.30904e+06;6.26413e+07;1.97086e+06
349;1.01769;490171;1.19927e+06;6.27952e+07;1.9757e+06
350;0.984286;445615;1.09835e+06;6.29362e+07;1.98014e+06
351;0.954698;405108;1.00563e+06;6.30654e+07;1.9842e+06
352;0.928422;368284;920469;6.31837e+07;1.98792e+06
353;0.90503;334807;842293;6.32919e+07;1.99133e+06
354;0.884164;304373;770557;6.3391e+07;1.99444e+06
355;0.865514;276706;704756;6.34816e+07;1.99729e+06
356;0.848816;251553;644422;6.35645e+07;1.9999e+06
357;0.833841;228687;589120;6.36403e+07;2.00229e+06
358;0.820392;207899;538447;6.37095e+07;2.00447e+06
359;0.808298;189001;492031;6.37729e+07;2.00646e+06
360;0.797409;171821;449528;6.38307e+07;2.00828e+06
361;0.787595;156203;410619;6.38836e+07;2.00994e+06
362;0.77874;142004;375010;6.39319e+07;2.01146e+06
363;0.770743;129096;342429;6.3976e+07;2.01285e+06
364;0.763517;117361;312627;6.40162e+07;2.01412e+06
365;0.756981;106693;285374;6.4053e+07;2.01527e+06
366;0.751065;96994.4;260456;6.40866e+07;2.01633e+06
367;0.745708;88177.6;237680;6.41172e+07;2.01729e+06
368;0.740855;80162.2;216865;6.41451e+07;2.01817e+06
369;0.736455;72875.5;197846;6.41706e+07;2.01897e+06
370;0.732465;66251.1;180471;6.41939e+07;2.01971e+06
371;0.728845;60228.9;164602;6.42151e+07;2.02037e+06
372;0.72556;54754.1;150111;6.42345e+07;2.02098e+06
373;0.722577;49777;136880;6.42521e+07;2.02154e+06
374;0.719869;45252.2;124801;6.42682e+07;2.02205e+06
375;0.717408;41138.8;113776;6.42829e+07;2.02251e+06
376;0.715173;37399.3;103714;6.42963e+07;2.02293e+06
377;0.713142;33999.7;94533.4;6.43085e+07;2.02331e+06
378;0.711295;30909.1;86157.1;6.43196e+07;2.02366e+06
379;0.709617;28099.5;78515.9;6.43297e+07;2.02398e+06
380;0.708091;25545.2;71546.2;6.4339e+07;2.02427e+06
381;0.706704;23223.2;65189.7;6.43474e+07;2.02454e+06
382;0.705442;21112.2;59393.2;6.43551e+07;2.02478e+06
383;0.704294;19193.1;54107.9;6.4362e+07;2.025e+06
384;0.703251;17448.4;49289.2;6.43684e+07;2.0252e+06
385;0.702301;15862.4;44896.5;6.43742e+07;2.02538e+06
386;0.701438;14420.5;40892.5;6.43795e+07;2.02555e+06
387;0.700652;13109.7;37243;6.43843e+07;2.0257e+06
388;0.699938;11918;33917.1;6.43887e+07;2.02583e+06
389;0.699287;10834.7;30886.3;6.43927e+07;2.02596e+06
390;0.698696;9849.79;28124.7;6.43963e+07;2.02607e+06
391;0.698158;8954.44;25608.5;6.43996e+07;2.02618e+06
392;0.697668;8140.49;23316.1;6.44026e+07;2.02627e+06
393;0.697223;7400.52;21227.9;6.44054e+07;2.02636e+06
394;0.696817;6727.81;19325.6;6.44079e+07;2.02644e+06
395;0.696448;6116.25;17593;6.44101e+07;2.02651e+06
396;0.696113;5560.28;16014.9;6.44122e+07;2.02657e+06
397;0.695808;5054.86;14577.7;6.44141e+07;2.02663e+06
398;0.69553;4595.37;13269;6.44158e+07;2.02669e+06
399;0.695277;4177.65;12077.1;6.44174e+07;2.02674e+06
400;0.695047;3797.9;10991.9;6.44188e+07;2.02678e+06
401;0.694838;3452.67;10003.8;6.44201e+07;2.02682e+06
402;0.694647;3138.83;9104.23;6.44212e+07;2.02686e+06
403;0.694474;2853.51;8285.2;6.44223e+07;2.02689e+06
404;0.694317;2594.12;7539.59;6.44233e+07;2.02692e+06
405;0.694173;2358.32;6860.85;6.44242e+07;2.02695e+06
406;0.694043;2143.95;6243;6.4425e+07;2.02698e+06
407;0.693924;1949.06;5680.61;6.44257e+07;2.027e+06
408;0.693816;1771.89;5168.72;6.44264e+07;2.02702e+06
409;0.693718;1610.83;4702.82;6.4427e+07;2.02704e+06
410;0.693629;1464.4;4278.79;6.44275e+07;2.02706e+06
411;0.693547;1331.29;3892.89;6.4428e+07;2.02707e+06
412;0.693473;1210.27;3541.69;6.44285e+07;2.02709e+06
413;0.693406;1100.26;3222.1;6.44289e+07;2.0271e+06
414;0.693345;1000.25;2931.27;6.44293e+07;2.02711e+06
415;0.693289;909.325;2666.63;6.44296e+07;2.02712e+06
416;0.693239;826.667;2425.83;6.443e+07;2.02713e+06
417;0.693193;751.523;2206.72;6.44302e+07;2.02714e+06
418;0.693151;683.21;2007.36;6.44305e+07;2.02715e+06
419;0.693113;621.106;1825.97;6.44307e+07;2.02716e+06
420;0.693078;564.648;1660.94;6.4431e+07;2.02716e+06
421;0.693046;513.321;1510.79;6.44311e+07;2.02717e+06
422;0.693018;466.66;1374.19;6.44313e+07;2.02718e+06
423;0.692992;424.241;1249.92;6.44315e+07;2.02718e+06
424;0.692968;385.677;1136.87;6.44316e+07;2.02719e+06
425;0.692946;350.619;1034.03;6.44318e+07;2.02719e+06
426;0.692927;318.748;940.471;6.44319e+07;2.02719e+06
427;0.692909;289.774;855.366;6.4432e+07;2.0272e+06
428;0.692893;263.433;777.95;6.44321e+07;2.0272e+06
429;0.692878;239.487;707.531;6.44322e+07;2.0272e+06
430;0.692864;217.718;643.477;6.44323e+07;2.02721e+06
431;0.692852;197.927;585.214;6.44324e+07;2.02721e+06
432;0.692841;179.936;532.219;6.44324e+07;2.02721e+06
433;0.692831;163.58;484.017;6.44325e+07;2.02721e+06
434;0.692822;148.71;440.175;6.44325e+07;2.02721e+06
435;0.692813;135.193;400.3;6.44326e+07;2.02722e+06
436;0.692806;122.904;364.032;6.44326e+07;2.02722e+06
437;0.692799;111.732;331.047;6.44327e+07;2.02722e+06
438;0.692793;101.575;301.047;6.44327e+07;2.02722e+06
439;0.692787;92.342;273.764;6.44328e+07;2.02722e+06
440;0.692782;83.9482;248.95;6.44328e+07;2.02722e+06
441;0.692777;76.3173;226.383;6.44328e+07;2.02722e+06
442;0.692773;69.38;205.86;6.44328e+07;2.02722e+06
443;0.692769;63.0734;187.196;6.44329e+07;2.02722e+06
444;0.692765;57.34;170.222;6.44329e+07;2.02723e+06
445;0.692762;52.1278;154.787;6.44329e+07;2.02723e+06
446;0.692759;47.3894;140.749;6.44329e+07;2.02723e+06
447;0.692756;43.0817;127.984;6.44329e+07;2.02723e+06
448;0.692754;39.1656;116.376;6.4433e+07;2.02723e+06
449;0.692752;35.6054;105.82;6.4433e+07;2.02723e+06
450;0.69275;32.3689;96.2203;6.4433e+07;2.02723e+06
451;0.692748;29.4266;87.4911;6.4433e+07;2.02723e+06
452;0.692746;26.7517;79.5533;6.4433e+07;2.02723e+06
453;0.692745;24.32;72.3352;6.4433e+07;2.02723e+06
454;0.692743;22.1093;65.7716;6.4433e+07;2.02723e+06
455;0.692742;20.0996;59.8033;6.4433e+07;2.02723e+06
456;0.692741;18.2725;54.3762;6.4433e+07;2.02723e+06
457;0.69274;16.6115;49.4413;6.4433e+07;2.02723e+06
458;0.692739;15.1015;44.9541;6.44331e+07;2.02723e+06
459;0.692738;13.7288;40.8739;6.44331e+07;2.02723e+06
460;0.692737;12.4809;37.1638;6.44331e+07;2.02723e+06
461;0.692737;11.3464;33.7904;6.44331e+07;2.02723e+06
462;0.692736;10.315;30.723;6.44331e+07;2.02723e+06
463;0.692736;9.37735;27.9339;6.44331e+07;2.02723e+06
464;0.692735;8.52494;25.3979;6.44331e+07;2.02723e+06
465;0.692734;7.75003;23.0921;6.44331e+07;2.02723e+06
466;0.692734;7.04555;20.9955;6.44331e+07;2.02723e+06
467;0.692734;6.40511;19.0892;6.44331e+07;2.02723e+06
468;0.692733;5.82289;17.3559;6.44331e+07;2.02723e+06
469;0.692733;5.29359;15.7799;6.44331e+07;2.02723e+06
470;0.692733;4.8124;14.347;6.44331e+07;2.02723e+06
471;0.692732;4.37495;13.0442;6.44331e+07;2.02723e+06
472;0.692732;3.97727;11.8596;6.44331e+07;2.02723e+06
473;0.692732;3.61574;10.7825;6.44331e+07;2.02723e+06
474;0.692732;3.28707;9.8033;6.44331e+07;2.02723e+06
475;0.692732;2.98827;8.91295;6.44331e+07;2.02723e+06
476;0.692731;2.71664;8.10344;6.44331e+07;2.02723e+06
477;0.692731;2.4697;7.36744;6.44331e+07;2.02723e+06
478;0.692731;2.2452;6.69826;6.44331e+07;2.02723e+06
479;0.692731;2.04111;6.08985;6.44331e+07;2.02723e+06
480;0.692731;1.85558;5.53669;6.44331e+07;2.02723e+06
481;0.692731;1.6869;5.03376;6.44331e+07;2.02723e+06
482;0.692731;1.53356;4.57651;6.44331e+07;2.02723e+06
483;0.692731;1.39416;4.16078;6.44331e+07;2.02723e+06
484;0.69273;1.26743;3.7828;6.44331e+07;2.02723e+06
485;0.69273;1.15222;3.43916;6.44331e+07;2.02723e+06
486;0.69273;1.04749;3.12673;6.44331e+07;2.02723e+06
487;0.69273;0.95227;2.84267;6.44331e+07;2.02723e+06
488;0.69273;0.865709;2.58442;6.44331e+07;2.02723e+06
489;0.69273;0.787016;2.34962;6.44331e+07;2.02723e+06
490;0.69273;0.715477;2.13615;6.44331e+07;2.02723e+06
491;0.69273;0.65044;1.94207;6.44331e+07;2.02723e+06
492;0.69273;0.591315;1.76562;6.44331e+07;2.02723e+06
493;0.69273;0.537564;1.6052;6.44331e+07;2.02723e+06
494;0.69273;0.4887;1.45936;6.44331e+07;2.02723e+06
495;0.69273;0.444277;1.32676;6.44331e+07;2.02723e+06
496;0.69273;0.403892;1.20621;6.44331e+07;2.02723e+06
497;0.69273;0.367178;1.09661;6.44331e+07;2.02723e+06
498;0.69273;0.333802;0.996968;6.44331e+07;2.02723e+06
499;0.69273;0.303459;0.906378;6.44331e+07;2.02723e+06
500;0.69273;0.275875;0.824019;6.44331e+07;2.02723e+06
501;0.69273;0.250798;0.749142;6.44331e+07;2.02723e+06
502;0.69273;0.228;0.681069;6.44331e+07;2.02723e+06
503;0.69273;0.207275;0.61918;6.44331e+07;2.02723e+06
504;0.69273;0.188434;0.562915;6.44331e+07;2.02723e+06
505;0.69273;0.171305;0.511762;6.44331e+07;2.02723e+06
506;0.69273;0.155734;0.465257;6.44331e+07;2.02723e+06
