190;9.63096e+06;1.7647;0.8787;0.1176;0.0037
191;9.63096e+06;3.15493;0.932525;0.220935;0.00695119
192;9.63095e+06;4.51377;1.10619;0.3306;0.0104015
193;9.63095e+06;6.05557;1.38231;0.460688;0.0144944
194;9.63095e+06;7.94448;1.76509;0.623248;0.019609
195;9.63095e+06;10.3372;2.27314;0.830823;0.0261398
196;9.63094e+06;13.4089;2.93706;1.09814;0.0345505
197;9.63094e+06;17.3731;3.79966;1.44354;0.0454176
198;9.63093e+06;22.4991;4.91798;1.89038;0.0594763
199;9.63092e+06;29.1327;6.3666;2.46874;0.0776728
200;9.63091e+06;37.7196;8.24249;3.21745;0.101229
201;9.6309e+06;48.8363;10.6714;4.18676;0.131726
202;9.63088e+06;63.2288;13.8162;5.44172;0.171211
203;9.63085e+06;81.8625;17.8878;7.0665;0.22233
204;9.63082e+06;105.987;23.1593;9.1701;0.288515
205;9.63078e+06;137.222;29.9843;11.8936;0.374204
206;9.63073e+06;177.661;38.8207;15.4198;0.485146
207;9.63066e+06;230.016;50.2611;19.9851;0.628783
208;9.63057e+06;297.801;65.0729;25.8958;0.814749
209;9.63046e+06;385.56;84.2497;33.5484;1.05552
210;9.63031e+06;499.18;109.078;43.4561;1.36724
211;9.63011e+06;646.281;141.222;56.2837;1.77083
212;9.62987e+06;836.727;182.839;72.8914;2.29335
213;9.62954e+06;1083.29;236.719;94.3932;2.96985
214;9.62912e+06;1402.49;306.476;122.231;3.84571
215;9.62858e+06;1815.74;396.787;158.273;4.97967
216;9.62788e+06;2350.73;513.707;204.935;6.44778
217;9.62698e+06;3043.3;665.076;265.347;8.3485
218;9.6258e+06;3939.83;861.038;343.56;10.8093
219;9.62429e+06;5100.36;1114.72;444.818;13.9951
220;9.62232e+06;6602.53;1443.13;575.91;18.1196
221;9.61978e+06;8546.78;1868.25;745.622;23.4592
222;9.61648e+06;11063;2418.53;965.328;30.3717
223;9.61222e+06;14318.9;3130.79;1249.75;39.3203
224;9.60671e+06;18531.5;4052.61;1617.93;50.9042
225;9.59957e+06;23980.7;5245.54;2094.52;65.8989
226;9.59035e+06;31027.5;6789.1;2711.39;85.3074
227;9.57842e+06;40137.4;8785.98;3509.79;110.427
228;9.563e+06;51909.1;11368.7;4543.02;142.935
229;9.54308e+06;67111.7;14708.2;5879.98;185
230;9.51736e+06;86730.5;19024.6;7609.67;239.42
231;9.48418e+06;112024;24600.7;9846.97;309.811
232;9.44143e+06;144594;31799.6;12740;400.834
233;9.38641e+06;186465;41085.9;16479.6;518.492
234;9.31574e+06;240182;53051.8;21311.3;670.51
235;9.22518e+06;308912;68449.2;27550.2;866.802
236;9.10947e+06;396545;88226.4;35599.9;1120.06
237;8.96219e+06;507779;113571;45975.3;1446.5
238;8.77566e+06;648151;145952;59331.2;1866.71
239;8.54093e+06;823966;187165;76495.1;2406.73
240;8.24795e+06;1.04205e+06;239360;98505.6;3099.24
241;7.88609e+06;1.30918e+06;305048;126654;3984.87
242;7.44512e+06;1.63115e+06;387050;162528;5113.55
243;6.91683e+06;2.01117e+06;488373;208045;6545.64
244;6.29745e+06;2.44773e+06;611948;265478;8352.62
245;5.59072e+06;2.93196e+06;760217;337443;10616.8
246;4.8111e+06;3.44507e+06;934518;426844;13429.6
247;3.98613e+06;3.95689e+06;1.13432e+06;536744;16887.3
248;3.15618e+06;4.42715e+06;1.35641e+06;670140;21084.3
249;2.37003e+06;4.81087e+06;1.5943e+06;829653;26103
250;1.6758e+06;5.06779e+06;1.83822e+06;1.01714e+06;32001.9
251;1.10948e+06;5.17346e+06;2.07591e+06;1.23332e+06;38803.4
252;685756;5.12691e+06;2.29437e+06;1.47744e+06;46484.2
253;396066;4.95056e+06;2.4821e+06;1.74726e+06;54973.4
254;214902;4.68172e+06;2.63102e+06;2.03916e+06;64157.1
255;110606;4.36045e+06;2.73745e+06;2.34856e+06;73891.9
256;54698.3;4.01999e+06;2.80176e+06;2.67049e+06;84020.5
257;26370.7;3.6829e+06;2.82732e+06;2.99998e+06;94387
258;12574;3.36192e+06;2.81915e+06;3.33247e+06;104848
259;6007.33;3.06289e+06;2.78278e+06;3.664e+06;115279
260;2907.12;2.78757e+06;2.72365e+06;3.99126e+06;125575
261;1437.13;2.53565e+06;2.64666e+06;4.31156e+06;135653
262;730.236;2.30587e+06;2.55611e+06;4.6228e+06;145445
263;382.979;2.09661e+06;2.45566e+06;4.9234e+06;154903
264;207.839;1.90621e+06;2.34837e+06;5.21219e+06;163989
265;116.858;1.73302e+06;2.23679e+06;5.48836e+06;172678
266;68.0893;1.57554e+06;2.123e+06;5.7514e+06;180954
267;41.0954;1.43235e+06;2.00869e+06;6.00107e+06;188809
268;25.6675;1.30217e+06;1.89524e+06;6.23729e+06;196241
269;16.5686;1.18381e+06;1.78371e+06;6.46017e+06;203254
270;11.0367;1.0762e+06;1.67496e+06;6.66993e+06;209853
271;7.57406;978381;1.56961e+06;6.86691e+06;216051
272;5.34575;889449;1.46815e+06;7.0515e+06;221858
273;3.87378;808599;1.37092e+06;7.22415e+06;227290
274;2.87718;735099;1.27813e+06;7.38537e+06;232363
275;2.18671;668279;1.18991e+06;7.53568e+06;237092
276;1.69791;607533;1.10632e+06;7.67561e+06;241495
277;1.34487;552308;1.02735e+06;7.80571e+06;245588
278;1.08508;502104;952936;7.92653e+06;249389
279;0.890583;456463;882986;8.0386e+06;252915
280;0.742609;414970;817372;8.14243e+06;256182
281;0.628351;377250;755946;8.23856e+06;259206
282;0.538909;342958;698542;8.32746e+06;262003
283;0.468002;311783;644983;8.40961e+06;264588
284;0.411131;283442;595088;8.48546e+06;266974
285;0.365024;257677;548669;8.55544e+06;269176
286;0.327272;234254;505538;8.61996e+06;271206
287;0.296078;212961;465510;8.67941e+06;273077
288;0.270087;193603;428402;8.73416e+06;274799
289;0.248263;176004;394035;8.78454e+06;276384
290;0.229809;160005;362237;8.83087e+06;277842
291;0.214103;145461;332843;8.87347e+06;279182
292;0.200655;132239;305691;8.91262e+06;280414
293;0.189079;120218;280631;8.94857e+06;281545
294;0.179064;109290;257519;8.98157e+06;282583
295;0.170359;99355.8;236216;9.01185e+06;283536
296;0.162762;90324.3;216594;9.03963e+06;284410
297;0.156106;82113.9;198532;9.0651e+06;285212
298;0.150254;74649.7;181914;9.08845e+06;285946
299;0.145092;67864.1;166634;9.10984e+06;286619
300;0.140527;61695.2;152590;9.12944e+06;287236
301;0.136477;56087.1;139689;9.14738e+06;287800
302;0.132876;50988.8;127843;9.16381e+06;288317
303;0.129667;46353.9;116970;9.17885e+06;288790
304;0.126802;42140.4;106995;9.1926e+06;289223
305;0.124239;38309.8;97847.5;9.20518e+06;289619
306;0.121943;34827.4;89460.9;9.21669e+06;289981
307;0.119882;31661.6;81775.1;9.22721e+06;290312
308;0.11803;28783.6;74733.9;9.23683e+06;290614
309;0.116363;26167.2;68285.1;9.24562e+06;290891
310;0.114862;23788.6;62380.7;9.25365e+06;291144
311;0.113508;21626.2;56976.3;9.26098e+06;291374
312;0.112286;19660.4;52030.9;9.26768e+06;291585
313;0.111182;17873.2;47506.7;9.2738e+06;291778
314;0.110184;16248.6;43368.8;9.27939e+06;291954
315;0.109281;14771.6;39585.2;9.28449e+06;292114
316;0.108464;13428.8;36126.2;9.28914e+06;292260
317;0.107723;12208.2;32964.8;9.29339e+06;292394
318;0.107052;11098.4;30075.9;9.29727e+06;292516
319;0.106444;10089.6;27436.5;9.30081e+06;292627
320;0.105892;9172.45;25025.6;9.30403e+06;292729
321;0.105391;8338.67;22823.8;9.30698e+06;292822
322;0.104937;7580.69;20813.2;9.30966e+06;292906
323;0.104524;6891.6;18977.7;9.31211e+06;292983
324;0.104149;6265.16;17302.1;9.31434e+06;293053
325;0.103809;5695.65;15772.9;9.31637e+06;293117
326;0.103499;5177.92;14377.4;9.31823e+06;293176
327;0.103218;4707.25;13104.1;9.31992e+06;293229
328;0.102962;4279.36;11942.4;9.32146e+06;293277
329;0.10273;3890.37;10882.8;9.32287e+06;293321
330;0.102519;3536.73;9916.36;9.32415e+06;293362
331;0.102327;3215.24;9034.99;9.32531e+06;293398
332;0.102152;2922.98;8231.32;9.32637e+06;293432
333;0.101993;2657.28;7498.56;9.32734e+06;293462
334;0.101848;2415.73;6830.53;9.32822e+06;293490
335;0.101717;2196.14;6221.57;9.32903e+06;293515
336;0.101597;1996.51;5666.53;9.32976e+06;293538
337;0.101488;1815.03;5160.66;9.33042e+06;293559
338;0.101389;1650.04;4699.66;9.33103e+06;293578
339;0.101299;1500.06;4279.58;9.33158e+06;293596
340;0.101218;1363.7;3896.82;9.33209e+06;293612
341;0.101143;1239.74;3548.1;9.33255e+06;293626
342;0.101075;1127.05;3230.41;9.33296e+06;293639
343;0.101013;1024.6;2941.01;9.33334e+06;293651
344;0.100957;931.463;2677.4;9.33369e+06;293662
345;0.100906;846.793;2437.3;9.334e+06;293672
346;0.10086;769.82;2218.63;9.33429e+06;293681
347;0.100817;699.843;2019.49;9.33455e+06;293689
348;0.100779;636.227;1838.14;9.33479e+06;293697
349;0.100744;578.394;1673;9.33501e+06;293703
350;0.100712;525.818;1522.65;9.3352e+06;293710
351;0.100683;478.021;1385.75;9.33538e+06;293715
352;0.100657;434.569;1261.11;9.33554e+06;293720
353;0.100633;395.067;1147.64;9.33569e+06;293725
354;0.100611;359.155;1044.34;9.33583e+06;293729
355;0.100591;326.508;950.309;9.33595e+06;293733
356;0.100573;296.829;864.716;9.33606e+06;293737
357;0.100557;269.847;786.808;9.33616e+06;293740
358;0.100542;245.318;715.897;9.33626e+06;293743
359;0.100528;223.019;651.358;9.33634e+06;293745
360;0.100516;202.746;592.621;9.33642e+06;293748
361;0.100504;184.317;539.165;9.33649e+06;293750
362;0.100494;167.562;490.519;9.33655e+06;293752
363;0.100485;152.331;446.25;9.33661e+06;293754
364;0.100476;138.484;405.967;9.33666e+06;293755
365;0.100469;125.896;369.311;9.33671e+06;293757
366;0.100462;114.452;335.958;9.33675e+06;293758
367;0.100455;104.048;305.61;9.33679e+06;293760
368;0.100449;94.5902;277.997;9.33683e+06;293761
369;0.100444;85.9919;252.875;9.33686e+06;293762
370;0.100439;78.1753;230.018;9.33689e+06;293763
371;0.100435;71.0691;209.223;9.33692e+06;293764
372;0.100431;64.609;190.304;9.33694e+06;293764
373;0.100427;58.736;173.093;9.33696e+06;293765
374;0.100424;53.3969;157.436;9.33698e+06;293766
375;0.100421;48.5431;143.193;9.337e+06;293766
376;0.100418;44.1306;130.236;9.33702e+06;293767
377;0.100416;40.1191;118.45;9.33703e+06;293767
378;0.100414;36.4723;107.729;9.33705e+06;293768
379;0.100412;33.157;97.9766;9.33706e+06;293768
380;0.10041;30.143;89.106;9.33707e+06;293768
381;0.100408;27.403;81.0375;9.33708e+06;293769
382;0.100407;24.9121;73.6985;9.33709e+06;293769
383;0.100405;22.6476;67.0234;9.3371e+06;293769
384;0.100404;20.5889;60.9521;9.33711e+06;293770
385;0.100403;18.7174;55.4302;9.33712e+06;293770
386;0.100402;17.016;50.4079;9.33712e+06;293770
387;0.100401;15.4692;45.8402;9.33713e+06;293770
388;0.1004;14.0631;41.6859;9.33713e+06;293770
389;0.100399;12.7847;37.9077;9.33714e+06;293771
390;0.100398;11.6226;34.4717;9.33714e+06;293771
391;0.100398;10.5661;31.3467;9.33715e+06;293771
392;0.100397;9.60564;28.5048;9.33715e+06;293771
393;0.100397;8.73249;25.9204;9.33715e+06;293771
394;0.100396;7.93871;23.57;9.33716e+06;293771
395;0.100396;7.21708;21.4326;9.33716e+06;293771
396;0.100395;6.56105;19.4888;9.33716e+06;293771
397;0.100395;5.96465;17.7213;9.33716e+06;293771
398;0.100395;5.42246;16.1139;9.33717e+06;293771
399;0.100394;4.92956;14.6521;9.33717e+06;293771
400;0.100394;4.48146;13.3229;9.33717e+06;293772
401;0.100394;4.0741;12.1142;9.33717e+06;293772
402;0.100393;3.70376;11.0151;9.33717e+06;293772
403;0.100393;3.36709;10.0156;9.33717e+06;293772
404;0.100393;3.06102;9.10682;9.33718e+06;293772
405;0.100393;2.78278;8.28041;9.33718e+06;293772
406;0.100393;2.52982;7.52895;9.33718e+06;293772
407;0.100393;2.29986;6.84565;9.33718e+06;293772
408;0.100392;2.0908;6.22433;9.33718e+06;293772
409;0.100392;1.90075;5.65937;9.33718e+06;293772
410;0.100392;1.72797;5.14567;9.33718e+06;293772
411;0.100392;1.5709;4.67857;9.33718e+06;293772
412;0.100392;1.42811;4.25386;9.33718e+06;293772
413;0.100392;1.29829;3.86768;9.33718e+06;293772
414;0.100392;1.18028;3.51654;9.33718e+06;293772
415;0.100392;1.07299;3.19727;9.33718e+06;293772
416;0.100392;0.975454;2.90698;9.33718e+06;293772
417;0.100392;0.886786;2.64303;9.33718e+06;293772
418;0.100392;0.806177;2.40304;9.33718e+06;293772
419;0.100392;0.732895;2.18483;9.33719e+06;293772
420;0.100392;0.666275;1.98643;9.33719e+06;293772
421;0.100392;0.605711;1.80604;9.33719e+06;293772
422;0.100391;0.550652;1.64203;9.33719e+06;293772
423;0.100391;0.500598;1.49291;9.33719e+06;293772
424;0.100391;0.455093;1.35732;9.33719e+06;293772
425;0.100391;0.413725;1.23405;9.33719e+06;293772
426;0.100391;0.376118;1.12196;9.33719e+06;293772
427;0.100391;0.341929;1.02006;9.33719e+06;293772
428;0.100391;0.310847;0.927406;9.33719e+06;293772
429;0.100391;0.282591;0.843168;9.33719e+06;293772
430;0.100391;0.256904;0.766579;9.33719e+06;293772
431;0.100391;0.233551;0.696946;9.33719e+06;293772
432;0.100391;0.212321;0.633636;9.33719e+06;293772
433;0.100391;0.193021;0.576076;9.33719e+06;293772
434;0.100391;0.175476;0.523744;9.33719e+06;293772
435;0.100391;0.159525;0.476164;9.33719e+06;293772
