137;3.4493e+06;1.7647;0.8787;0.1176;0.0037
138;3.4493e+06;3.15493;0.932525;0.220935;0.00695119
139;3.44929e+06;4.51377;1.10619;0.3306;0.0104015
140;3.44929e+06;6.05557;1.38231;0.460688;0.0144944
141;3.44929e+06;7.94448;1.76509;0.623248;0.019609
142;3.44929e+06;10.3372;2.27314;0.830823;0.0261398
143;3.44928e+06;13.4089;2.93705;1.09814;0.0345504
144;3.44928e+06;17.373;3.79966;1.44354;0.0454175
145;3.44927e+06;22.499;4.91797;1.89038;0.0594763
146;3.44926e+06;29.1326;6.36658;2.46873;0.0776728
147;3.44925e+06;37.7194;8.24247;3.21745;0.101229
148;3.44924e+06;48.836;10.6713;4.18676;0.131726
149;3.44922e+06;63.2282;13.8161;5.44171;0.17121
150;3.44919e+06;81.8614;17.8877;7.06648;0.22233
151;3.44916e+06;105.986;23.1591;9.17007;0.288514
152;3.44912e+06;137.219;29.984;11.8936;0.374203
153;3.44907e+06;177.656;38.8201;15.4197;0.485143
154;3.449e+06;230.008;50.2601;19.9849;0.628778
155;3.44891e+06;297.786;65.0713;25.8955;0.81474
156;3.4488e+06;385.536;84.2469;33.5479;1.0555
157;3.44865e+06;499.14;109.073;43.4553;1.36722
158;3.44845e+06;646.213;141.214;56.2823;1.77079
159;3.44821e+06;836.612;182.826;72.8891;2.29328
160;3.44788e+06;1083.09;236.697;94.3894;2.96974
161;3.44747e+06;1402.17;306.439;122.225;3.84551
162;3.44692e+06;1815.2;396.725;158.262;4.97934
163;3.44623e+06;2349.81;513.603;204.917;6.44722
164;3.44532e+06;3041.76;664.901;265.317;8.34755
165;3.44415e+06;3937.27;860.745;343.509;10.8077
166;3.44263e+06;5096.06;1114.23;444.733;13.9924
167;3.44067e+06;6595.32;1442.31;575.767;18.1151
168;3.43813e+06;8534.69;1866.87;745.382;23.4517
169;3.43485e+06;11042.7;2416.22;964.927;30.3591
170;3.4306e+06;14285;3126.92;1249.07;39.2991
171;3.42511e+06;18474.7;4046.13;1616.8;50.8687
172;3.41802e+06;23885.6;5234.68;2092.62;65.8394
173;3.40887e+06;30868.4;6770.91;2708.22;85.2077
174;3.39706e+06;39871.3;8755.54;3504.48;110.26
175;3.38184e+06;51464.3;11317.8;4534.13;142.656
176;3.36226e+06;66368.9;14623.1;5865.11;184.531
177;3.3371e+06;85491.3;18882.2;7584.78;238.637
178;3.30486e+06;109960;24363;9805.33;308.501
179;3.26367e+06;141161;31403.1;12670.4;398.644
180;3.21123e+06;180770;40425.4;16363.4;514.835
181;3.1448e+06;230763;51953.8;21117.4;664.409
182;3.0612e+06;293391;66628.1;27227.2;856.638
183;2.95682e+06;371097;85215.4;35062.7;1103.16
184;2.82787e+06;466314;108611;45084;1418.46
185;2.67067e+06;581126;137825;57856.7;1820.32
186;2.48226e+06;716716;173931;74064.9;2330.27
187;2.26123e+06;872599;217983;94519.2;2973.82
188;2.00883e+06;1.04567e+06;270861;120154;3780.35
189;1.73015e+06;1.2293e+06;333057;152007;4782.54
190;1.43493e+06;1.41278e+06;404401;191175;6014.85
191;1.13754e+06;1.58175e+06;483768;238732;7511.13
192;855381;1.72013e+06;568868;295623;9301.07
193;605760;1.81339e+06;656224;362522;11405.9
194;401714;1.8526e+06;741461;439694;13833.9
195;248715;1.83719e+06;819923;526890;16577.3
196;143880;1.77503e+06;887467;623313;19611
197;78180;1.67938e+06;941168;727679;22894.7
198;40284.1;1.56462e+06;979659;838360;26377
199;19938.1;1.44274e+06;1.00305e+06;953568;30001.7
200;9616.71;1.32192e+06;1.01252e+06;1.07153e+06;33713
201;4585.94;1.20679e+06;1.00987e+06;1.1906e+06;37459.4
202;2190.57;1.09948e+06;997068;1.30936e+06;41195.9
203;1059.64;1.00067e+06;976067;1.42662e+06;44885
204;523.517;910247;948631;1.5414e+06;48496.5
205;265.817;827763;916303;1.65296e+06;52006.4
206;139.298;752646;880399;1.76072e+06;55396.7
207;75.5315;684294;842021;1.86425e+06;58654.2
208;42.4309;622125;802086;1.96327e+06;61769.7
209;24.7018;565592;761344;2.0576e+06;64737.4
210;14.8962;514189;720405;2.14713e+06;67554.3
211;9.29631;467455;679759;2.23185e+06;70219.8
212;5.99615;424967;639796;2.31179e+06;72735
213;3.99119;386339;600818;2.38703e+06;75102.2
214;2.73706;351222;563057;2.45769e+06;77325.2
215;1.93053;319297;526685;2.5239e+06;79408.5
216;1.39808;290273;491822;2.58584e+06;81357.3
217;1.0378;263888;458550;2.64368e+06;83177
218;0.788318;239901;426915;2.69761e+06;84873.7
219;0.611796;218094;396937;2.74781e+06;86453.2
220;0.484361;198269;368613;2.79449e+06;87921.9
221;0.390629;180247;341923;2.83784e+06;89285.8
222;0.32048;163862;316832;2.87805e+06;90550.9
223;0.267132;148967;293296;2.91531e+06;91723.2
224;0.225953;135426;271260;2.9498e+06;92808.4
225;0.193729;123116;250667;2.9817e+06;93812
226;0.16819;111925;231452;3.01118e+06;94739.5
227;0.147712;101751;213551;3.0384e+06;95595.9
228;0.131114;92501.7;196896;3.06351e+06;96386
229;0.117527;84093.3;181421;3.08667e+06;97114.5
230;0.106302;76449.3;167059;3.108e+06;97785.8
231;0.0969517;69500;153744;3.12765e+06;98403.9
232;0.0891019;63182.5;141412;3.14573e+06;98972.7
233;0.0824652;57439.2;130002;3.16236e+06;99496
234;0.0768175;52218;119454;3.17765e+06;99977
235;0.0719828;47471.4;109711;3.19169e+06;100419
236;0.0678213;43156.2;100718;3.2046e+06;100825
237;0.0642214;39233.3;92424;3.21644e+06;101198
238;0.0610929;35667;84779.3;3.22731e+06;101540
239;0.0583628;32424.9;77737.7;3.23728e+06;101853
240;0.055971;29477.5;71255.5;3.24642e+06;102141
241;0.0538683;26798;65291.7;3.2548e+06;102404
242;0.0520139;24362;59807.8;3.26248e+06;102646
243;0.0503735;22147.5;54767.6;3.26951e+06;102867
244;0.0489187;20134.3;50137.5;3.27595e+06;103070
245;0.0476253;18304.1;45886;3.28185e+06;103255
246;0.0464728;16640.3;41983.9;3.28725e+06;103425
247;0.0454437;15127.7;38403.9;3.29218e+06;103581
248;0.0445232;13752.6;35120.6;3.2967e+06;103723
249;0.0436984;12502.5;32110.6;3.30083e+06;103853
250;0.0429583;11366;29352;3.30461e+06;103971
251;0.0422931;10332.8;26824.8;3.30806e+06;104080
252;0.0416946;9393.57;24510.2;3.31121e+06;104179
253;0.0411555;8539.69;22391;3.3141e+06;104270
254;0.0406694;7763.44;20451.2;3.31673e+06;104353
255;0.0402306;7057.74;18676.2;3.31913e+06;104429
256;0.0398342;6416.19;17052.3;3.32133e+06;104498
257;0.0394758;5832.96;15567.1;3.32334e+06;104561
258;0.0391516;5302.74;14209;3.32517e+06;104618
259;0.0388581;4820.73;12967.5;3.32684e+06;104671
260;0.0385922;4382.52;11832.7;3.32836e+06;104719
261;0.0383513;3984.15;10795.8;3.32975e+06;104763
262;0.0381328;3621.99;9848.43;3.33102e+06;104803
263;0.0379347;3292.75;8983.05;3.33218e+06;104839
264;0.0377549;2993.44;8192.72;3.33324e+06;104872
265;0.0375917;2721.34;7471.04;3.3342e+06;104903
266;0.0374435;2473.97;6812.18;3.33508e+06;104930
267;0.0373089;2249.09;6210.74;3.33588e+06;104955
268;0.0371866;2044.64;5661.82;3.33661e+06;104978
269;0.0370755;1858.79;5160.9;3.33728e+06;104999
270;0.0369746;1689.82;4703.85;3.33788e+06;105018
271;0.0368828;1536.22;4286.88;3.33844e+06;105036
272;0.0367994;1396.58;3906.52;3.33894e+06;105052
273;0.0367235;1269.63;3559.61;3.3394e+06;105066
274;0.0366545;1154.22;3243.24;3.33982e+06;105079
275;0.0365918;1049.3;2954.75;3.3402e+06;105091
276;0.0365347;953.918;2691.72;3.34055e+06;105102
277;0.0364829;867.207;2451.93;3.34086e+06;105112
278;0.0364356;788.378;2233.34;3.34115e+06;105121
279;0.0363927;716.714;2034.1;3.34142e+06;105130
280;0.0363536;651.565;1852.51;3.34165e+06;105137
281;0.0363181;592.338;1687.03;3.34187e+06;105144
282;0.0362858;538.494;1536.23;3.34207e+06;105150
283;0.0362564;489.545;1398.84;3.34225e+06;105156
284;0.0362296;445.046;1273.66;3.34242e+06;105161
285;0.0362053;404.591;1159.62;3.34257e+06;105166
286;0.0361831;367.814;1055.73;3.3427e+06;105170
287;0.0361629;334.379;961.108;3.34283e+06;105174
288;0.0361446;303.984;874.921;3.34294e+06;105178
289;0.0361279;276.352;796.425;3.34304e+06;105181
290;0.0361127;251.232;724.939;3.34314e+06;105184
291;0.0360989;228.395;659.841;3.34322e+06;105186
292;0.0360863;207.634;600.563;3.3433e+06;105189
293;0.0360749;188.76;546.589;3.34337e+06;105191
294;0.0360645;171.602;497.446;3.34343e+06;105193
295;0.036055;156.003;452.704;3.34349e+06;105195
296;0.0360464;141.822;411.972;3.34355e+06;105197
297;0.0360386;128.931;374.891;3.34359e+06;105198
298;0.0360315;117.211;341.137;3.34364e+06;105199
299;0.036025;106.556;310.411;3.34368e+06;105201
300;0.0360191;96.8705;282.445;3.34371e+06;105202
301;0.0360137;88.065;256.99;3.34375e+06;105203
302;0.0360088;80.0599;233.822;3.34378e+06;105204
303;0.0360044;72.7824;212.737;3.34381e+06;105205
304;0.0360003;66.1665;193.548;3.34383e+06;105206
305;0.0359967;60.152;176.085;3.34385e+06;105206
306;0.0359933;54.6842;160.194;3.34387e+06;105207
307;0.0359903;49.7134;145.733;3.34389e+06;105208
308;0.0359875;45.1944;132.574;3.34391e+06;105208
309;0.035985;41.0863;120.601;3.34393e+06;105209
310;0.0359827;37.3515;109.707;3.34394e+06;105209
311;0.0359806;33.9563;99.7949;3.34395e+06;105209
312;0.0359787;30.8696;90.7764;3.34396e+06;105210
313;0.035977;28.0636;82.5713;3.34398e+06;105210
314;0.0359754;25.5126;75.1064;3.34398e+06;105210
315;0.035974;23.1935;68.3151;3.34399e+06;105211
316;0.0359727;21.0852;62.1367;3.344e+06;105211
317;0.0359715;19.1686;56.5162;3.34401e+06;105211
318;0.0359704;17.4262;51.4032;3.34402e+06;105211
319;0.0359695;15.8421;46.752;3.34402e+06;105212
320;0.0359686;14.4021;42.5211;3.34403e+06;105212
321;0.0359678;13.0929;38.6724;3.34403e+06;105212
322;0.035967;11.9028;35.1716;3.34404e+06;105212
323;0.0359664;10.8208;31.9872;3.34404e+06;105212
324;0.0359658;9.83721;29.0908;3.34404e+06;105212
325;0.0359652;8.94301;26.4563;3.34405e+06;105212
326;0.0359647;8.13009;24.0601;3.34405e+06;105212
327;0.0359643;7.39106;21.8806;3.34405e+06;105213
328;0.0359638;6.71922;19.8983;3.34406e+06;105213
329;0.0359635;6.10844;18.0954;3.34406e+06;105213
330;0.0359631;5.55318;16.4557;3.34406e+06;105213
331;0.0359628;5.0484;14.9644;3.34406e+06;105213
332;0.0359625;4.5895;13.6081;3.34406e+06;105213
333;0.0359623;4.17231;12.3747;3.34407e+06;105213
334;0.035962;3.79305;11.2529;3.34407e+06;105213
335;0.0359618;3.44826;10.2327;3.34407e+06;105213
336;0.0359616;3.13482;9.30491;3.34407e+06;105213
337;0.0359614;2.84986;8.46118;3.34407e+06;105213
338;0.0359613;2.59081;7.69389;3.34407e+06;105213
339;0.0359611;2.3553;6.99613;3.34407e+06;105213
340;0.035961;2.14121;6.36159;3.34407e+06;105213
341;0.0359609;1.94657;5.78457;3.34407e+06;105213
342;0.0359608;1.76963;5.25984;3.34408e+06;105213
343;0.0359607;1.60877;4.78268;3.34408e+06;105213
344;0.0359606;1.46253;4.34878;3.34408e+06;105213
345;0.0359605;1.32959;3.95422;3.34408e+06;105213
346;0.0359604;1.20873;3.59543;3.34408e+06;105213
347;0.0359604;1.09886;3.26918;3.34408e+06;105213
348;0.0359603;0.99897;2.97251;3.34408e+06;105213
349;0.0359602;0.908163;2.70275;3.34408e+06;105213
350;0.0359602;0.825611;2.45746;3.34408e+06;105213
351;0.0359601;0.750563;2.23442;3.34408e+06;105213
352;0.0359601;0.682337;2.03161;3.34408e+06;105213
353;0.0359601;0.620313;1.8472;3.34408e+06;105213
354;0.03596;0.563926;1.67952;3.34408e+06;105213
355;0.03596;0.512666;1.52706;3.34408e+06;105213
356;0.03596;0.466064;1.38843;3.34408e+06;105213
357;0.0359599;0.423699;1.26238;3.34408e+06;105213
358;0.0359599;0.385185;1.14776;3.34408e+06;105213
359;0.0359599;0.350172;1.04355;3.34408e+06;105213
360;0.0359599;0.318341;0.948801;3.34408e+06;105213
361;0.0359599;0.289404;0.862648;3.34408e+06;105213
362;0.0359598;0.263097;0.784316;3.34408e+06;105213
363;0.0359598;0.239181;0.713094;3.34408e+06;105213
364;0.0359598;0.21744;0.648337;3.34408e+06;105213
365;0.0359598;0.197675;0.589459;3.34408e+06;105213
366;0.0359598;0.179706;0.535926;3.34408e+06;105213
367;0.0359598;0.163371;0.487254;3.34408e+06;105213
