148;3.29554e+07;1.7647;0.8787;0.1176;0.0037
149;3.29554e+07;3.15493;0.932525;0.220935;0.00695119
150;3.29554e+07;4.51377;1.10619;0.3306;0.0104015
151;3.29554e+07;6.05557;1.38231;0.460688;0.0144944
152;3.29554e+07;7.94449;1.76509;0.623248;0.019609
153;3.29554e+07;10.3372;2.27314;0.830823;0.0261398
154;3.29554e+07;13.4089;2.93706;1.09814;0.0345505
155;3.29554e+07;17.3731;3.79967;1.44354;0.0454176
156;3.29554e+07;22.4991;4.91798;1.89038;0.0594763
157;3.29554e+07;29.1327;6.3666;2.46874;0.0776729
158;3.29554e+07;37.7197;8.2425;3.21745;0.101229
159;3.29553e+07;48.8365;10.6714;4.18677;0.131727
160;3.29553e+07;63.229;13.8162;5.44172;0.171211
161;3.29553e+07;81.8629;17.8878;7.06651;0.222331
162;3.29553e+07;105.988;23.1594;9.17012;0.288516
163;3.29552e+07;137.223;29.9844;11.8937;0.374205
164;3.29552e+07;177.663;38.8209;15.4198;0.485148
165;3.29551e+07;230.02;50.2614;19.9852;0.628785
166;3.2955e+07;297.807;65.0735;25.8959;0.814752
167;3.29549e+07;385.57;84.2507;33.5486;1.05552
168;3.29547e+07;499.197;109.079;43.4564;1.36725
169;3.29546e+07;646.308;141.225;56.2842;1.77085
170;3.29543e+07;836.772;182.844;72.8923;2.29338
171;3.2954e+07;1083.36;236.728;94.3947;2.9699
172;3.29536e+07;1402.62;306.49;122.234;3.84579
173;3.2953e+07;1815.96;396.811;158.277;4.97981
174;3.29523e+07;2351.09;513.748;204.942;6.44801
175;3.29514e+07;3043.9;665.145;265.359;8.34888
176;3.29502e+07;3940.85;861.153;343.58;10.8099
177;3.29487e+07;5102.07;1114.92;444.852;13.9962
178;3.29468e+07;6605.39;1443.46;575.966;18.1214
179;3.29442e+07;8551.56;1868.8;745.716;23.4622
180;3.29409e+07;11071;2419.45;965.487;30.3767
181;3.29366e+07;14332.3;3132.32;1250.01;39.3287
182;3.29311e+07;18554;4055.18;1618.37;50.9182
183;3.2924e+07;24018.3;5249.84;2095.26;65.9224
184;3.29147e+07;31090.7;6796.3;2712.64;85.3468
185;3.29027e+07;40243.2;8798.05;3511.89;110.493
186;3.28872e+07;52086.2;11389;4546.54;143.046
187;3.28672e+07;67408.2;14742.1;5885.88;185.185
188;3.28412e+07;87226.7;19081.3;7619.55;239.731
189;3.28077e+07;112854;24695.6;9863.52;310.332
190;3.27643e+07;145981;31958.5;12767.7;401.706
191;3.27082e+07;188782;41351.6;16526;519.952
192;3.26358e+07;244049;53496;21389;672.953
193;3.25423e+07;315356;69191;27680.1;870.888
194;3.24217e+07;407264;89463.9;35817;1126.89
195;3.22664e+07;525569;115632;46337.9;1457.91
196;3.20666e+07;677593;149380;59936.3;1885.75
197;3.18101e+07;872517;192854;77503.4;2438.46
198;3.14816e+07;1.12173e+06;248772;100183;3152.02
199;3.10621e+07;1.43918e+06;320561;129439;4072.47
200;3.05289e+07;1.84162e+06;412499;167137;5258.55
201;2.98544e+07;2.34866e+06;529866;215647;6784.8
202;2.90072e+07;2.98241e+06;679087;277959;8745.3
203;2.79521e+07;3.7664e+06;867815;357819;11257.9
204;2.66527e+07;4.72341e+06;1.10492e+06;459874;14468.8
205;2.50751e+07;5.87168e+06;1.40025e+06;589812;18557
206;2.31939e+07;7.21915e+06;1.76413e+06;754481;23737.9
207;2.10013e+07;8.75555e+06;2.20636e+06;961944;30265.2
208;1.85178e+07;1.04432e+07;2.73461e+06;1.22141e+06;38428.8
209;1.5803e+07;1.22087e+07;3.35219e+06;1.543e+06;48546.8
210;1.29621e+07;1.39398e+07;4.05534e+06;1.93722e+06;60949.9
211;1.01421e+07;1.54927e+07;4.83055e+06;2.41413e+06;75954.7
212;7.51262e+06;1.67139e+07;5.65289e+06;2.9822e+06;93827.7
213;5.23204e+06;1.74751e+07;6.48648e+06;3.64698e+06;114743
214;3.4084e+06;1.77103e+07;7.28816e+06;4.40979e+06;138743
215;2.07259e+06;1.74362e+07;8.01398e+06;5.26688e+06;165710
216;1.17868e+06;1.67452e+07;8.62684e+06;6.20932e+06;195361
217;630940;1.57708e+07;9.10254e+06;7.22384e+06;227281
218;321269;1.46469e+07;9.43197e+06;8.2943e+06;260960
219;157713;1.34791e+07;9.61927e+06;9.4035e+06;295858
220;75740;1.23358e+07;9.6777e+06;1.05347e+07;331450
221;36091.1;1.12541e+07;9.62512e+06;1.16728e+07;367257
222;17279.8;1.02499e+07;9.48059e+06;1.28047e+07;402870
223;8398.86;9.32709e+06;9.26231e+06;1.39197e+07;437948
224;4177.1;8.48348e+06;8.98663e+06;1.50089e+07;472219
225;2137.79;7.71437e+06;8.6677e+06;1.60657e+07;505469
226;1130.1;7.01414e+06;8.31754e+06;1.7085e+07;537540
227;618.421;6.37707e+06;7.94621e+06;1.80632e+07;568315
228;350.663;5.79766e+06;7.56201e+06;1.89977e+07;597716
229;206.046;5.2708e+06;7.17175e+06;1.9887e+07;625695
230;125.386;4.79176e+06;6.78093e+06;2.07304e+07;652231
231;78.9383;4.35624e+06;6.39397e+06;2.15278e+07;677320
232;51.3439;3.96028e+06;6.01437e+06;2.22797e+07;700978
233;34.4488;3.60031e+06;5.64481e+06;2.2987e+07;723231
234;23.8024;3.27305e+06;5.28737e+06;2.36508e+07;744117
235;16.9076;2.97554e+06;4.94353e+06;2.42726e+07;763680
236;12.3257;2.70507e+06;4.61435e+06;2.4854e+07;781971
237;9.20611;2.45918e+06;4.30052e+06;2.53966e+07;799044
238;7.0334;2.23564e+06;4.00241e+06;2.59024e+07;814956
239;5.48777;2.03242e+06;3.72014e+06;2.63731e+07;829765
240;4.36634;1.84768e+06;3.45363e+06;2.68106e+07;843529
241;3.53764;1.67972e+06;3.20266e+06;2.72167e+07;856308
242;2.91476;1.52704e+06;2.96686e+06;2.75933e+07;868158
243;2.43916;1.38823e+06;2.74579e+06;2.79422e+07;879135
244;2.0707;1.26204e+06;2.53892e+06;2.82651e+07;889295
245;1.78137;1.14732e+06;2.34567e+06;2.85637e+07;898689
246;1.55135;1.04303e+06;2.16543e+06;2.88396e+07;907368
247;1.36637;948219;1.99757e+06;2.90942e+07;915380
248;1.21604;862026;1.84146e+06;2.93291e+07;922771
249;1.09267;783668;1.69645e+06;2.95457e+07;929584
250;0.990533;712433;1.56191e+06;2.97452e+07;935861
251;0.905267;647673;1.43721e+06;2.99289e+07;941640
252;0.833548;588799;1.32175e+06;3.00979e+07;946958
253;0.772807;535278;1.21494e+06;3.02533e+07;951848
254;0.721035;486621;1.11623e+06;3.03962e+07;956343
255;0.676649;442387;1.02506e+06;3.05275e+07;960473
256;0.638393;402174;940934;3.0648e+07;964266
257;0.605258;365617;863357;3.07587e+07;967748
258;0.57643;332382;791866;3.08602e+07;970942
259;0.551245;302169;726026;3.09533e+07;973872
260;0.529162;274701;665426;3.10387e+07;976558
261;0.509731;249731;609680;3.1117e+07;979020
262;0.49258;227031;558427;3.11887e+07;981276
263;0.477398;206394;511327;3.12543e+07;983342
264;0.463925;187632;468064;3.13145e+07;985234
265;0.451939;170577;428344;3.13695e+07;986966
266;0.441253;155071;391891;3.14199e+07;988551
267;0.431707;140975;358450;3.1466e+07;990001
268;0.423164;128161;327785;3.15081e+07;991327
269;0.415506;116511;299675;3.15467e+07;992540
270;0.408631;105920;273915;3.15819e+07;993649
271;0.402451;96291.8;250317;3.16141e+07;994662
272;0.396889;87538.9;228707;3.16436e+07;995588
273;0.391877;79581.6;208922;3.16705e+07;996435
274;0.387356;72347.7;190814;3.1695e+07;997208
275;0.383275;65771.3;174244;3.17175e+07;997914
276;0.379587;59792.7;159087;3.1738e+07;998558
277;0.376252;54357.5;145225;3.17567e+07;999147
278;0.373235;49416.4;132550;3.17737e+07;999684
279;0.370503;44924.5;120964;3.17893e+07;1.00017e+06
280;0.368028;40840.8;110375;3.18036e+07;1.00062e+06
281;0.365785;37128.4;100699;3.18165e+07;1.00103e+06
282;0.36375;33753.4;91858.8;3.18284e+07;1.0014e+06
283;0.361905;30685.3;83784.5;3.18392e+07;1.00174e+06
284;0.360231;27896;76410.7;3.1849e+07;1.00205e+06
285;0.35871;25360.2;69677.9;3.1858e+07;1.00234e+06
286;0.35733;23055;63531.2;3.18662e+07;1.00259e+06
287;0.356076;20959.3;57920.6;3.18737e+07;1.00283e+06
288;0.354937;19054.1;52800;3.18805e+07;1.00304e+06
289;0.353902;17322.1;48127.4;3.18867e+07;1.00324e+06
290;0.352961;15747.5;43864.1;3.18924e+07;1.00342e+06
291;0.352106;14316.1;39974.8;3.18975e+07;1.00358e+06
292;0.351329;13014.7;36427.2;3.19022e+07;1.00373e+06
293;0.350622;11831.7;33191.6;3.19065e+07;1.00386e+06
294;0.349979;10756.2;30241;3.19104e+07;1.00398e+06
295;0.349395;9778.45;27550.5;3.1914e+07;1.0041e+06
296;0.348863;8889.59;25097.5;3.19172e+07;1.0042e+06
297;0.34838;8081.52;22861.2;3.19202e+07;1.00429e+06
298;0.34794;7346.91;20822.8;3.19229e+07;1.00438e+06
299;0.34754;6679.08;18964.8;3.19253e+07;1.00445e+06
300;0.347176;6071.95;17271.5;3.19275e+07;1.00452e+06
301;0.346844;5520.01;15728.4;3.19296e+07;1.00459e+06
302;0.346543;5018.24;14322.3;3.19314e+07;1.00464e+06
303;0.346269;4562.09;13041.2;3.19331e+07;1.0047e+06
304;0.34602;4147.39;11874;3.19346e+07;1.00475e+06
305;0.345793;3770.39;10810.7;3.1936e+07;1.00479e+06
306;0.345586;3427.67;9842.06;3.19373e+07;1.00483e+06
307;0.345398;3116.09;8959.79;3.19385e+07;1.00487e+06
308;0.345227;2832.84;8156.22;3.19395e+07;1.0049e+06
309;0.345072;2575.33;7424.38;3.19405e+07;1.00493e+06
310;0.34493;2341.24;6757.9;3.19413e+07;1.00496e+06
311;0.344802;2128.42;6150.98;3.19421e+07;1.00498e+06
312;0.344684;1934.94;5598.34;3.19429e+07;1.00501e+06
313;0.344578;1759.06;5095.15;3.19435e+07;1.00503e+06
314;0.344481;1599.16;4637.01;3.19441e+07;1.00504e+06
315;0.344393;1453.8;4219.9;3.19447e+07;1.00506e+06
316;0.344312;1321.65;3840.18;3.19452e+07;1.00508e+06
317;0.344239;1201.51;3494.5;3.19456e+07;1.00509e+06
318;0.344173;1092.29;3179.84;3.1946e+07;1.0051e+06
319;0.344112;993.003;2893.41;3.19464e+07;1.00512e+06
320;0.344057;902.739;2632.7;3.19467e+07;1.00513e+06
321;0.344007;820.68;2395.42;3.1947e+07;1.00514e+06
322;0.343962;746.08;2179.45;3.19473e+07;1.00515e+06
323;0.343921;678.261;1982.9;3.19476e+07;1.00515e+06
324;0.343883;616.607;1804.03;3.19478e+07;1.00516e+06
325;0.343849;560.558;1641.25;3.1948e+07;1.00517e+06
326;0.343817;509.603;1493.12;3.19482e+07;1.00517e+06
327;0.343789;463.28;1358.33;3.19484e+07;1.00518e+06
328;0.343763;421.168;1235.68;3.19486e+07;1.00518e+06
329;0.34374;382.884;1124.07;3.19487e+07;1.00519e+06
330;0.343718;348.08;1022.53;3.19488e+07;1.00519e+06
331;0.343699;316.439;930.135;3.1949e+07;1.0052e+06
332;0.343681;287.675;846.074;3.19491e+07;1.0052e+06
333;0.343665;261.525;769.595;3.19492e+07;1.0052e+06
334;0.343651;237.753;700.016;3.19493e+07;1.00521e+06
335;0.343637;216.141;636.715;3.19493e+07;1.00521e+06
336;0.343625;196.494;579.129;3.19494e+07;1.00521e+06
337;0.343614;178.633;526.742;3.19495e+07;1.00521e+06
338;0.343604;162.395;479.086;3.19495e+07;1.00522e+06
339;0.343595;147.633;435.734;3.19496e+07;1.00522e+06
340;0.343587;134.213;396.3;3.19497e+07;1.00522e+06
341;0.343579;122.013;360.429;3.19497e+07;1.00522e+06
342;0.343573;110.922;327.8;3.19497e+07;1.00522e+06
343;0.343566;100.84;298.12;3.19498e+07;1.00522e+06
344;0.343561;91.6732;271.125;3.19498e+07;1.00522e+06
345;0.343556;83.3401;246.57;3.19498e+07;1.00522e+06
346;0.343551;75.7645;224.237;3.19499e+07;1.00523e+06
347;0.343547;68.8775;203.924;3.19499e+07;1.00523e+06
348;0.343543;62.6166;185.449;3.19499e+07;1.00523e+06
349;0.343539;56.9247;168.646;3.19499e+07;1.00523e+06
350;0.343536;51.7503;153.364;3.195e+07;1.00523e+06
351;0.343533;47.0462;139.465;3.195e+07;1.00523e+06
352;0.343531;42.7697;126.824;3.195e+07;1.00523e+06
353;0.343528;38.8819;115.328;3.195e+07;1.00523e+06
354;0.343526;35.3475;104.873;3.195e+07;1.00523e+06
355;0.343524;32.1345;95.3652;3.195e+07;1.00523e+06
356;0.343522;29.2134;86.7184;3.19501e+07;1.00523e+06
357;0.343521;26.5579;78.855;3.19501e+07;1.00523e+06
358;0.343519;24.1438;71.704;3.19501e+07;1.00523e+06
359;0.343518;21.9492;65.2009;3.19501e+07;1.00523e+06
360;0.343516;19.954;59.2872;3.19501e+07;1.00523e+06
361;0.343515;18.1402;53.9095;3.19501e+07;1.00523e+06
362;0.343514;16.4912;49.0192;3.19501e+07;1.00523e+06
363;0.343513;14.9922;44.5723;3.19501e+07;1.00523e+06
364;0.343512;13.6294;40.5284;3.19501e+07;1.00523e+06
365;0.343512;12.3905;36.8512;3.19501e+07;1.00523e+06
366;0.343511;11.2642;33.5075;3.19501e+07;1.00523e+06
367;0.34351;10.2403;30.4669;3.19501e+07;1.00523e+06
368;0.34351;9.30943;27.7021;3.19501e+07;1.00523e+06
369;0.343509;8.4632;25.1881;3.19501e+07;1.00523e+06
370;0.343509;7.6939;22.9021;3.19501e+07;1.00523e+06
371;0.343508;6.99452;20.8234;3.19501e+07;1.00523e+06
372;0.343508;6.35872;18.9334;3.19501e+07;1.00523e+06
373;0.343508;5.78071;17.2147;3.19501e+07;1.00523e+06
374;0.343507;5.25525;15.6521;3.19501e+07;1.00523e+06
375;0.343507;4.77754;14.2312;3.19501e+07;1.00523e+06
376;0.343507;4.34327;12.9392;3.19501e+07;1.00523e+06
377;0.343506;3.94846;11.7645;3.19502e+07;1.00523e+06
378;0.343506;3.58955;10.6964;3.19502e+07;1.00523e+06
379;0.343506;3.26326;9.72519;3.19502e+07;1.00523e+06
380;0.343506;2.96663;8.84215;3.19502e+07;1.00523e+06
381;0.343506;2.69696;8.03927;3.19502e+07;1.00523e+06
382;0.343506;2.45181;7.30926;3.19502e+07;1.00523e+06
383;0.343505;2.22894;6.64551;3.19502e+07;1.00523e+06
384;0.343505;2.02633;6.04202;3.19502e+07;1.00523e+06
385;0.343505;1.84214;5.49332;3.19502e+07;1.00523e+06
386;0.343505;1.67469;4.99443;3.19502e+07;1.00523e+06
387;0.343505;1.52246;4.54083;3.19502e+07;1.00523e+06
388;0.343505;1.38407;4.12842;3.19502e+07;1.00523e+06
389;0.343505;1.25825;3.75346;3.19502e+07;1.00523e+06
390;0.343505;1.14388;3.41254;3.19502e+07;1.00523e+06
391;0.343505;1.0399;3.10258;3.19502e+07;1.00523e+06
392;0.343505;0.945373;2.82076;3.19502e+07;1.00523e+06
393;0.343505;0.859439;2.56454;3.19502e+07;1.00523e+06
394;0.343505;0.781316;2.33158;3.19502e+07;1.00523e+06
395;0.343504;0.710294;2.11978;3.19502e+07;1.00523e+06
396;0.343504;0.645729;1.92722;3.19502e+07;1.00523e+06
397;0.343504;0.587032;1.75214;3.19502e+07;1.00523e+06
398;0.343504;0.533671;1.59297;3.19502e+07;1.00523e+06
399;0.343504;0.48516;1.44825;3.19502e+07;1.00523e+06
400;0.343504;0.441059;1.31668;3.19502e+07;1.00523e+06
401;0.343504;0.400967;1.19706;3.19502e+07;1.00523e+06
402;0.343504;0.364519;1.0883;3.19502e+07;1.00523e+06
403;0.343504;0.331384;0.989428;3.19502e+07;1.00523e+06
404;0.343504;0.301261;0.899533;3.19502e+07;1.00523e+06
405;0.343504;0.273877;0.817804;3.19502e+07;1.00523e+06
406;0.343504;0.248981;0.7435;3.19502e+07;1.00523e+06
407;0.343504;0.226349;0.675946;3.19502e+07;1.00523e+06
408;0.343504;0.205774;0.614529;3.19502e+07;1.00523e+06
409;0.343504;0.187069;0.558691;3.19502e+07;1.00523e+06
410;0.343504;0.170064;0.507927;3.19502e+07;1.00523e+06
411;0.343504;0.154606;0.461774;3.19502e+07;1.00523e+06
