136;292678;1.7647;0.8787;0.1176;0.0037
137;292677;3.15492;0.932525;0.220935;0.00695119
138;292675;4.51375;1.10619;0.3306;0.0104015
139;292673;6.05551;1.38231;0.460688;0.0144944
140;292671;7.94437;1.76508;0.623248;0.019609
141;292668;10.337;2.27312;0.830822;0.0261398
142;292664;13.4085;2.93702;1.09814;0.0345503
143;292658;17.3724;3.7996;1.44353;0.0454173
144;292652;22.4979;4.91786;1.89037;0.0594758
145;292643;29.1305;6.36638;2.46871;0.0776719
146;292632;37.7159;8.2421;3.21739;0.101228
147;292617;48.8299;10.6707;4.18666;0.131723
148;292598;63.2179;13.815;5.44154;0.171205
149;292574;81.8439;17.8857;7.06618;0.22232
150;292542;105.956;23.1558;9.16955;0.288498
151;292502;137.168;29.9784;11.8927;0.374174
152;292449;177.57;38.8106;15.4181;0.485094
153;292380;229.864;50.244;19.9823;0.628693
154;292292;297.544;65.0441;25.891;0.814596
155;292177;385.128;84.201;33.5401;1.05526
156;292029;498.454;108.996;43.4422;1.3668
157;291837;645.061;141.084;56.26;1.77009
158;291589;834.679;182.607;72.8515;2.2921
159;291268;1079.85;236.329;94.326;2.96774
160;290852;1396.73;305.82;122.118;3.84216
161;290316;1806.08;395.687;158.083;4.97369
162;289624;2334.54;511.863;204.616;6.43774
163;288730;3016.18;661.983;264.811;8.33163
164;287577;3894.46;855.856;342.66;10.781
165;286093;5024.48;1106.05;443.309;13.9476
166;284185;6475.72;1428.61;573.38;18.04
167;281737;8335.07;1843.96;741.384;23.3259
168;278605;10710;2377.95;958.234;30.1485
169;274610;13731.3;3063.04;1237.88;38.9469
170;269538;17555.3;3939.67;1598.09;50.2801
171;263134;22363;5057.56;2061.4;64.8569
172;255109;28355.9;6476.88;2656.17;83.5699
173;245144;35743.3;8268.78;3417.85;107.534
174;232918;44720.2;10514.8;4390.26;138.129
175;218146;55426.9;13303.6;5626.68;177.03
176;200638;67896.6;16728.2;7191.19;226.253
177;180386;81976.3;20870.8;9158.42;288.147
178;157665;97245.8;25790.9;11612.8;365.37
179;133118;112953;31502.1;14645.8;460.796
180;107795;128009;37948.3;18350.5;577.353
181;83083.1;141085;44981.2;22813.2;717.762
182;60495.7;150848;52349.6;28103;884.193
183;41344;156287;59711.6;34259.3;1077.89
184;26404.8;157020;66675.1;41281.4;1298.82
185;15743;153409;72860.5;49122.4;1545.52
186;8790.65;146416;77967.4;57690.8;1815.1
187;4632.63;137265;81819.2;66859.7;2103.58
188;2330.84;127089;84371.9;76481.7;2406.31
189;1135.35;116732;85690;86403.8;2718.49
190;543.305;106713;85905.9;96480.8;3035.54
191;258.962;97297.5;85185.8;106583;3353.39
192;124.421;88587.7;83697.1;116601;3668.58
193;60.8397;80598.7;81597.2;126444;3978.25
194;30.4972;73302.6;79025.9;136040;4280.16
195;15.7513;66654.1;76103.3;145333;4572.56
196;8.40948;60602.6;72930.8;154283;4854.14
197;4.64949;55097.6;69593.1;162860;5123.99
198;2.66393;50091.2;66159.8;171044;5381.48
199;1.58146;45539;62687.9;178824;5626.27
200;0.972044;41400.1;59223.4;186196;5858.22
201;0.617885;37637.2;55802.8;193161;6077.34
202;0.405602;34216.2;52455.2;199723;6283.81
203;0.274518;31106.1;49202.6;205892;6477.9
204;0.191243;28278.6;46061.9;211678;6659.95
205;0.136898;25708.1;43045.1;217095;6830.38
206;0.100522;23371.3;40160.6;222157;6989.64
207;0.0755877;21246.9;37413.6;226880;7138.24
208;0.0581119;19315.6;34806.7;231280;7276.67
209;0.0456065;17559.8;32340.4;235373;7405.45
210;0.0364836;15963.6;30013.7;239177;7525.11
211;0.0297078;14512.5;27824.1;242706;7636.16
212;0.0245909;13193.3;25768.2;245978;7739.11
213;0.0206669;11994.1;23841.8;249009;7834.46
214;0.0176146;10903.8;22040.1;251812;7922.67
215;0.0152089;9912.66;20357.8;254404;8004.22
216;0.0132898;9011.6;18789.4;256798;8079.54
217;0.0117417;8192.45;17329.4;259008;8149.06
218;0.0104798;7447.76;15972.1;261046;8213.18
219;0.00944157;6770.76;14711.7;262924;8272.28
220;0.00857981;6155.29;13542.6;264654;8326.71
221;0.0078588;5595.78;12459.4;266247;8376.82
222;0.0072511;5087.12;11456.7;267712;8422.92
223;0.00673543;4624.7;10529.4;269060;8465.31
224;0.00629513;4204.32;9672.61;270298;8504.27
225;0.00591706;3822.15;8881.49;271435;8540.06
226;0.00559072;3474.71;8151.6;272480;8572.92
227;0.00530768;3158.86;7478.66;273438;8603.08
228;0.00506113;2871.72;6858.64;274318;8630.75
229;0.0048455;2610.68;6287.73;275124;8656.13
230;0.00465623;2373.37;5762.34;275864;8679.39
231;0.00448953;2157.63;5279.11;276542;8700.71
232;0.00434227;1961.5;4834.88;277162;8720.24
233;0.00421182;1783.2;4426.71;277731;8738.13
234;0.00409596;1621.11;4051.84;278252;8754.51
235;0.00399282;1473.75;3707.71;278728;8769.5
236;0.00390082;1339.79;3391.93;279164;8783.22
237;0.00381858;1218;3102.28;279563;8795.77
238;0.00374495;1107.28;2836.69;279928;8807.25
239;0.00367892;1006.63;2593.25;280261;8817.75
240;0.00361962;915.13;2370.19;280566;8827.34
241;0.00356629;831.945;2165.87;280845;8836.11
242;0.00351828;756.321;1978.78;281100;8844.13
243;0.003475;687.571;1807.5;281332;8851.45
244;0.00343596;625.071;1650.75;281545;8858.13
245;0.0034007;568.252;1507.33;281739;8864.24
246;0.00336883;516.598;1376.15;281916;8869.82
247;0.00334001;469.639;1256.18;282078;8874.91
248;0.00331392;426.949;1146.5;282226;8879.56
249;0.0032903;388.14;1046.24;282361;8883.8
250;0.0032689;352.858;954.609;282484;8887.67
251;0.0032495;320.783;870.889;282596;8891.2
252;0.0032319;291.624;794.41;282699;8894.43
253;0.00321594;265.115;724.556;282792;8897.37
254;0.00320145;241.016;660.767;282877;8900.05
255;0.0031883;219.108;602.524;282955;8902.49
256;0.00317636;199.191;549.355;283026;8904.72
257;0.00316551;181.085;500.825;283090;8906.75
258;0.00315565;164.624;456.535;283149;8908.61
259;0.00314669;149.66;416.122;283203;8910.3
260;0.00313855;136.056;379.25;283252;8911.84
261;0.00313115;123.688;345.615;283296;8913.24
262;0.00312442;112.445;314.935;283337;8914.52
263;0.00311831;102.224;286.954;283374;8915.68
264;0.00311274;92.9315;261.439;283408;8916.74
265;0.00310768;84.4841;238.174;283439;8917.71
266;0.00310308;76.8045;216.963;283467;8918.59
267;0.00309889;69.823;197.627;283492;8919.4
268;0.00309509;63.4761;180.002;283515;8920.13
269;0.00309162;57.7061;163.937;283537;8920.79
270;0.00308847;52.4606;149.297;283556;8921.4
271;0.0030856;47.6919;135.956;283573;8921.95
272;0.003083;43.3567;123.8;283589;8922.46
273;0.00308062;39.4156;112.724;283604;8922.91
274;0.00307846;35.8327;102.634;283617;8923.33
275;0.0030765;32.5755;93.4413;283629;8923.71
276;0.00307471;29.6144;85.068;283640;8924.06
277;0.00307308;26.9225;77.4412;283650;8924.37
278;0.0030716;24.4752;70.4948;283659;8924.66
279;0.00307026;22.2504;64.1686;283668;8924.92
280;0.00306903;20.2279;58.4075;283675;8925.16
281;0.00306792;18.3892;53.1614;283682;8925.37
282;0.00306691;16.7176;48.3845;283688;8925.57
283;0.00306598;15.198;44.0351;283694;8925.75
284;0.00306514;13.8165;40.0751;283699;8925.91
285;0.00306438;12.5605;36.4699;283704;8926.06
286;0.00306368;11.4188;33.1879;283708;8926.19
287;0.00306305;10.3808;30.2002;283712;8926.32
288;0.00306248;9.43721;27.4805;283716;8926.43
289;0.00306195;8.57937;25.005;283719;8926.53
290;0.00306148;7.7995;22.7517;283722;8926.62
291;0.00306104;7.09053;20.7009;283724;8926.71
292;0.00306065;6.446;18.8344;283727;8926.78
293;0.00306029;5.86006;17.1357;283729;8926.85
294;0.00305997;5.32738;15.5899;283731;8926.92
295;0.00305967;4.84312;14.1831;283733;8926.97
296;0.0030594;4.40288;12.9029;283735;8927.03
297;0.00305915;4.00266;11.738;283736;8927.07
298;0.00305893;3.63882;10.678;283738;8927.12
299;0.00305873;3.30805;9.71355;283739;8927.16
300;0.00305854;3.00735;8.836;283740;8927.19
301;0.00305837;2.73398;8.03756;283741;8927.23
302;0.00305822;2.48546;7.31112;283742;8927.26
303;0.00305808;2.25953;6.65021;283743;8927.28
304;0.00305796;2.05414;6.04893;283744;8927.31
305;0.00305784;1.86742;5.50192;283744;8927.33
306;0.00305774;1.69767;5.00428;283745;8927.35
307;0.00305764;1.54335;4.55158;283746;8927.37
308;0.00305756;1.40306;4.13977;283746;8927.38
309;0.00305748;1.27552;3.76515;283747;8927.4
310;0.00305741;1.15958;3.42438;283747;8927.41
311;0.00305734;1.05417;3.11441;283747;8927.43
312;0.00305728;0.95835;2.83246;283748;8927.44
313;0.00305723;0.871236;2.57599;283748;8927.45
314;0.00305718;0.79204;2.34272;283748;8927.46
315;0.00305713;0.720044;2.13055;283749;8927.47
316;0.00305709;0.654592;1.93756;283749;8927.47
317;0.00305706;0.59509;1.76204;283749;8927.48
318;0.00305702;0.540996;1.6024;283749;8927.49
319;0.00305699;0.49182;1.4572;283750;8927.49
320;0.00305696;0.447113;1.32515;283750;8927.5
321;0.00305694;0.406471;1.20505;283750;8927.5
322;0.00305692;0.369522;1.09583;283750;8927.51
323;0.0030569;0.335933;0.996494;283750;8927.51
324;0.00305688;0.305397;0.906155;283750;8927.52
325;0.00305686;0.277636;0.823999;283750;8927.52
326;0.00305684;0.252399;0.749285;283750;8927.52
327;0.00305683;0.229456;0.68134;283751;8927.53
328;0.00305682;0.208598;0.619551;283751;8927.53
329;0.0030568;0.189637;0.563361;283751;8927.53
330;0.00305679;0.172399;0.512263;283751;8927.53
331;0.00305678;0.156728;0.465797;283751;8927.53
