173;2.88702e+07;1.7647;0.8787;0.1176;0.0037
174;2.88702e+07;3.15493;0.932525;0.220935;0.00695119
175;2.88702e+07;4.51377;1.10619;0.3306;0.0104015
176;2.88702e+07;6.05557;1.38231;0.460688;0.0144944
177;2.88702e+07;7.94449;1.76509;0.623248;0.019609
178;2.88702e+07;10.3372;2.27314;0.830823;0.0261398
179;2.88702e+07;13.4089;2.93706;1.09814;0.0345505
180;2.88702e+07;17.3731;3.79967;1.44354;0.0454176
181;2.88702e+07;22.4991;4.91798;1.89038;0.0594763
182;2.88702e+07;29.1327;6.3666;2.46874;0.0776729
183;2.88701e+07;37.7197;8.2425;3.21745;0.101229
184;2.88701e+07;48.8365;10.6714;4.18677;0.131727
185;2.88701e+07;63.229;13.8162;5.44172;0.171211
186;2.88701e+07;81.8629;17.8878;7.06651;0.222331
187;2.88701e+07;105.988;23.1594;9.17011;0.288516
188;2.887e+07;137.223;29.9844;11.8937;0.374205
189;2.887e+07;177.662;38.8209;15.4198;0.485148
190;2.88699e+07;230.02;50.2614;19.9852;0.628785
191;2.88698e+07;297.806;65.0735;25.8959;0.814752
192;2.88697e+07;385.569;84.2507;33.5485;1.05552
193;2.88695e+07;499.196;109.079;43.4564;1.36725
194;2.88694e+07;646.307;141.225;56.2842;1.77084
195;2.88691e+07;836.77;182.844;72.8922;2.29338
196;2.88688e+07;1083.36;236.727;94.3946;2.9699
197;2.88684e+07;1402.61;306.489;122.234;3.84579
198;2.88678e+07;1815.94;396.81;158.277;4.9798
199;2.88671e+07;2351.07;513.746;204.942;6.448
200;2.88662e+07;3043.87;665.141;265.358;8.34886
201;2.8865e+07;3940.79;861.146;343.579;10.8099
202;2.88635e+07;5101.97;1114.91;444.85;13.9961
203;2.88616e+07;6605.22;1443.44;575.963;18.1213
204;2.8859e+07;8551.28;1868.76;745.711;23.462
205;2.88557e+07;11070.5;2419.39;965.477;30.3764
206;2.88514e+07;14331.6;3132.23;1250;39.3282
207;2.88459e+07;18552.7;4055.03;1618.35;50.9174
208;2.88388e+07;24016.1;5249.59;2095.22;65.921
209;2.88295e+07;31087;6795.88;2712.57;85.3445
210;2.88175e+07;40237;8797.35;3511.77;110.489
211;2.8802e+07;52075.9;11387.8;4546.34;143.039
212;2.8782e+07;67390.8;14740.1;5885.54;185.174
213;2.87561e+07;87197.6;19078;7618.98;239.713
214;2.87225e+07;112805;24690.1;9862.55;310.301
215;2.86792e+07;145900;31949.2;12766.1;401.655
216;2.86232e+07;188646;41336;16523.3;519.867
217;2.85508e+07;243821;53469.9;21384.4;672.81
218;2.84575e+07;314974;69147.3;27672.5;870.648
219;2.83372e+07;406626;89390.8;35804.2;1126.49
220;2.81824e+07;524506;115510;46316.6;1457.24
221;2.79834e+07;675823;149176;59900.6;1884.63
222;2.77282e+07;869572;192514;77443.7;2436.58
223;2.74019e+07;1.11685e+06;248206;100083;3148.88
224;2.69861e+07;1.4311e+06;319620;129272;4067.24
225;2.64588e+07;1.82831e+06;410937;166860;5249.83
226;2.57941e+07;2.32685e+06;527284;215186;6770.3
227;2.49626e+07;2.94689e+06;674835;277194;8721.25
228;2.39326e+07;3.70902e+06;860850;356555;11218.1
229;2.26727e+07;4.63168e+06;1.09358e+06;457791;14403.3
230;2.11564e+07;5.72699e+06;1.38195e+06;586396;18449.5
231;1.93682e+07;6.99467e+06;1.7349e+06;748913;23562.7
232;1.73126e+07;8.41445e+06;2.16027e+06;952937;29981.9
233;1.50241e+07;9.93803e+06;2.66311e+06;1.20699e+06;37974.9
234;1.25752e+07;1.14836e+07;3.24344e+06;1.52017e+06;47828.4
235;1.0078e+07;1.29369e+07;3.89386e+06;1.90159e+06;59829.1
236;7.67429e+06;1.41647e+07;4.59751e+06;2.35951e+06;74236.4
237;5.51207e+06;1.50393e+07;5.3274e+06;2.90018e+06;91247.2
238;3.71144e+06;1.54729e+07;6.04825e+06;3.52668e+06;110959
239;2.33402e+06;1.54438e+07;6.72108e+06;4.23796e+06;133337
240;1.37069e+06;1.50033e+07;7.30966e+06;5.02836e+06;158205
241;754885;1.42553e+07;7.7868e+06;5.88797e+06;185251
242;393262;1.33211e+07;8.13806e+06;6.8037e+06;214062
243;196176;1.23073e+07;8.36181e+06;7.76074e+06;244173
244;95051.6;1.12897e+07;8.46625e+06;8.74408e+06;275111
245;45389;1.03131e+07;8.46553e+06;9.73971e+06;306437
246;21650.1;9.3994e+06;8.37612e+06;1.07353e+07;337759
247;10434.2;8.55621e+06;8.21451e+06;1.17203e+07;368751
248;5127.26;7.78376e+06;7.99585e+06;1.26863e+07;399144
249;2586.19;7.07876e+06;7.73349e+06;1.36266e+07;428729
250;1345.24;6.43654e+06;7.43888e+06;1.45361e+07;457343
251;723.708;5.85208e+06;7.12163e+06;1.54109e+07;484867
252;403.289;5.32045e+06;6.78973e+06;1.62484e+07;511217
253;232.897;4.83699e+06;6.44976e+06;1.70469e+07;536339
254;139.341;4.3974e+06;6.10709e+06;1.78054e+07;560203
255;86.296;3.99773e+06;5.76602e+06;1.85236e+07;582799
256;55.2544;3.63437e+06;5.43e+06;1.92016e+07;604133
257;36.523;3.30402e+06;5.1017e+06;1.98402e+07;624224
258;24.8818;3.0037e+06;4.7832e+06;2.04402e+07;643101
259;17.4413;2.73067e+06;4.47603e+06;2.10027e+07;660799
260;12.5576;2.48246e+06;4.18131e+06;2.15291e+07;677360
261;9.27096;2.2568e+06;3.89977e+06;2.20208e+07;692831
262;7.00666;2.05166e+06;3.63187e+06;2.24794e+07;707260
263;5.41213;1.86517e+06;3.37782e+06;2.29065e+07;720698
264;4.26608;1.69563e+06;3.13764e+06;2.33037e+07;733196
265;3.42657;1.54149e+06;2.91117e+06;2.36727e+07;744805
266;2.80068;1.40137e+06;2.69817e+06;2.40151e+07;755576
267;2.32636;1.27399e+06;2.49827e+06;2.43324e+07;765560
268;1.96143;1.15818e+06;2.31103e+06;2.46262e+07;774803
269;1.67671;1.0529e+06;2.13598e+06;2.4898e+07;783354
270;1.45169;957196;1.9726e+06;2.51491e+07;791257
271;1.27172;870187;1.82033e+06;2.53811e+07;798556
272;1.12619;791087;1.67862e+06;2.55952e+07;805291
273;1.00732;719177;1.54692e+06;2.57926e+07;811502
274;0.90932;653804;1.42465e+06;2.59745e+07;817225
275;0.827828;594373;1.31127e+06;2.61421e+07;822497
276;0.75953;540345;1.20624e+06;2.62963e+07;827348
277;0.701877;491228;1.10904e+06;2.64381e+07;831811
278;0.652885;446575;1.01917e+06;2.65685e+07;835915
279;0.610999;405981;936136;2.66884e+07;839686
280;0.57499;369078;859487;2.67985e+07;843150
281;0.543873;335529;788780;2.68996e+07;846330
282;0.516859;305029;723601;2.69923e+07;849248
283;0.493305;277302;663555;2.70774e+07;851925
284;0.472688;252095;608273;2.71554e+07;854381
285;0.454577;229180;557405;2.7227e+07;856631
286;0.438615;208347;510624;2.72925e+07;858694
287;0.424506;189409;467624;2.73526e+07;860583
288;0.411999;172191;428118;2.74076e+07;862313
289;0.400886;156539;391840;2.74579e+07;863897
290;0.390988;142310;358539;2.7504e+07;865347
291;0.382154;129374;327984;2.75462e+07;866674
292;0.374255;117614;299960;2.75847e+07;867887
293;0.367181;106923;274266;2.762e+07;868997
294;0.360834;97203.4;250717;2.76523e+07;870012
295;0.355132;88367.6;229140;2.76817e+07;870939
296;0.350004;80335;209378;2.77087e+07;871787
297;0.345385;73032.6;191283;2.77333e+07;872562
298;0.341221;66393.9;174719;2.77558e+07;873270
299;0.337463;60358.7;159561;2.77764e+07;873916
300;0.334069;54872.1;145693;2.77951e+07;874506
301;0.331001;49884.2;133008;2.78123e+07;875046
302;0.328226;45349.8;121409;2.78279e+07;875538
303;0.325714;41227.5;110804;2.78422e+07;875987
304;0.323438;37479.9;101111;2.78552e+07;876397
305;0.321377;34073;92253.3;2.78671e+07;876771
306;0.319508;30975.7;84160.3;2.78779e+07;877112
307;0.317813;28160.1;76767.3;2.78878e+07;877424
308;0.316275;25600.3;70015.2;2.78969e+07;877708
309;0.314879;23273.2;63849.4;2.79051e+07;877967
310;0.313611;21157.7;58220;2.79126e+07;878203
311;0.31246;19234.5;53081.2;2.79195e+07;878418
312;0.311415;17486.1;48390.8;2.79257e+07;878615
313;0.310464;15896.6;44110.5;2.79314e+07;878794
314;0.309601;14451.6;40204.9;2.79366e+07;878957
315;0.308816;13137.9;36641.7;2.79413e+07;879106
316;0.308103;11943.7;33391.3;2.79456e+07;879241
317;0.307454;10858;30426.6;2.79495e+07;879365
318;0.306865;9871.02;27722.9;2.79531e+07;879478
319;0.306328;8973.74;25257.4;2.79564e+07;879580
320;0.30584;8158.03;23009.3;2.79594e+07;879674
321;0.305397;7416.47;20959.9;2.79621e+07;879759
322;0.304993;6742.31;19091.6;2.79645e+07;879836
323;0.304626;6129.43;17388.7;2.79668e+07;879907
324;0.304292;5572.27;15836.6;2.79688e+07;879971
325;0.303988;5065.75;14422.1;2.79707e+07;880030
326;0.303712;4605.27;13133.2;2.79724e+07;880083
327;0.30346;4186.65;11958.8;2.79739e+07;880132
328;0.303232;3806.09;10888.7;2.79753e+07;880176
329;0.303023;3460.12;9913.9;2.79766e+07;880216
330;0.302834;3145.59;9025.87;2.79778e+07;880253
331;0.302662;2859.66;8216.97;2.79788e+07;880286
332;0.302505;2599.71;7480.19;2.79798e+07;880317
333;0.302362;2363.4;6809.16;2.79807e+07;880344
334;0.302232;2148.57;6198.04;2.79815e+07;880370
335;0.302114;1953.26;5641.52;2.79822e+07;880393
336;0.302007;1775.71;5134.76;2.79829e+07;880413
337;0.301909;1614.3;4673.32;2.79835e+07;880432
338;0.30182;1467.56;4253.19;2.7984e+07;880450
339;0.301739;1334.16;3870.68;2.79845e+07;880466
340;0.301666;1212.88;3522.44;2.7985e+07;880480
341;0.301599;1102.63;3205.42;2.79854e+07;880493
342;0.301538;1002.4;2916.83;2.79858e+07;880505
343;0.301482;911.285;2654.14;2.79861e+07;880516
344;0.301432;828.449;2415.03;2.79864e+07;880525
345;0.301386;753.143;2197.39;2.79867e+07;880534
346;0.301344;684.682;1999.31;2.7987e+07;880542
347;0.301306;622.445;1819.03;2.79872e+07;880550
348;0.301272;565.865;1654.96;2.79874e+07;880557
349;0.30124;514.428;1505.65;2.79876e+07;880563
350;0.301212;467.666;1369.78;2.79878e+07;880568
351;0.301186;425.155;1246.13;2.7988e+07;880573
352;0.301162;386.509;1133.62;2.79881e+07;880578
353;0.30114;351.375;1031.25;2.79882e+07;880582
354;0.301121;319.435;938.099;2.79884e+07;880586
355;0.301103;290.398;853.344;2.79885e+07;880589
356;0.301087;264.001;776.231;2.79886e+07;880593
357;0.301072;240.004;706.072;2.79887e+07;880595
358;0.301059;218.187;642.242;2.79887e+07;880598
359;0.301046;198.354;584.171;2.79888e+07;880600
360;0.301035;180.324;531.341;2.79889e+07;880603
361;0.301025;163.932;483.281;2.79889e+07;880605
362;0.301016;149.031;439.561;2.7989e+07;880606
363;0.301008;135.484;399.789;2.79891e+07;880608
364;0.301;123.168;363.61;2.79891e+07;880609
365;0.300993;111.972;330.7;2.79891e+07;880611
366;0.300987;101.794;300.764;2.79892e+07;880612
367;0.300981;92.5411;273.535;2.79892e+07;880613
368;0.300976;84.1291;248.767;2.79892e+07;880614
369;0.300971;76.4818;226.239;2.79893e+07;880615
370;0.300967;69.5296;205.748;2.79893e+07;880616
371;0.300963;63.2093;187.111;2.79893e+07;880617
372;0.30096;57.4636;170.16;2.79894e+07;880617
373;0.300956;52.2402;154.743;2.79894e+07;880618
374;0.300953;47.4915;140.722;2.79894e+07;880619
375;0.300951;43.1746;127.969;2.79894e+07;880619
376;0.300948;39.25;116.371;2.79894e+07;880620
377;0.300946;35.6822;105.823;2.79894e+07;880620
378;0.300944;32.4387;96.2302;2.79894e+07;880620
379;0.300942;29.49;87.5062;2.79895e+07;880621
380;0.300941;26.8094;79.5723;2.79895e+07;880621
381;0.300939;24.3724;72.3572;2.79895e+07;880621
382;0.300938;22.1569;65.7957;2.79895e+07;880622
383;0.300937;20.1429;59.8287;2.79895e+07;880622
384;0.300935;18.3119;54.4025;2.79895e+07;880622
385;0.300934;16.6473;49.468;2.79895e+07;880622
386;0.300933;15.1341;44.9808;2.79895e+07;880622
387;0.300933;13.7584;40.9003;2.79895e+07;880623
388;0.300932;12.5078;37.1897;2.79895e+07;880623
389;0.300931;11.3708;33.8156;2.79895e+07;880623
390;0.30093;10.3372;30.7474;2.79895e+07;880623
391;0.30093;9.39756;27.9574;2.79895e+07;880623
392;0.300929;8.54332;25.4204;2.79895e+07;880623
393;0.300929;7.76673;23.1135;2.79895e+07;880623
394;0.300928;7.06074;21.0158;2.79895e+07;880623
395;0.300928;6.41892;19.1084;2.79895e+07;880623
396;0.300928;5.83544;17.374;2.79895e+07;880624
397;0.300927;5.305;15.797;2.79896e+07;880624
398;0.300927;4.82277;14.3631;2.79896e+07;880624
399;0.300927;4.38438;13.0592;2.79896e+07;880624
400;0.300926;3.98584;11.8737;2.79896e+07;880624
401;0.300926;3.62353;10.7957;2.79896e+07;880624
402;0.300926;3.29415;9.81556;2.79896e+07;880624
403;0.300926;2.99471;8.92437;2.79896e+07;880624
404;0.300926;2.72249;8.11406;2.79896e+07;880624
405;0.300926;2.47502;7.3773;2.79896e+07;880624
406;0.300925;2.25004;6.70742;2.79896e+07;880624
407;0.300925;2.04551;6.09833;2.79896e+07;880624
408;0.300925;1.85957;5.54454;2.79896e+07;880624
409;0.300925;1.69054;5.04103;2.79896e+07;880624
410;0.300925;1.53687;4.58322;2.79896e+07;880624
411;0.300925;1.39717;4.16698;2.79896e+07;880624
412;0.300925;1.27017;3.78852;2.79896e+07;880624
413;0.300925;1.15471;3.44443;2.79896e+07;880624
414;0.300925;1.04974;3.13159;2.79896e+07;880624
415;0.300925;0.954323;2.84715;2.79896e+07;880624
416;0.300925;0.867575;2.58854;2.79896e+07;880624
417;0.300925;0.788713;2.35341;2.79896e+07;880624
418;0.300924;0.717019;2.13964;2.79896e+07;880624
419;0.300924;0.651842;1.94527;2.79896e+07;880624
420;0.300924;0.592589;1.76857;2.79896e+07;880624
421;0.300924;0.538723;1.6079;2.79896e+07;880624
422;0.300924;0.489753;1.46184;2.79896e+07;880624
423;0.300924;0.445235;1.32903;2.79896e+07;880624
424;0.300924;0.404763;1.20829;2.79896e+07;880624
425;0.300924;0.36797;1.09852;2.79896e+07;880624
426;0.300924;0.334521;0.998718;2.79896e+07;880624
427;0.300924;0.304113;0.907982;2.79896e+07;880624
428;0.300924;0.27647;0.825488;2.79896e+07;880624
429;0.300924;0.251338;0.750487;2.79896e+07;880624
430;0.300924;0.228492;0.6823;2.79896e+07;880624
431;0.300924;0.207722;0.620307;2.79896e+07;880624
432;0.300924;0.18884;0.563945;2.79896e+07;880624
433;0.300924;0.171674;0.512704;2.79896e+07;880624
434;0.300924;0.156069;0.466118;2.79896e+07;880624
