257;9.55404e+07;1.7647;0.8787;0.1176;0.0037
258;9.55404e+07;3.15493;0.932525;0.220935;0.00695119
259;9.55404e+07;4.51377;1.10619;0.3306;0.0104015
260;9.55404e+07;6.05557;1.38231;0.460688;0.0144944
261;9.55404e+07;7.94449;1.76509;0.623248;0.019609
262;9.55404e+07;10.3372;2.27314;0.830823;0.0261398
263;9.55404e+07;13.4089;2.93706;1.09814;0.0345505
264;9.55404e+07;17.3731;3.79967;1.44354;0.0454176
265;9.55404e+07;22.4992;4.91798;1.89038;0.0594763
266;9.55404e+07;29.1327;6.3666;2.46874;0.0776729
267;9.55403e+07;37.7197;8.2425;3.21745;0.101229
268;9.55403e+07;48.8365;10.6714;4.18677;0.131727
269;9.55403e+07;63.2291;13.8162;5.44173;0.171211
270;9.55403e+07;81.863;17.8878;7.06651;0.222331
271;9.55403e+07;105.988;23.1594;9.17012;0.288516
272;9.55402e+07;137.223;29.9845;11.8937;0.374205
273;9.55402e+07;177.663;38.821;15.4198;0.485148
274;9.55401e+07;230.021;50.2616;19.9852;0.628785
275;9.554e+07;297.808;65.0737;25.8959;0.814753
276;9.55399e+07;385.572;84.251;33.5486;1.05553
277;9.55397e+07;499.201;109.08;43.4565;1.36725
278;9.55396e+07;646.316;141.226;56.2843;1.77085
279;9.55393e+07;836.785;182.845;72.8925;2.29339
280;9.5539e+07;1083.38;236.73;94.3951;2.96991
281;9.55386e+07;1402.66;306.494;122.235;3.84581
282;9.5538e+07;1816.01;396.818;158.278;4.97984
283;9.55373e+07;2351.19;513.76;204.944;6.44807
284;9.55364e+07;3044.06;665.163;265.362;8.34898
285;9.55352e+07;3941.12;861.184;343.585;10.8101
286;9.55337e+07;5102.53;1114.97;444.861;13.9965
287;9.55318e+07;6606.16;1443.54;575.981;18.1219
288;9.55292e+07;8552.85;1868.94;745.742;23.463
289;9.55259e+07;11073.1;2419.69;965.53;30.3781
290;9.55216e+07;14336;3132.73;1250.09;39.3309
291;9.55161e+07;18560.1;4055.87;1618.5;50.922
292;9.5509e+07;24028.6;5251.01;2095.47;65.9288
293;9.54997e+07;31107.8;6798.26;2712.98;85.3575
294;9.54877e+07;40271.9;8801.32;3512.46;110.511
295;9.54722e+07;52134.3;11394.4;4547.49;143.076
296;9.54521e+07;67488.7;14751.3;5887.48;185.235
297;9.54261e+07;87361.6;19096.7;7622.23;239.815
298;9.53924e+07;113080;24721.4;9868;310.473
299;9.53489e+07;146360;32001.7;12775.2;401.942
300;9.52925e+07;189416;41424;16538.6;520.348
301;9.52196e+07;245110;53617.2;21410.1;673.617
302;9.51253e+07;317130;69393.9;27715.5;872.001
303;9.50034e+07;410231;89803.5;35876.2;1128.76
304;9.48458e+07;530529;116200;46437.1;1461.03
305;9.46422e+07;685875;150330;60102.3;1890.97
306;9.43794e+07;886328;194441;77781.1;2447.19
307;9.40404e+07;1.14473e+06;251423;100647;3166.63
308;9.36037e+07;1.47741e+06;324981;130215;4096.89
309;9.30418e+07;1.90501e+06;419857;168433;5299.32
310;9.23202e+07;2.45343e+06;542094;217808;6852.79
311;9.13958e+07;3.15486e+06;699354;281558;8858.54
312;9.0215e+07;4.04881e+06;901300;363802;11446.2
313;8.8713e+07;5.18282e+06;1.16001e+06;469795;14781
314;8.68119e+07;6.61278e+06;1.49042e+06;606212;19073
315;8.44216e+07;8.40201e+06;1.91073e+06;781485;24587.5
316;8.14414e+07;1.06185e+07;2.4427e+06;1.00619e+06;31657.2
317;7.77656e+07;1.3329e+07;3.11162e+06;1.29345e+06;40695.2
318;7.32942e+07;1.65888e+07;3.94579e+06;1.65938e+06;52208.2
319;6.79495e+07;2.04256e+07;4.97509e+06;2.1234e+06;66807.7
320;6.1701e+07;2.48174e+07;6.22829e+06;2.70847e+06;85215.5
321;5.45965e+07;2.9666e+07;7.7287e+06;3.44092e+06;108260
322;4.67938e+07;3.47721e+07;9.48785e+06;4.34981e+06;136856
323;3.85815e+07;3.98236e+07;1.14978e+07;5.46558e+06;171961
324;3.03731e+07;4.4412e+07;1.3723e+07;6.81772e+06;214503
325;2.2657e+07;4.80911e+07;1.60955e+07;8.43155e+06;265278
326;1.59024e+07;5.04742e+07;1.85146e+07;1.03244e+07;324832
327;1.04456e+07;5.13429e+07;2.08569e+07;1.25017e+07;393336
328;6.40489e+06;5.07165e+07;2.2994e+07;1.49545e+07;470506
329;3.67117e+06;4.88401e+07;2.4815e+07;1.76586e+07;555584
330;1.97865e+06;4.60931e+07;2.62445e+07;2.05768e+07;647399
331;1.01295e+06;4.28689e+07;2.72509e+07;2.36631e+07;744504
332;499082;3.9486e+07;2.78421e+07;2.68678e+07;845332
333;240131;3.61557e+07;2.80542e+07;3.01421e+07;948348
334;114452;3.29948e+07;2.79377e+07;3.34412e+07;1.05215e+06
335;54733.8;3.00553e+07;2.75481e+07;3.67267e+07;1.15552e+06
336;26542.5;2.73515e+07;2.69386e+07;3.99664e+07;1.25745e+06
337;13159.5;2.48786e+07;2.61572e+07;4.31344e+07;1.35712e+06
338;6709.97;2.26236e+07;2.52458e+07;4.62104e+07;1.4539e+06
339;3532.71;2.05703e+07;2.42399e+07;4.91793e+07;1.54731e+06
340;1924.98;1.8702e+07;2.31695e+07;5.203e+07;1.637e+06
341;1086.81;1.70029e+07;2.2059e+07;5.47547e+07;1.72272e+06
342;635.862;1.54578e+07;2.09288e+07;5.73488e+07;1.80434e+06
343;385.325;1.40529e+07;1.97953e+07;5.98101e+07;1.88178e+06
344;241.607;1.27756e+07;1.86715e+07;6.2138e+07;1.95502e+06
345;156.542;1.16144e+07;1.7568e+07;6.43338e+07;2.02411e+06
346;104.646;1.05587e+07;1.64927e+07;6.63997e+07;2.08911e+06
347;72.0545;9.59896e+06;1.54519e+07;6.83393e+07;2.15013e+06
348;51.0161;8.72644e+06;1.44502e+07;7.01564e+07;2.2073e+06
349;37.0776;7.93322e+06;1.34906e+07;7.18558e+07;2.26077e+06
350;27.6147;7.2121e+06;1.25753e+07;7.34423e+07;2.31068e+06
351;21.0415;6.55652e+06;1.17055e+07;7.49211e+07;2.35721e+06
352;16.377;5.96054e+06;1.08816e+07;7.62977e+07;2.40052e+06
353;13.0006;5.41873e+06;1.01035e+07;7.75774e+07;2.44078e+06
354;10.5108;4.92617e+06;9.3705e+06;7.87655e+07;2.47817e+06
355;8.64316;4.47838e+06;8.68165e+06;7.98675e+07;2.51284e+06
356;7.21974;4.0713e+06;8.03565e+06;8.08885e+07;2.54496e+06
357;6.11883;3.70122e+06;7.43101e+06;8.18335e+07;2.57469e+06
358;5.25572;3.36478e+06;6.86607e+06;8.27074e+07;2.60219e+06
359;4.57052;3.05892e+06;6.33907e+06;8.35148e+07;2.62759e+06
360;4.02024;2.78087e+06;5.8482e+06;8.42603e+07;2.65105e+06
361;3.57358;2.52809e+06;5.39159e+06;8.4948e+07;2.67268e+06
362;3.20746;2.29828e+06;4.96739e+06;8.55821e+07;2.69263e+06
363;2.90463;2.08937e+06;4.57376e+06;8.61662e+07;2.71101e+06
364;2.65208;1.89945e+06;4.20889e+06;8.67041e+07;2.72794e+06
365;2.43985;1.72679e+06;3.87101e+06;8.71991e+07;2.74351e+06
366;2.26024;1.56982e+06;3.55842e+06;8.76543e+07;2.75783e+06
367;2.10726;1.42713e+06;3.26948e+06;8.80728e+07;2.771e+06
368;1.97621;1.2974e+06;3.00262e+06;8.84573e+07;2.78309e+06
369;1.86332;1.17947e+06;2.75634e+06;8.88104e+07;2.7942e+06
370;1.76559;1.07225e+06;2.52921e+06;8.91345e+07;2.8044e+06
371;1.68062;974785;2.31988e+06;8.9432e+07;2.81376e+06
372;1.60642;886177;2.12709e+06;8.97048e+07;2.82234e+06
373;1.54138;805624;1.94963e+06;8.99549e+07;2.83021e+06
374;1.48418;732393;1.78637e+06;9.01842e+07;2.83743e+06
375;1.43371;665818;1.63626e+06;9.03943e+07;2.84404e+06
376;1.38905;605295;1.4983e+06;9.05867e+07;2.85009e+06
377;1.34943;550274;1.37158e+06;9.07629e+07;2.85564e+06
378;1.31419;500254;1.25523e+06;9.09242e+07;2.86071e+06
379;1.28278;454781;1.14844e+06;9.10718e+07;2.86535e+06
380;1.25473;413442;1.05047e+06;9.12069e+07;2.8696e+06
381;1.22963;375860;960633;9.13304e+07;2.87349e+06
382;1.20713;341694;878274;9.14434e+07;2.87705e+06
383;1.18694;310634;802799;9.15467e+07;2.88029e+06
384;1.16879;282398;733656;9.16411e+07;2.88327e+06
385;1.15246;256728;670334;9.17274e+07;2.88598e+06
386;1.13775;233391;612359;9.18062e+07;2.88846e+06
387;1.12448;212176;559295;9.18782e+07;2.89073e+06
388;1.1125;192889;510739;9.1944e+07;2.8928e+06
389;1.10168;175355;466320;9.2004e+07;2.89468e+06
390;1.09189;159416;425695;9.20589e+07;2.89641e+06
391;1.08304;144925;388549;9.21089e+07;2.89799e+06
392;1.07502;131751;354592;9.21546e+07;2.89942e+06
393;1.06776;119775;323556;9.21963e+07;2.90073e+06
394;1.06118;108887;295196;9.22344e+07;2.90193e+06
395;1.05521;98989.6;269287;9.22691e+07;2.90302e+06
396;1.0498;89991.4;245621;9.23008e+07;2.90402e+06
397;1.04489;81811.2;224007;9.23296e+07;2.90493e+06
398;1.04043;74374.6;204272;9.2356e+07;2.90576e+06
399;1.03638;67613.9;186254;9.238e+07;2.90651e+06
400;1.0327;61467.8;169808;9.24019e+07;2.9072e+06
401;1.02936;55880.4;154797;9.24219e+07;2.90783e+06
402;1.02633;50800.9;141100;9.24401e+07;2.9084e+06
403;1.02357;46183.1;128602;9.24567e+07;2.90893e+06
404;1.02106;41985;117201;9.24718e+07;2.9094e+06
405;1.01878;38168.6;106801;9.24856e+07;2.90984e+06
406;1.01671;34699.1;97315.5;9.24981e+07;2.91023e+06
407;1.01482;31544.9;88665.2;9.25096e+07;2.91059e+06
408;1.01311;28677.5;80777.6;9.252e+07;2.91092e+06
409;1.01155;26070.7;73586;9.25295e+07;2.91122e+06
410;1.01013;23700.9;67029.9;9.25382e+07;2.91149e+06
411;1.00884;21546.5;61053.6;9.25461e+07;2.91174e+06
412;1.00767;19587.9;55606.4;9.25532e+07;2.91196e+06
413;1.0066;17807.4;50641.8;9.25598e+07;2.91217e+06
414;1.00563;16188.7;46117.7;9.25657e+07;2.91236e+06
415;1.00475;14717.1;41995.2;9.25712e+07;2.91253e+06
416;1.00394;13379.3;38238.9;9.25761e+07;2.91268e+06
417;1.00321;12163.2;34816.7;9.25806e+07;2.91282e+06
418;1.00255;11057.5;31699.1;9.25847e+07;2.91295e+06
419;1.00194;10052.4;28859.1;9.25884e+07;2.91307e+06
420;1.00139;9138.64;26272.3;9.25918e+07;2.91318e+06
421;1.00089;8307.94;23916.1;9.25949e+07;2.91327e+06
422;1.00043;7552.75;21770.3;9.25977e+07;2.91336e+06
423;1.00002;6866.2;19816.1;9.26003e+07;2.91344e+06
424;0.999639;6242.07;18036.6;9.26026e+07;2.91352e+06
425;0.999295;5674.66;16416.1;9.26047e+07;2.91358e+06
426;0.998983;5158.84;14940.7;9.26067e+07;2.91364e+06
427;0.998699;4689.9;13597.3;9.26084e+07;2.9137e+06
428;0.99844;4263.59;12374.3;9.261e+07;2.91375e+06
429;0.998204;3876.03;11260.8;9.26115e+07;2.9138e+06
430;0.99799;3523.7;10247.2;9.26128e+07;2.91384e+06
431;0.997795;3203.39;9324.54;9.2614e+07;2.91388e+06
432;0.997618;2912.2;8484.66;9.26151e+07;2.91391e+06
433;0.997457;2647.48;7720.19;9.26161e+07;2.91394e+06
434;0.99731;2406.83;7024.39;9.2617e+07;2.91397e+06
435;0.997177;2188.05;6391.11;9.26178e+07;2.914e+06
436;0.997055;1989.15;5814.76;9.26186e+07;2.91402e+06
437;0.996945;1808.34;5290.25;9.26193e+07;2.91404e+06
438;0.996844;1643.96;4812.92;9.26199e+07;2.91406e+06
439;0.996753;1494.53;4378.55;9.26204e+07;2.91408e+06
440;0.99667;1358.67;3983.28;9.2621e+07;2.91409e+06
441;0.996594;1235.17;3623.61;9.26214e+07;2.91411e+06
442;0.996525;1122.89;3296.35;9.26219e+07;2.91412e+06
443;0.996463;1020.82;2998.57;9.26222e+07;2.91414e+06
444;0.996406;928.03;2727.64;9.26226e+07;2.91415e+06
445;0.996354;843.672;2481.13;9.26229e+07;2.91416e+06
446;0.996307;766.982;2256.86;9.26232e+07;2.91417e+06
447;0.996264;697.264;2052.82;9.26235e+07;2.91417e+06
448;0.996225;633.882;1867.2;9.26237e+07;2.91418e+06
449;0.99619;576.263;1698.32;9.26239e+07;2.91419e+06
450;0.996158;523.88;1544.7;9.26241e+07;2.91419e+06
451;0.996128;476.26;1404.95;9.26243e+07;2.9142e+06
452;0.996102;432.968;1277.82;9.26245e+07;2.91421e+06
453;0.996077;393.611;1162.18;9.26246e+07;2.91421e+06
454;0.996055;357.832;1056.98;9.26248e+07;2.91421e+06
455;0.996035;325.305;961.299;9.26249e+07;2.91422e+06
456;0.996017;295.735;874.264;9.2625e+07;2.91422e+06
457;0.996;268.852;795.098;9.26251e+07;2.91423e+06
458;0.995985;244.414;723.091;9.26252e+07;2.91423e+06
459;0.995972;222.197;657.598;9.26253e+07;2.91423e+06
460;0.995959;201.999;598.029;9.26254e+07;2.91423e+06
461;0.995948;183.637;543.849;9.26254e+07;2.91424e+06
462;0.995937;166.945;494.573;9.26255e+07;2.91424e+06
463;0.995928;151.769;449.757;9.26256e+07;2.91424e+06
464;0.99592;137.973;408.997;9.26256e+07;2.91424e+06
465;0.995912;125.432;371.927;9.26257e+07;2.91424e+06
466;0.995905;114.03;338.214;9.26257e+07;2.91424e+06
467;0.995898;103.665;307.554;9.26257e+07;2.91425e+06
468;0.995892;94.2415;279.671;9.26258e+07;2.91425e+06
469;0.995887;85.675;254.314;9.26258e+07;2.91425e+06
470;0.995882;77.8871;231.253;9.26258e+07;2.91425e+06
471;0.995878;70.8072;210.282;9.26259e+07;2.91425e+06
472;0.995874;64.3708;191.211;9.26259e+07;2.91425e+06
473;0.99587;58.5195;173.869;9.26259e+07;2.91425e+06
474;0.995867;53.2001;158.098;9.26259e+07;2.91425e+06
475;0.995864;48.3642;143.756;9.2626e+07;2.91425e+06
476;0.995861;43.9679;130.715;9.2626e+07;2.91425e+06
477;0.995859;39.9712;118.856;9.2626e+07;2.91425e+06
478;0.995857;36.3379;108.072;9.2626e+07;2.91425e+06
479;0.995855;33.0347;98.2661;9.2626e+07;2.91425e+06
480;0.995853;30.0319;89.3493;9.2626e+07;2.91425e+06
481;0.995851;27.302;81.2411;9.2626e+07;2.91425e+06
482;0.995849;24.8202;73.8683;9.2626e+07;2.91425e+06
483;0.995848;22.5641;67.1643;9.26261e+07;2.91425e+06
484;0.995847;20.513;61.0683;9.26261e+07;2.91426e+06
485;0.995846;18.6484;55.5254;9.26261e+07;2.91426e+06
486;0.995845;16.9532;50.4853;9.26261e+07;2.91426e+06
487;0.995844;15.4122;45.9025;9.26261e+07;2.91426e+06
488;0.995843;14.0112;41.7355;9.26261e+07;2.91426e+06
489;0.995842;12.7376;37.9466;9.26261e+07;2.91426e+06
490;0.995841;11.5798;34.5015;9.26261e+07;2.91426e+06
491;0.995841;10.5272;31.3691;9.26261e+07;2.91426e+06
492;0.99584;9.57024;28.5209;9.26261e+07;2.91426e+06
493;0.995839;8.70031;25.9313;9.26261e+07;2.91426e+06
494;0.995839;7.90945;23.5767;9.26261e+07;2.91426e+06
495;0.995838;7.19048;21.4358;9.26261e+07;2.91426e+06
496;0.995838;6.53687;19.4892;9.26261e+07;2.91426e+06
497;0.995838;5.94267;17.7194;9.26261e+07;2.91426e+06
498;0.995837;5.40248;16.1102;9.26261e+07;2.91426e+06
499;0.995837;4.91139;14.6471;9.26261e+07;2.91426e+06
500;0.995837;4.46495;13.3169;9.26261e+07;2.91426e+06
501;0.995836;4.05908;12.1074;9.26261e+07;2.91426e+06
502;0.995836;3.69011;11.0077;9.26261e+07;2.91426e+06
503;0.995836;3.35468;10.0079;9.26261e+07;2.91426e+06
504;0.995836;3.04974;9.09892;9.26261e+07;2.91426e+06
505;0.995836;2.77252;8.27244;9.26261e+07;2.91426e+06
506;0.995836;2.5205;7.52102;9.26261e+07;2.91426e+06
507;0.995835;2.29139;6.83783;9.26261e+07;2.91426e+06
508;0.995835;2.0831;6.21669;9.26261e+07;2.91426e+06
509;0.995835;1.89374;5.65196;9.26261e+07;2.91426e+06
510;0.995835;1.7216;5.13852;9.26261e+07;2.91426e+06
511;0.995835;1.56511;4.67171;9.26261e+07;2.91426e+06
512;0.995835;1.42284;4.2473;9.26261e+07;2.91426e+06
513;0.995835;1.29351;3.86144;9.26261e+07;2.91426e+06
514;0.995835;1.17593;3.51062;9.26261e+07;2.91426e+06
515;0.995835;1.06903;3.19168;9.26261e+07;2.91426e+06
516;0.995835;0.971859;2.9017;9.26261e+07;2.91426e+06
517;0.995835;0.883517;2.63807;9.26261e+07;2.91426e+06
518;0.995834;0.803205;2.39838;9.26261e+07;2.91426e+06
519;0.995834;0.730194;2.18047;9.26261e+07;2.91426e+06
520;0.995834;0.66382;1.98235;9.26261e+07;2.91426e+06
521;0.995834;0.603478;1.80224;9.26261e+07;2.91426e+06
522;0.995834;0.548622;1.63848;9.26261e+07;2.91426e+06
523;0.995834;0.498752;1.4896;9.26261e+07;2.91426e+06
524;0.995834;0.453416;1.35425;9.26261e+07;2.91426e+06
525;0.995834;0.4122;1.2312;9.26261e+07;2.91426e+06
526;0.995834;0.374731;1.11932;9.26261e+07;2.91426e+06
527;0.995834;0.340668;1.01761;9.26261e+07;2.91426e+06
528;0.995834;0.309702;0.92514;9.26261e+07;2.91426e+06
529;0.995834;0.28155;0.841073;9.26261e+07;2.91426e+06
530;0.995834;0.255957;0.764643;9.26261e+07;2.91426e+06
531;0.995834;0.23269;0.695159;9.26261e+07;2.91426e+06
532;0.995834;0.211539;0.631988;9.26261e+07;2.91426e+06
533;0.995834;0.19231;0.574556;9.26261e+07;2.91426e+06
534;0.995834;0.174829;0.522344;9.26261e+07;2.91426e+06
535;0.995834;0.158937;0.474875;9.26261e+07;2.91426e+06
