174;2.84987e+07;1.7647;0.8787;0.1176;0.0037
175;2.84987e+07;3.15493;0.932525;0.220935;0.00695119
176;2.84987e+07;4.51377;1.10619;0.3306;0.0104015
177;2.84987e+07;6.05557;1.38231;0.460688;0.0144944
178;2.84987e+07;7.94449;1.76509;0.623248;0.019609
179;2.84987e+07;10.3372;2.27314;0.830823;0.0261398
180;2.84987e+07;13.4089;2.93706;1.09814;0.0345505
181;2.84987e+07;17.3731;3.79967;1.44354;0.0454176
182;2.84987e+07;22.4991;4.91798;1.89038;0.0594763
183;2.84986e+07;29.1327;6.3666;2.46874;0.0776729
184;2.84986e+07;37.7197;8.2425;3.21745;0.101229
185;2.84986e+07;48.8365;10.6714;4.18677;0.131727
186;2.84986e+07;63.229;13.8162;5.44172;0.171211
187;2.84986e+07;81.8629;17.8878;7.06651;0.222331
188;2.84985e+07;105.988;23.1594;9.17011;0.288516
189;2.84985e+07;137.223;29.9844;11.8937;0.374205
190;2.84985e+07;177.662;38.8209;15.4198;0.485148
191;2.84984e+07;230.02;50.2614;19.9852;0.628785
192;2.84983e+07;297.806;65.0735;25.8959;0.814752
193;2.84982e+07;385.569;84.2507;33.5485;1.05552
194;2.8498e+07;499.196;109.079;43.4564;1.36725
195;2.84978e+07;646.307;141.225;56.2842;1.77084
196;2.84976e+07;836.769;182.844;72.8922;2.29338
197;2.84973e+07;1083.36;236.727;94.3946;2.9699
198;2.84969e+07;1402.61;306.489;122.234;3.84579
199;2.84963e+07;1815.94;396.81;158.277;4.9798
200;2.84956e+07;2351.06;513.746;204.942;6.44799
201;2.84947e+07;3043.86;665.14;265.358;8.34885
202;2.84935e+07;3940.78;861.146;343.579;10.8099
203;2.8492e+07;5101.96;1114.91;444.849;13.9961
204;2.849e+07;6605.2;1443.44;575.962;18.1213
205;2.84875e+07;8551.25;1868.76;745.71;23.462
206;2.84842e+07;11070.4;2419.39;965.477;30.3764
207;2.84799e+07;14331.5;3132.22;1250;39.3281
208;2.84744e+07;18552.5;4055.01;1618.35;50.9173
209;2.84673e+07;24015.9;5249.57;2095.22;65.9209
210;2.8458e+07;31086.6;6795.84;2712.56;85.3443
211;2.8446e+07;40236.3;8797.27;3511.75;110.489
212;2.84305e+07;52074.8;11387.6;4546.31;143.039
213;2.84105e+07;67389;14739.9;5885.5;185.173
214;2.83846e+07;87194.5;19077.6;7618.92;239.711
215;2.8351e+07;112800;24689.5;9862.45;310.298
216;2.83077e+07;145891;31948.2;12765.9;401.649
217;2.82517e+07;188631;41334.4;16523;519.858
218;2.81794e+07;243797;53467.1;21384;672.795
219;2.80861e+07;314934;69142.7;27671.7;870.623
220;2.79658e+07;406559;89383.2;35802.9;1126.45
221;2.7811e+07;524394;115497;46314.3;1457.17
222;2.76121e+07;675637;149155;59896.8;1884.51
223;2.73571e+07;869262;192477;77437.3;2436.38
224;2.7031e+07;1.11633e+06;248145;100073;3148.54
225;2.66156e+07;1.43025e+06;319520;129254;4066.68
226;2.60889e+07;1.82692e+06;410772;166830;5248.9
227;2.54252e+07;2.32457e+06;527012;215137;6768.76
228;2.45953e+07;2.94318e+06;674389;277113;8718.7
229;2.35679e+07;3.70305e+06;860120;356422;11213.9
230;2.23122e+07;4.62217e+06;1.09239e+06;457572;14396.4
231;2.08021e+07;5.71205e+06;1.38004e+06;586037;18438.2
232;1.90233e+07;6.97162e+06;1.73187e+06;748330;23544.4
233;1.69816e+07;8.37967e+06;2.15551e+06;951998;29952.3
234;1.47126e+07;9.88693e+06;2.65576e+06;1.20549e+06;37927.7
235;1.22899e+07;1.14109e+07;3.23234e+06;1.5178e+06;47754
236;9.82588e+06;1.28377e+07;3.87751e+06;1.89793e+06;59713.7
237;7.4617e+06;1.40349e+07;4.57411e+06;2.35392e+06;74060.5
238;5.34275e+06;1.48781e+07;5.29504e+06;2.89184e+06;90984.7
239;3.58536e+06;1.5283e+07;6.00517e+06;3.51453e+06;110576
240;2.24694e+06;1.52322e+07;6.66597e+06;4.22074e+06;132795
241;1.31513e+06;1.47794e+07;7.242e+06;5.00466e+06;157460
242;722095;1.4029e+07;7.707e+06;5.85632e+06;184255
243;375244;1.31006e+07;8.04738e+06;6.76266e+06;212771
244;186850;1.20982e+07;8.26208e+06;7.70903e+06;242546
245;90435.9;1.10949e+07;8.35961e+06;8.68065e+06;273116
246;43169.3;1.01336e+07;8.35411e+06;9.66374e+06;304046
247;20596.8;9.23504e+06;8.26191e+06;1.06462e+07;334957
248;9934.27;8.40624e+06;8.0992e+06;1.16178e+07;365526
249;4887.31;7.64716e+06;7.8809e+06;1.25703e+07;395493
250;2468.73;6.95445e+06;7.62007e+06;1.3497e+07;424652
251;1286.24;6.32347e+06;7.32791e+06;1.43932e+07;452846
252;693.171;5.74926e+06;7.01384e+06;1.52549e+07;479960
253;386.962;5.22696e+06;6.68567e+06;1.60798e+07;505911
254;223.868;4.75199e+06;6.34983e+06;1.6866e+07;530648
255;134.174;4.32013e+06;6.01155e+06;1.76127e+07;554142
256;83.2377;3.92748e+06;5.67505e+06;1.83197e+07;576385
257;53.3833;3.5705e+06;5.34367e+06;1.89871e+07;597383
258;35.341;3.24596e+06;5.02004e+06;1.96155e+07;617154
259;24.112;2.95091e+06;4.70617e+06;2.02059e+07;635728
260;16.9251;2.68268e+06;4.40355e+06;2.07593e+07;653141
261;12.2017;2.43883e+06;4.11326e+06;2.12772e+07;669434
262;9.01919;2.21714e+06;3.83601e+06;2.17609e+07;684653
263;6.82409;2.01561e+06;3.57224e+06;2.2212e+07;698847
264;5.27665;1.83239e+06;3.32214e+06;2.26321e+07;712064
265;4.16336;1.66583e+06;3.08573e+06;2.30228e+07;724356
266;3.3471;1.5144e+06;2.86286e+06;2.33856e+07;735773
267;2.73802;1.37675e+06;2.65325e+06;2.37223e+07;746366
268;2.27608;1.2516e+06;2.45656e+06;2.40343e+07;756183
269;1.92041;1.13783e+06;2.27235e+06;2.43232e+07;765272
270;1.64274;1.0344e+06;2.10014e+06;2.45905e+07;773680
271;1.42315;940375;1.93942e+06;2.48374e+07;781450
272;1.24742;854895;1.78965e+06;2.50655e+07;788626
273;1.10525;777185;1.65027e+06;2.5276e+07;795248
274;0.989062;706539;1.52074e+06;2.54701e+07;801354
275;0.893229;642315;1.4005e+06;2.56489e+07;806980
276;0.813509;583928;1.28901e+06;2.58136e+07;812162
277;0.746672;530849;1.18573e+06;2.59652e+07;816932
278;0.690231;482595;1.09015e+06;2.61046e+07;821319
279;0.642255;438727;1.00179e+06;2.62328e+07;825352
280;0.601226;398847;920150;2.63506e+07;829059
281;0.565943;362592;844791;2.64588e+07;832463
282;0.535447;329632;775278;2.65582e+07;835589
283;0.508966;299669;711200;2.66494e+07;838458
284;0.485872;272429;652171;2.6733e+07;841089
285;0.465654;247665;597827;2.68097e+07;843502
286;0.44789;225152;547823;2.688e+07;845714
287;0.432232;204686;501839;2.69444e+07;847741
288;0.418389;186080;459572;2.70034e+07;849598
289;0.406116;169165;420740;2.70575e+07;851298
290;0.39521;153788;385082;2.7107e+07;852855
291;0.385496;139809;352350;2.71522e+07;854280
292;0.376825;127100;322319;2.71937e+07;855584
293;0.369071;115547;294775;2.72316e+07;856776
294;0.362126;105044;269522;2.72663e+07;857867
295;0.355894;95495.3;246378;2.72979e+07;858864
296;0.350296;86814.7;225172;2.73269e+07;859776
297;0.34526;78923.3;205751;2.73534e+07;860609
298;0.340724;71749.2;187967;2.73776e+07;861370
299;0.336635;65227.2;171689;2.73997e+07;862066
300;0.332944;59298;156792;2.74199e+07;862701
301;0.329611;53907.8;143163;2.74383e+07;863281
302;0.326598;49007.6;130698;2.74552e+07;863811
303;0.323872;44552.8;119299;2.74705e+07;864294
304;0.321404;40503;108878;2.74846e+07;864736
305;0.31917;36821.3;99352.7;2.74974e+07;865138
306;0.317145;33474.2;90648.3;2.75091e+07;865506
307;0.315309;30431.4;82695.4;2.75197e+07;865841
308;0.313644;27665.2;75430.7;2.75294e+07;866147
309;0.312133;25150.4;68795.7;2.75383e+07;866427
310;0.310761;22864.3;62737;2.75464e+07;866681
311;0.309516;20785.9;57205.3;2.75538e+07;866913
312;0.308385;18896.5;52155.8;2.75605e+07;867125
313;0.307358;17178.8;47547;2.75666e+07;867318
314;0.306425;15617.2;43341.1;2.75722e+07;867494
315;0.305577;14197.6;39503.4;2.75773e+07;867654
316;0.304806;12907.1;36002.2;2.7582e+07;867800
317;0.304105;11733.8;32808.4;2.75862e+07;867934
318;0.303468;10667.2;29895.3;2.75901e+07;868055
319;0.302888;9697.55;27238.7;2.75936e+07;868166
320;0.302361;8816.05;24816.1;2.75968e+07;868266
321;0.301882;8014.67;22607.3;2.75997e+07;868358
322;0.301446;7286.14;20593.6;2.76024e+07;868442
323;0.30105;6623.83;18757.9;2.76048e+07;868518
324;0.300689;6021.72;17084.7;2.7607e+07;868587
325;0.300361;5474.35;15559.7;2.7609e+07;868651
326;0.300062;4976.73;14169.9;2.76108e+07;868708
327;0.299791;4524.34;12903.5;2.76125e+07;868761
328;0.299544;4113.08;11749.5;2.7614e+07;868808
329;0.299319;3739.2;10698.2;2.76154e+07;868852
330;0.299114;3399.31;9740.41;2.76167e+07;868891
331;0.298928;3090.31;8867.89;2.76178e+07;868927
332;0.298759;2809.4;8073.13;2.76188e+07;868960
333;0.298605;2554.03;7349.23;2.76198e+07;868990
334;0.298465;2321.87;6689.93;2.76207e+07;869017
335;0.298337;2110.81;6089.5;2.76214e+07;869042
336;0.298221;1918.94;5542.72;2.76222e+07;869065
337;0.298116;1744.51;5044.82;2.76228e+07;869085
338;0.29802;1585.93;4591.46;2.76234e+07;869104
339;0.297932;1441.77;4178.67;2.76239e+07;869121
340;0.297853;1310.71;3802.86;2.76244e+07;869136
341;0.29778;1191.57;3460.71;2.76249e+07;869150
342;0.297715;1083.26;3149.24;2.76253e+07;869163
343;0.297655;984.788;2865.71;2.76257e+07;869175
344;0.2976;895.271;2607.61;2.7626e+07;869185
345;0.297551;813.891;2372.69;2.76263e+07;869195
346;0.297506;739.908;2158.87;2.76266e+07;869204
347;0.297465;672.65;1964.25;2.76268e+07;869212
348;0.297427;611.506;1787.13;2.76271e+07;869219
349;0.297393;555.921;1625.94;2.76273e+07;869226
350;0.297362;505.387;1479.25;2.76275e+07;869232
351;0.297334;459.448;1345.75;2.76276e+07;869237
352;0.297309;417.684;1224.28;2.76278e+07;869242
353;0.297286;379.717;1113.74;2.76279e+07;869247
354;0.297264;345.2;1013.16;2.76281e+07;869251
355;0.297245;313.822;921.642;2.76282e+07;869254
356;0.297228;285.295;838.373;2.76283e+07;869258
357;0.297212;259.362;762.612;2.76284e+07;869261
358;0.297197;235.786;693.683;2.76285e+07;869264
359;0.297184;214.353;630.972;2.76286e+07;869266
360;0.297172;194.868;573.92;2.76286e+07;869269
361;0.297161;177.155;522.017;2.76287e+07;869271
362;0.297151;161.051;474.8;2.76288e+07;869273
363;0.297142;146.412;431.846;2.76288e+07;869275
364;0.297134;133.103;392.772;2.76289e+07;869276
365;0.297127;121.004;357.228;2.76289e+07;869278
366;0.29712;110.005;324.895;2.7629e+07;869279
367;0.297114;100.005;295.485;2.7629e+07;869280
368;0.297108;90.9148;268.733;2.7629e+07;869281
369;0.297103;82.6507;244.4;2.76291e+07;869282
370;0.297098;75.1377;222.267;2.76291e+07;869283
371;0.297094;68.3077;202.136;2.76291e+07;869284
372;0.29709;62.0986;183.826;2.76292e+07;869285
373;0.297087;56.4538;167.173;2.76292e+07;869285
374;0.297084;51.3222;152.026;2.76292e+07;869286
375;0.297081;46.657;138.251;2.76292e+07;869287
376;0.297078;42.4159;125.722;2.76292e+07;869287
377;0.297076;38.5603;114.328;2.76292e+07;869288
378;0.297074;35.0551;103.965;2.76293e+07;869288
379;0.297072;31.8686;94.5404;2.76293e+07;869288
380;0.29707;28.9718;85.9695;2.76293e+07;869289
381;0.297068;26.3382;78.1749;2.76293e+07;869289
382;0.297067;23.9441;71.0865;2.76293e+07;869289
383;0.297065;21.7676;64.6402;2.76293e+07;869290
384;0.297064;19.7889;58.778;2.76293e+07;869290
385;0.297063;17.9901;53.4471;2.76293e+07;869290
386;0.297062;16.3548;48.5992;2.76293e+07;869290
387;0.297061;14.8681;44.1908;2.76293e+07;869290
388;0.29706;13.5166;40.182;2.76293e+07;869291
389;0.297059;12.288;36.5366;2.76293e+07;869291
390;0.297059;11.171;33.2216;2.76294e+07;869291
391;0.297058;10.1556;30.2073;2.76294e+07;869291
392;0.297058;9.23241;27.4663;2.76294e+07;869291
393;0.297057;8.39319;24.9739;2.76294e+07;869291
394;0.297057;7.63025;22.7075;2.76294e+07;869291
395;0.297056;6.93666;20.6466;2.76294e+07;869291
396;0.297056;6.30612;18.7727;2.76294e+07;869291
397;0.297055;5.73289;17.0688;2.76294e+07;869291
398;0.297055;5.21177;15.5195;2.76294e+07;869292
399;0.297055;4.73802;14.1107;2.76294e+07;869292
400;0.297055;4.30733;12.8298;2.76294e+07;869292
401;0.297054;3.9158;11.6651;2.76294e+07;869292
402;0.297054;3.55985;10.6061;2.76294e+07;869292
403;0.297054;3.23626;9.64313;2.76294e+07;869292
404;0.297054;2.94209;8.76759;2.76294e+07;869292
405;0.297054;2.67465;7.97152;2.76294e+07;869292
406;0.297053;2.43153;7.2477;2.76294e+07;869292
407;0.297053;2.2105;6.58958;2.76294e+07;869292
408;0.297053;2.00957;5.9912;2.76294e+07;869292
409;0.297053;1.8269;5.44713;2.76294e+07;869292
410;0.297053;1.66083;4.95246;2.76294e+07;869292
411;0.297053;1.50986;4.5027;2.76294e+07;869292
412;0.297053;1.37262;4.09377;2.76294e+07;869292
413;0.297053;1.24784;3.72196;2.76294e+07;869292
414;0.297053;1.13442;3.38392;2.76294e+07;869292
415;0.297052;1.0313;3.07657;2.76294e+07;869292
416;0.297052;0.937553;2.79713;2.76294e+07;869292
417;0.297052;0.852329;2.54306;2.76294e+07;869292
418;0.297052;0.774852;2.31206;2.76294e+07;869292
419;0.297052;0.704418;2.10204;2.76294e+07;869292
420;0.297052;0.640387;1.9111;2.76294e+07;869292
421;0.297052;0.582176;1.73749;2.76294e+07;869292
422;0.297052;0.529256;1.57965;2.76294e+07;869292
423;0.297052;0.481147;1.43615;2.76294e+07;869292
424;0.297052;0.43741;1.30568;2.76294e+07;869292
425;0.297052;0.39765;1.18706;2.76294e+07;869292
426;0.297052;0.361503;1.07922;2.76294e+07;869292
427;0.297052;0.328643;0.98117;2.76294e+07;869292
428;0.297052;0.298769;0.892028;2.76294e+07;869292
429;0.297052;0.271611;0.810983;2.76294e+07;869292
430;0.297052;0.246922;0.7373;2.76294e+07;869292
431;0.297052;0.224476;0.670311;2.76294e+07;869292
432;0.297052;0.204072;0.609407;2.76294e+07;869292
433;0.297052;0.185522;0.554036;2.76294e+07;869292
434;0.297052;0.168658;0.503696;2.76294e+07;869292
435;0.297052;0.153327;0.457928;2.76294e+07;869292
