231;1.73518e+07;1.7647;0.8787;0.1176;0.0037
232;1.73518e+07;3.15493;0.932525;0.220935;0.00695119
233;1.73518e+07;4.51377;1.10619;0.3306;0.0104015
234;1.73518e+07;6.05557;1.38231;0.460688;0.0144944
235;1.73518e+07;7.94449;1.76509;0.623248;0.019609
236;1.73518e+07;10.3372;2.27314;0.830823;0.0261398
237;1.73518e+07;13.4089;2.93706;1.09814;0.0345505
238;1.73518e+07;17.3731;3.79966;1.44354;0.0454176
239;1.73518e+07;22.4991;4.91798;1.89038;0.0594763
240;1.73518e+07;29.1327;6.3666;2.46874;0.0776728
241;1.73518e+07;37.7197;8.24249;3.21745;0.101229
242;1.73518e+07;48.8364;10.6714;4.18677;0.131726
243;1.73517e+07;63.2289;13.8162;5.44172;0.171211
244;1.73517e+07;81.8627;17.8878;7.06651;0.222331
245;1.73517e+07;105.988;23.1593;9.17011;0.288515
246;1.73516e+07;137.222;29.9844;11.8936;0.374205
247;1.73516e+07;177.662;38.8208;15.4198;0.485147
248;1.73515e+07;230.019;50.2613;19.9851;0.628784
249;1.73514e+07;297.804;65.0733;25.8959;0.814751
250;1.73513e+07;385.566;84.2503;33.5485;1.05552
251;1.73512e+07;499.191;109.079;43.4563;1.36725
252;1.7351e+07;646.298;141.224;56.284;1.77084
253;1.73507e+07;836.755;182.842;72.8919;2.29337
254;1.73504e+07;1083.34;236.724;94.3941;2.96988
255;1.735e+07;1402.57;306.485;122.233;3.84576
256;1.73494e+07;1815.88;396.802;158.276;4.97976
257;1.73487e+07;2350.95;513.733;204.939;6.44793
258;1.73478e+07;3043.68;665.119;265.354;8.34874
259;1.73467e+07;3940.47;861.11;343.572;10.8097
260;1.73451e+07;5101.43;1114.85;444.839;13.9958
261;1.73432e+07;6604.33;1443.34;575.945;18.1207
262;1.73406e+07;8549.78;1868.59;745.681;23.4611
263;1.73373e+07;11068;2419.11;965.428;30.3749
264;1.73331e+07;14327.4;3131.75;1249.91;39.3256
265;1.73276e+07;18545.6;4054.23;1618.21;50.913
266;1.73204e+07;24004.3;5248.25;2094.99;65.9137
267;1.73112e+07;31067.2;6793.63;2712.18;85.3322
268;1.72992e+07;40203.9;8793.57;3511.11;110.469
269;1.72837e+07;52020.4;11381.4;4545.23;143.005
270;1.72637e+07;67297.9;14729.5;5883.69;185.116
271;1.72379e+07;87042;19060.2;7615.88;239.615
272;1.72045e+07;112545;24660.3;9857.36;310.138
273;1.71613e+07;145464;31899.4;12757.4;401.381
274;1.71056e+07;187917;41252.6;16508.8;519.409
275;1.70339e+07;242603;53330.4;21360.1;672.044
276;1.69415e+07;312942;68914;27631.7;869.366
277;1.68227e+07;403238;89001.1;35736;1124.35
278;1.66704e+07;518864;114860;46202.6;1453.65
279;1.64757e+07;666449;148092;59710.1;1878.63
280;1.62275e+07;854038;190709;77125.7;2426.57
281;1.59127e+07;1.09119e+06;245208;99553;3132.19
282;1.55158e+07;1.3889e+06;314653;128389;4039.46
283;1.50192e+07;1.75928e+06;402736;165393;5203.68
284;1.44039e+07;2.21471e+06;513803;212754;6693.8
285;1.36509e+07;2.76635e+06;652796;273178;8594.87
286;1.27442e+07;3.42162e+06;825073;349946;11010.2
287;1.16741e+07;4.18065e+06;1.03602e+06;446975;14063
288;1.04431e+07;5.03166e+06;1.29037e+06;568811;17896.3
289;9.07121e+06;5.94616e+06;1.59122e+06;720558;22670.6
290;7.6013e+06;6.87556e+06;1.93872e+06;907686;28558.1
291;6.10009e+06;7.75179e+06;2.32854e+06;1.13568e+06;35731.4
292;4.65252e+06;8.49472e+06;2.75072e+06;1.40951e+06;44347
293;3.34763e+06;9.02743e+06;3.18923e+06;1.733e+06;54524.7
294;2.25841e+06;9.29606e+06;3.62297e+06;2.10805e+06;66324.8
295;1.42309e+06;9.28638e+06;4.02852e+06;2.53411e+06;79729.8
296;837350;9.02798e+06;4.38399e+06;3.00787e+06;94635.3
297;461965;8.58272e+06;4.67285e+06;3.52343e+06;110856
298;241012;8.02351e+06;4.88621e+06;4.07295e+06;128146
299;120354;7.41483e+06;5.02285e+06;4.64757e+06;146225
300;58351.4;6.80282e+06;5.08758e+06;5.23826e+06;164809
301;27870.2;6.21493e+06;5.08884e+06;5.83656e+06;183633
302;13292;5.66457e+06;5.0365e+06;6.435e+06;202462
303;6403.22;5.15655e+06;4.94048e+06;7.0273e+06;221097
304;3144.39;4.69108e+06;4.80993e+06;7.6083e+06;239377
305;1584.72;4.26622e+06;4.6529e+06;8.17394e+06;257173
306;823.541;3.87918e+06;4.47631e+06;8.72113e+06;274389
307;442.604;3.52694e+06;4.28595e+06;9.24754e+06;290952
308;246.39;3.20654e+06;4.08666e+06;9.75157e+06;306810
309;142.143;2.91517e+06;3.88242e+06;1.02322e+07;321930
310;84.9572;2.65024e+06;3.67647e+06;1.06887e+07;336295
311;52.5638;2.40936e+06;3.47142e+06;1.11211e+07;349898
312;33.6244;2.19037e+06;3.26935e+06;1.15293e+07;362742
313;22.2057;1.99128e+06;3.07188e+06;1.19138e+07;374839
314;15.1152;1.81028e+06;2.88027e+06;1.22751e+07;386205
315;10.5867;1.64573e+06;2.69545e+06;1.26138e+07;396862
316;7.61667;1.49613e+06;2.51809e+06;1.29308e+07;406835
317;5.61927;1.36014e+06;2.34864e+06;1.32269e+07;416152
318;4.24408;1.2365e+06;2.18739e+06;1.35031e+07;424842
319;3.27625;1.12411e+06;2.03446e+06;1.37603e+07;432935
320;2.58102;1.02193e+06;1.88986e+06;1.39996e+07;440463
321;2.07203;929033;1.75351e+06;1.42218e+07;447455
322;1.69274;844584;1.62526e+06;1.4428e+07;453943
323;1.40543;767811;1.50489e+06;1.46192e+07;459957
324;1.18447;698018;1.39214e+06;1.47961e+07;465525
325;1.01215;634568;1.28672e+06;1.49599e+07;470676
326;0.876005;576886;1.18833e+06;1.51112e+07;475437
327;0.767154;524447;1.09662e+06;1.52509e+07;479833
328;0.679162;476775;1.01127e+06;1.53799e+07;483891
329;0.607309;433436;931944;1.54988e+07;487633
330;0.548084;394037;858299;1.56084e+07;491081
331;0.498848;358219;790005;1.57093e+07;494257
332;0.457594;325657;726739;1.58022e+07;497180
333;0.422775;296055;668188;1.58877e+07;499868
334;0.393193;269143;614048;1.59663e+07;502341
335;0.367906;244678;564029;1.60385e+07;504613
336;0.34617;222437;517854;1.61048e+07;506700
337;0.327391;202218;475258;1.61657e+07;508616
338;0.311089;183836;435991;1.62216e+07;510374
339;0.296877;167125;399816;1.62729e+07;511987
340;0.284438;151934;366510;1.63199e+07;513467
341;0.273513;138123;335863;1.6363e+07;514823
342;0.263884;125568;307678;1.64025e+07;516065
343;0.255374;114153;281771;1.64387e+07;517204
344;0.247831;103777;257969;1.64718e+07;518246
345;0.241129;94343.6;236110;1.65022e+07;519201
346;0.23516;85767.8;216046;1.65299e+07;520074
347;0.229834;77971.5;197636;1.65553e+07;520874
348;0.225071;70883.9;180750;1.65786e+07;521605
349;0.220806;64440.5;165269;1.65998e+07;522274
350;0.216979;58582.9;151079;1.66193e+07;522885
351;0.213542;53257.7;138078;1.6637e+07;523444
352;0.21045;48416.6;126171;1.66533e+07;523955
353;0.207665;44015.5;115267;1.66681e+07;524422
354;0.205155;40014.5;105286;1.66817e+07;524849
355;0.20289;36377.2;96152.4;1.66941e+07;525238
356;0.200844;33070.5;87795.8;1.67054e+07;525594
357;0.198994;30064.4;80152.3;1.67157e+07;525919
358;0.197322;27331.6;73162.7;1.67251e+07;526215
359;0.195807;24847.1;66772.5;1.67337e+07;526486
360;0.194436;22588.5;60931.6;1.67416e+07;526733
361;0.193194;20535.2;55593.9;1.67487e+07;526959
362;0.192067;18668.6;50717;1.67553e+07;527164
363;0.191045;16971.6;46262;1.67612e+07;527352
364;0.190118;15428.9;42193.1;1.67667e+07;527523
365;0.189277;14026.4;38477.6;1.67716e+07;527679
366;0.188513;12751.4;35085.2;1.67762e+07;527822
367;0.187819;11592.3;31988.5;1.67803e+07;527951
368;0.187189;10538.6;29162;1.67841e+07;528070
369;0.186616;9580.6;26582.6;1.67875e+07;528178
370;0.186096;8709.73;24229;1.67906e+07;528276
371;0.185623;7918.01;22081.8;1.67935e+07;528366
372;0.185193;7198.27;20123;1.67961e+07;528447
373;0.184802;6543.94;18336.4;1.67984e+07;528522
374;0.184447;5949.1;16707;1.68006e+07;528590
375;0.184124;5408.33;15221.3;1.68025e+07;528651
376;0.18383;4916.71;13866.5;1.68043e+07;528708
377;0.183562;4469.78;12631.5;1.6806e+07;528759
378;0.183319;4063.48;11505.6;1.68074e+07;528806
379;0.183098;3694.11;10479.3;1.68088e+07;528848
380;0.182896;3358.31;9543.96;1.681e+07;528887
381;0.182713;3053.04;8691.55;1.68112e+07;528922
382;0.182547;2775.52;7914.78;1.68122e+07;528955
383;0.182395;2523.23;7207.02;1.68131e+07;528984
384;0.182257;2293.87;6562.17;1.6814e+07;529011
385;0.182132;2085.35;5974.69;1.68147e+07;529035
386;0.182018;1895.8;5439.52;1.68154e+07;529057
387;0.181914;1723.47;4952.03;1.68161e+07;529077
388;0.181819;1566.8;4508.01;1.68167e+07;529095
389;0.181733;1424.38;4103.61;1.68172e+07;529112
390;0.181655;1294.91;3735.32;1.68177e+07;529127
391;0.181584;1177.2;3399.93;1.68181e+07;529141
392;0.181519;1070.19;3094.53;1.68185e+07;529154
393;0.18146;972.911;2816.44;1.68189e+07;529165
394;0.181407;884.474;2563.25;1.68192e+07;529175
395;0.181358;804.075;2332.72;1.68195e+07;529185
396;0.181314;730.985;2122.85;1.68198e+07;529194
397;0.181273;664.538;1931.8;1.682e+07;529201
398;0.181236;604.132;1757.88;1.68203e+07;529209
399;0.181203;549.216;1599.56;1.68205e+07;529215
400;0.181173;499.292;1455.46;1.68206e+07;529221
401;0.181145;453.907;1324.3;1.68208e+07;529226
402;0.18112;412.647;1204.92;1.6821e+07;529231
403;0.181097;375.137;1096.27;1.68211e+07;529236
404;0.181076;341.037;997.396;1.68212e+07;529240
405;0.181057;310.037;907.412;1.68214e+07;529244
406;0.18104;281.855;825.525;1.68215e+07;529247
407;0.181024;256.234;751.009;1.68216e+07;529250
408;0.18101;232.942;683.204;1.68217e+07;529253
409;0.180997;211.768;621.506;1.68217e+07;529255
410;0.180985;192.518;565.367;1.68218e+07;529258
411;0.180974;175.018;514.288;1.68219e+07;529260
412;0.180965;159.109;467.814;1.68219e+07;529262
413;0.180956;144.646;425.531;1.6822e+07;529263
414;0.180948;131.498;387.062;1.6822e+07;529265
415;0.18094;119.545;352.065;1.68221e+07;529266
416;0.180934;108.678;320.226;1.68221e+07;529268
417;0.180928;98.7992;291.261;1.68222e+07;529269
418;0.180922;89.8184;264.912;1.68222e+07;529270
419;0.180917;81.6539;240.943;1.68222e+07;529271
420;0.180912;74.2316;219.139;1.68223e+07;529272
421;0.180908;67.4839;199.305;1.68223e+07;529273
422;0.180904;61.3496;181.264;1.68223e+07;529273
423;0.180901;55.773;164.853;1.68223e+07;529274
424;0.180898;50.7032;149.926;1.68223e+07;529275
425;0.180895;46.0943;136.349;1.68224e+07;529275
426;0.180892;41.9043;124;1.68224e+07;529276
427;0.18089;38.0952;112.768;1.68224e+07;529276
428;0.180888;34.6324;102.552;1.68224e+07;529276
429;0.180886;31.4843;93.2604;1.68224e+07;529277
430;0.180884;28.6224;84.8098;1.68224e+07;529277
431;0.180883;26.0206;77.1242;1.68224e+07;529278
432;0.180881;23.6553;70.1343;1.68225e+07;529278
433;0.18088;21.5051;63.7773;1.68225e+07;529278
434;0.180879;19.5502;57.9959;1.68225e+07;529278
435;0.180878;17.7731;52.7381;1.68225e+07;529279
436;0.180877;16.1576;47.9566;1.68225e+07;529279
437;0.180876;14.6888;43.6081;1.68225e+07;529279
438;0.180875;13.3536;39.6537;1.68225e+07;529279
439;0.180874;12.1398;36.0575;1.68225e+07;529279
440;0.180873;11.0363;32.7873;1.68225e+07;529279
441;0.180873;10.0331;29.8134;1.68225e+07;529279
442;0.180872;9.12107;27.109;1.68225e+07;529280
443;0.180872;8.29196;24.6498;1.68225e+07;529280
444;0.180871;7.53823;22.4135;1.68225e+07;529280
445;0.180871;6.853;20.38;1.68225e+07;529280
446;0.18087;6.23006;18.5308;1.68225e+07;529280
447;0.18087;5.66375;16.8494;1.68225e+07;529280
448;0.18087;5.14892;15.3204;1.68225e+07;529280
449;0.180869;4.68088;13.93;1.68225e+07;529280
450;0.180869;4.25539;12.6658;1.68225e+07;529280
451;0.180869;3.86857;11.5163;1.68225e+07;529280
452;0.180869;3.51692;10.471;1.68225e+07;529280
453;0.180869;3.19723;9.52055;1.68225e+07;529280
454;0.180868;2.9066;8.65634;1.68225e+07;529280
455;0.180868;2.64239;7.87053;1.68225e+07;529280
456;0.180868;2.4022;7.15603;1.68225e+07;529280
457;0.180868;2.18384;6.50637;1.68225e+07;529280
458;0.180868;1.98533;5.91565;1.68225e+07;529280
459;0.180868;1.80486;5.37855;1.68225e+07;529280
460;0.180868;1.6408;4.8902;1.68225e+07;529280
461;0.180867;1.49165;4.44616;1.68225e+07;529280
462;0.180867;1.35606;4.04244;1.68225e+07;529280
463;0.180867;1.2328;3.67535;1.68225e+07;529281
464;0.180867;1.12073;3.34159;1.68225e+07;529281
465;0.180867;1.01886;3.03813;1.68225e+07;529281
466;0.180867;0.926246;2.76222;1.68225e+07;529281
467;0.180867;0.84205;2.51136;1.68225e+07;529281
468;0.180867;0.765508;2.28328;1.68225e+07;529281
469;0.180867;0.695923;2.0759;1.68225e+07;529281
470;0.180867;0.632664;1.88735;1.68225e+07;529281
471;0.180867;0.575155;1.71592;1.68225e+07;529281
472;0.180867;0.522873;1.56006;1.68225e+07;529281
473;0.180867;0.475344;1.41836;1.68225e+07;529281
474;0.180867;0.432135;1.28952;1.68225e+07;529281
475;0.180867;0.392854;1.17238;1.68225e+07;529281
476;0.180867;0.357144;1.06588;1.68225e+07;529281
477;0.180867;0.324679;0.969056;1.68225e+07;529281
478;0.180867;0.295166;0.881022;1.68225e+07;529281
479;0.180867;0.268335;0.800985;1.68225e+07;529281
480;0.180867;0.243944;0.728217;1.68225e+07;529281
481;0.180867;0.221769;0.662059;1.68225e+07;529281
482;0.180867;0.20161;0.60191;1.68225e+07;529281
483;0.180867;0.183284;0.547225;1.68225e+07;529281
484;0.180867;0.166624;0.497507;1.68225e+07;529281
