187;1.4439e+07;1.7647;0.8787;0.1176;0.0037
188;1.4439e+07;3.15493;0.932525;0.220935;0.00695119
189;1.4439e+07;4.51377;1.10619;0.3306;0.0104015
190;1.4439e+07;6.05557;1.38231;0.460688;0.0144944
191;1.4439e+07;7.94449;1.76509;0.623248;0.019609
192;1.4439e+07;10.3372;2.27314;0.830823;0.0261398
193;1.4439e+07;13.4089;2.93706;1.09814;0.0345505
194;1.4439e+07;17.3731;3.79966;1.44354;0.0454176
195;1.4439e+07;22.4991;4.91798;1.89038;0.0594763
196;1.4439e+07;29.1327;6.3666;2.46874;0.0776728
197;1.4439e+07;37.7196;8.24249;3.21745;0.101229
198;1.4439e+07;48.8364;10.6714;4.18677;0.131726
199;1.44389e+07;63.2289;13.8162;5.44172;0.171211
200;1.44389e+07;81.8627;17.8878;7.06651;0.222331
201;1.44389e+07;105.988;23.1593;9.17011;0.288515
202;1.44388e+07;137.222;29.9844;11.8936;0.374205
203;1.44388e+07;177.662;38.8208;15.4198;0.485147
204;1.44387e+07;230.018;50.2612;19.9851;0.628784
205;1.44386e+07;297.804;65.0732;25.8959;0.81475
206;1.44385e+07;385.565;84.2502;33.5485;1.05552
207;1.44384e+07;499.188;109.078;43.4563;1.36725
208;1.44382e+07;646.294;141.223;56.2839;1.77084
209;1.44379e+07;836.748;182.841;72.8918;2.29336
210;1.44376e+07;1083.32;236.723;94.3939;2.96988
211;1.44372e+07;1402.55;306.483;122.233;3.84575
212;1.44366e+07;1815.84;396.798;158.275;4.97974
213;1.44359e+07;2350.9;513.727;204.938;6.44789
214;1.4435e+07;3043.58;665.108;265.353;8.34868
215;1.44339e+07;3940.31;861.092;343.569;10.8096
216;1.44323e+07;5101.16;1114.82;444.834;13.9956
217;1.44304e+07;6603.88;1443.28;575.936;18.1204
218;1.44278e+07;8549.03;1868.51;745.666;23.4606
219;1.44245e+07;11066.7;2418.96;965.403;30.3741
220;1.44203e+07;14325.2;3131.51;1249.87;39.3242
221;1.44148e+07;18542.1;4053.82;1618.14;50.9108
222;1.44076e+07;23998.4;5247.57;2094.87;65.9099
223;1.43984e+07;31057.2;6792.49;2711.98;85.3259
224;1.43864e+07;40187.1;8791.66;3510.78;110.458
225;1.4371e+07;51992.3;11378.2;4544.68;142.987
226;1.4351e+07;67251;14724.2;5882.76;185.087
227;1.43252e+07;86963.5;19051.2;7614.32;239.566
228;1.42918e+07;112414;24645.3;9854.74;310.056
229;1.42487e+07;145244;31874.2;12753;401.243
230;1.41932e+07;187550;41210.6;16501.4;519.178
231;1.41217e+07;241991;53260;21347.8;671.657
232;1.40298e+07;311921;68796.6;27611.2;868.719
233;1.39119e+07;401539;88805.1;35701.7;1123.27
234;1.37608e+07;516043;114533;46145.1;1451.85
235;1.35682e+07;661778;147548;59614.2;1875.62
236;1.33235e+07;846329;189806;76965.9;2421.55
237;1.30144e+07;1.07852e+06;243714;99287.2;3123.83
238;1.26266e+07;1.36822e+06;312189;127948;4025.57
239;1.21447e+07;1.72575e+06;398692;164661;5180.67
240;1.15527e+07;2.16087e+06;507201;211548;6655.83
241;1.08363e+07;2.68091e+06;642100;271194;8532.48
242;9.98539e+06;3.28811e+06;807909;346705;10908.2
243;8.99868e+06;3.97593e+06;1.0088e+06;441715;13897.5
244;7.88814e+06;4.72505e+06;1.24784e+06;560350;17630.1
245;6.68367e+06;5.50002e+06;1.52599e+06;707096;22247.1
246;5.43523e+06;6.24851e+06;1.84084e+06;886552;27893.2
247;4.21003e+06;6.90572e+06;2.18553e+06;1.10303e+06;34704.3
248;3.08278e+06;7.40524e+06;2.54816e+06;1.36005e+06;42790.8
249;2.11986e+06;7.69502e+06;2.9122e+06;1.65972e+06;52219
250;1.36262e+06;7.75279e+06;3.25843e+06;2.00219e+06;62994.1
251;817597;7.59308e+06;3.56791e+06;2.38538e+06;75050.3
252;459212;7.26125e+06;3.82533e+06;2.80497e+06;88251.6
253;243200;6.81722e+06;4.02137e+06;3.25483e+06;102405
254;122818;6.31791e+06;4.15326e+06;3.72774e+06;117284
255;59965.2;5.80647e+06;4.22377e+06;4.21616e+06;132651
256;28723.1;5.3099e+06;4.23923e+06;4.71288e+06;148279
257;13687;4.84227e+06;4.20768e+06;5.21141e+06;163965
258;6567.6;4.40923e+06;4.13745e+06;5.70624e+06;179533
259;3204.76;4.01179e+06;4.03638e+06;6.1928e+06;194842
260;1602.18;3.64872e+06;3.91144e+06;6.66748e+06;209776
261;824.973;3.31783e+06;3.76865e+06;7.12747e+06;224248
262;439.001;3.01662e+06;3.6131e+06;7.57066e+06;238193
263;241.894;2.74261e+06;3.44905e+06;7.99556e+06;251561
264;138.12;2.49341e+06;3.27998e+06;8.40117e+06;264322
265;81.7191;2.26682e+06;3.10877e+06;8.78689e+06;276458
266;50.0643;2.06079e+06;2.93773e+06;9.15248e+06;287961
267;31.7234;1.87349e+06;2.76871e+06;9.49796e+06;298830
268;20.7618;1.7032e+06;2.60316e+06;9.82356e+06;309075
269;14.0119;1.54838e+06;2.44222e+06;1.01297e+07;318706
270;9.73524;1.40764e+06;2.28673e+06;1.04169e+07;327743
271;6.95127;1.27969e+06;2.1373e+06;1.06858e+07;336203
272;5.0922;1.16337e+06;1.99437e+06;1.09372e+07;344111
273;3.8207;1.05762e+06;1.8582e+06;1.11717e+07;351491
274;2.93135;961481;1.72894e+06;1.13902e+07;358366
275;2.29617;874083;1.60662e+06;1.15936e+07;364763
276;1.83362;794629;1.49119e+06;1.17825e+07;370708
277;1.49064;722398;1.38254e+06;1.19579e+07;376225
278;1.23203;656732;1.2805e+06;1.21204e+07;381340
279;1.03398;597035;1.18488e+06;1.2271e+07;386078
280;0.880136;542765;1.09542e+06;1.24104e+07;390462
281;0.759029;493428;1.01188e+06;1.25392e+07;394515
282;0.662524;448575;933995;1.26582e+07;398259
283;0.584751;407800;861477;1.2768e+07;401715
284;0.521423;370731;794049;1.28693e+07;404903
285;0.46936;337032;731430;1.29627e+07;407841
286;0.426183;306395;673344;1.30487e+07;410547
287;0.390084;278544;619519;1.31279e+07;413038
288;0.359679;253225;569691;1.32008e+07;415330
289;0.333894;230206;523605;1.32678e+07;417438
290;0.311891;209281;481018;1.33293e+07;419376
291;0.293007;190257;441694;1.33859e+07;421155
292;0.276715;172963;405411;1.34379e+07;422790
293;0.26259;157240;371957;1.34855e+07;424290
294;0.250292;142947;341132;1.35293e+07;425666
295;0.23954;129953;312746;1.35694e+07;426928
296;0.230105;118141;286623;1.36062e+07;428085
297;0.221798;107402;262595;1.36399e+07;429146
298;0.214461;97638.9;240505;1.36708e+07;430117
299;0.207964;88763.5;220207;1.3699e+07;431007
300;0.202195;80694.9;201564;1.37249e+07;431822
301;0.19706;73359.7;184450;1.37486e+07;432568
302;0.192481;66691.3;168744;1.37703e+07;433250
303;0.188388;60629.1;154338;1.37902e+07;433875
304;0.184725;55117.9;141128;1.38083e+07;434446
305;0.18144;50107.7;129019;1.38249e+07;434968
306;0.17849;45552.9;117924;1.38401e+07;435445
307;0.175837;41412.2;107761;1.3854e+07;435882
308;0.17345;37647.8;98453.6;1.38666e+07;436280
309;0.171298;34225.6;89933.4;1.38782e+07;436645
310;0.169356;31114.5;82135.6;1.38888e+07;436977
311;0.167603;28286.2;75000.8;1.38985e+07;437281
312;0.166019;25715;68474.5;1.39073e+07;437559
313;0.164586;23377.5;62506;1.39153e+07;437812
314;0.163289;21252.5;57049;1.39227e+07;438043
315;0.162115;19320.6;52060.8;1.39294e+07;438254
316;0.161051;17564.4;47502.1;1.39355e+07;438447
317;0.160087;15967.8;43336.7;1.39411e+07;438623
318;0.159213;14516.3;39531.4;1.39462e+07;438783
319;0.158419;13196.8;36055.8;1.39508e+07;438929
320;0.157699;11997.2;32881.8;1.39551e+07;439063
321;0.157046;10906.7;29983.8;1.39589e+07;439184
322;0.156452;9915.24;27338.2;1.39625e+07;439295
323;0.155913;9013.94;24923.4;1.39657e+07;439397
324;0.155423;8194.58;22719.5;1.39686e+07;439489
325;0.154978;7449.69;20708.5;1.39713e+07;439573
326;0.154573;6772.51;18873.8;1.39737e+07;439649
327;0.154206;6156.89;17200;1.39759e+07;439719
328;0.153871;5597.23;15673.3;1.3978e+07;439783
329;0.153567;5088.44;14280.9;1.39798e+07;439841
330;0.153291;4625.9;13011.2;1.39815e+07;439894
331;0.153039;4205.41;11853.4;1.3983e+07;439942
332;0.152811;3823.14;10797.9;1.39844e+07;439986
333;0.152603;3475.62;9835.61;1.39857e+07;440026
334;0.152414;3159.68;8958.49;1.39868e+07;440062
335;0.152241;2872.47;8159.04;1.39879e+07;440095
336;0.152085;2611.36;7430.45;1.39889e+07;440125
337;0.151942;2373.99;6766.51;1.39897e+07;440153
338;0.151813;2158.19;6161.53;1.39905e+07;440178
339;0.151695;1962.01;5610.32;1.39912e+07;440201
340;0.151588;1783.67;5108.13;1.39919e+07;440222
341;0.15149;1621.53;4650.65;1.39925e+07;440240
342;0.151401;1474.13;4233.92;1.39931e+07;440258
343;0.15132;1340.14;3854.35;1.39936e+07;440273
344;0.151247;1218.32;3508.63;1.3994e+07;440288
345;0.15118;1107.57;3193.78;1.39944e+07;440301
346;0.151119;1006.89;2907.05;1.39948e+07;440312
347;0.151064;915.367;2645.95;1.39951e+07;440323
348;0.151013;832.16;2408.21;1.39954e+07;440333
349;0.150967;756.517;2191.74;1.39957e+07;440342
350;0.150926;687.75;1994.64;1.3996e+07;440350
351;0.150888;625.233;1815.21;1.39962e+07;440357
352;0.150853;568.4;1651.86;1.39964e+07;440364
353;0.150822;516.732;1503.16;1.39966e+07;440370
354;0.150793;469.761;1367.79;1.39968e+07;440376
355;0.150767;427.06;1244.58;1.3997e+07;440381
356;0.150744;388.24;1132.43;1.39971e+07;440385
357;0.150722;352.949;1030.36;1.39972e+07;440390
358;0.150703;320.866;937.461;1.39974e+07;440393
359;0.150685;291.699;852.914;1.39975e+07;440397
360;0.150669;265.184;775.971;1.39976e+07;440400
361;0.150654;241.079;705.951;1.39977e+07;440403
362;0.15064;219.165;642.233;1.39978e+07;440405
363;0.150628;199.243;584.252;1.39978e+07;440408
364;0.150617;181.131;531.494;1.39979e+07;440410
365;0.150607;164.667;483.488;1.3998e+07;440412
366;0.150598;149.698;439.809;1.3998e+07;440414
367;0.150589;136.091;400.068;1.39981e+07;440415
368;0.150582;123.72;363.911;1.39981e+07;440417
369;0.150575;112.474;331.014;1.39982e+07;440418
370;0.150569;102.25;301.086;1.39982e+07;440419
371;0.150563;92.9556;273.859;1.39982e+07;440421
372;0.150558;84.506;249.09;1.39983e+07;440422
373;0.150553;76.8244;226.557;1.39983e+07;440422
374;0.150549;69.8411;206.059;1.39983e+07;440423
375;0.150545;63.4925;187.412;1.39983e+07;440424
376;0.150541;57.721;170.451;1.39984e+07;440425
377;0.150538;52.4742;155.022;1.39984e+07;440425
378;0.150535;47.7043;140.988;1.39984e+07;440426
379;0.150532;43.368;128.222;1.39984e+07;440427
380;0.15053;39.4258;116.611;1.39984e+07;440427
381;0.150528;35.842;106.05;1.39984e+07;440427
382;0.150526;32.584;96.444;1.39985e+07;440428
383;0.150524;29.6221;87.7072;1.39985e+07;440428
384;0.150522;26.9295;79.761;1.39985e+07;440428
385;0.150521;24.4816;72.5339;1.39985e+07;440429
386;0.150519;22.2562;65.9609;1.39985e+07;440429
387;0.150518;20.2331;59.9829;1.39985e+07;440429
388;0.150517;18.3939;54.5462;1.39985e+07;440430
389;0.150516;16.7219;49.6017;1.39985e+07;440430
390;0.150515;15.2019;45.1051;1.39985e+07;440430
391;0.150514;13.82;41.0157;1.39985e+07;440430
392;0.150513;12.5638;37.2967;1.39985e+07;440430
393;0.150513;11.4218;33.9147;1.39985e+07;440430
394;0.150512;10.3835;30.8391;1.39985e+07;440430
395;0.150511;9.43966;28.0421;1.39986e+07;440431
396;0.150511;8.58159;25.4987;1.39986e+07;440431
397;0.15051;7.80153;23.1858;1.39986e+07;440431
398;0.15051;7.09237;21.0825;1.39986e+07;440431
399;0.15051;6.44767;19.1699;1.39986e+07;440431
400;0.150509;5.86158;17.4307;1.39986e+07;440431
401;0.150509;5.32876;15.8491;1.39986e+07;440431
402;0.150509;4.84438;14.411;1.39986e+07;440431
403;0.150508;4.40402;13.1033;1.39986e+07;440431
404;0.150508;4.0037;11.9142;1.39986e+07;440431
405;0.150508;3.63976;10.833;1.39986e+07;440431
406;0.150508;3.30891;9.84978;1.39986e+07;440431
407;0.150507;3.00813;8.95578;1.39986e+07;440431
408;0.150507;2.73469;8.14288;1.39986e+07;440431
409;0.150507;2.48611;7.40373;1.39986e+07;440431
410;0.150507;2.26012;6.73165;1.39986e+07;440431
411;0.150507;2.05467;6.12054;1.39986e+07;440431
412;0.150507;1.86791;5.56489;1.39986e+07;440432
413;0.150507;1.69811;5.05966;1.39986e+07;440432
414;0.150507;1.54375;4.60028;1.39986e+07;440432
415;0.150506;1.40343;4.1826;1.39986e+07;440432
416;0.150506;1.27586;3.80282;1.39986e+07;440432
417;0.150506;1.15988;3.45751;1.39986e+07;440432
418;0.150506;1.05445;3.14355;1.39986e+07;440432
419;0.150506;0.958598;2.85809;1.39986e+07;440432
420;0.150506;0.871462;2.59854;1.39986e+07;440432
421;0.150506;0.792246;2.36255;1.39986e+07;440432
422;0.150506;0.720231;2.14799;1.39986e+07;440432
423;0.150506;0.654762;1.95291;1.39986e+07;440432
424;0.150506;0.595244;1.77554;1.39986e+07;440432
425;0.150506;0.541136;1.61427;1.39986e+07;440432
426;0.150506;0.491947;1.46765;1.39986e+07;440432
427;0.150506;0.447229;1.33434;1.39986e+07;440432
428;0.150506;0.406576;1.21314;1.39986e+07;440432
429;0.150506;0.369618;1.10294;1.39986e+07;440432
430;0.150506;0.33602;1.00275;1.39986e+07;440432
431;0.150506;0.305476;0.911665;1.39986e+07;440432
432;0.150506;0.277708;0.828847;1.39986e+07;440432
433;0.150506;0.252464;0.753552;1.39986e+07;440432
434;0.150506;0.229515;0.685095;1.39986e+07;440432
435;0.150506;0.208652;0.622856;1.39986e+07;440432
436;0.150506;0.189686;0.56627;1.39986e+07;440432
437;0.150506;0.172444;0.514824;1.39986e+07;440432
438;0.150506;0.156768;0.468051;1.39986e+07;440432
