0;1392730000;9;0;0;0
1;1392729998;9;1;0;0
2;1392729995;11;2;0;0
3;1392729991;14;3;0;0
4;1392729985;19;4;0;0
5;1392729978;24;5;1;0
6;1392729969;31;6;2;0
7;1392729957;40;8;2;0
8;1392729941;53;11;3;0
9;1392729920;68;15;5;0
10;1392729894;88;19;7;0
11;1392729860;115;25;9;0
12;1392729815;149;32;12;0
13;1392729758;192;42;16;0
14;1392729683;249;54;21;0
15;1392729587;323;70;27;0
16;1392729462;418;91;35;1
17;1392729301;542;118;46;1
18;1392729092;702;153;60;1
19;1392728821;908;198;78;2
20;1392728470;1176;257;101;3
21;1392728017;1523;332;132;4
22;1392727429;1972;431;171;5
23;1392726669;2553;558;221;6
24;1392725684;3306;722;287;9
25;1392724409;4281;935;372;11
26;1392722758;5542;1211;482;15
27;1392720621;7176;1568;625;19
28;1392717854;9290;2030;809;25
29;1392714271;12028;2628;1048;32
30;1392709633;15573;3403;1357;42
31;1392703627;20163;4405;1757;55
32;1392695852;26105;5704;2275;71
33;1392685786;33798;7385;2946;92
34;1392672754;43759;9561;3814;120
35;1392655881;56654;12379;4939;155
36;1392634035;73349;16027;6395;201
37;1392605753;94964;20751;8280;260
38;1392569136;122948;26866;10720;337
39;1392521731;159178;34783;13879;436
40;1392460357;206082;45033;17970;565
41;1392380902;266805;58303;23266;732
42;1392278038;345415;75484;30123;947
43;1392144874;447181;97726;38999;1227
44;1391972489;578918;126520;50492;1588
45;1391749339;749445;163797;65371;2056
46;1391460488;970171;212053;84634;2662
47;1391086617;1255853;274520;109571;3447
48;1390602742;1625571;355377;141855;4463
49;1389976563;2103985;460034;183647;5778
50;1389166341;2722955;595484;237747;7480
51;1388118172;3523607;770769;307776;9683
52;1386762490;4558993;997570;398419;12535
53;1385009604;5897467;1290978;515733;16226
54;1382744017;7626974;1670462;667552;21002
55;1379817245;9860454;2161127;863998;27183
56;1376038789;12742595;2795297;1118147;35179
57;1371164922;16458160;3614530;1446874;45522
58;1364884922;21242113;4672134;1871943;58896
59;1356804507;27391620;6036312;2421386;76183
60;1346426434;35279795;7794006;3131256;98517
61;1333128688;45370608;10055526;4047831;127355
62;1316141536;58233571;12959979;5230361;164560
63;1294526191;74555484;16681365;6754455;212512
64;1267160107;95144475;21435009;8716183;274233
65;1232737430;120918520;27483575;11236940;353543
66;1189797827;152866629;35141311;14469009;455232
67;1136802562;191966317;44774247;18601627;585255
68;1072281751;239037390;56792869;23867079;750920
69;995077557;294513085;71632392;30545920;961053
70;904698017;358121385;89714623;38969889;1226093
71;801765327;428500841;111385473;49520329;1558037
72;688482029;502833413;136825141;62619261;1970163
73;568951937;576655947;165935809;78709897;2476416
74;449114489;644075370;198225821;98223949;3090379
75;336060477;698582931;232727480;121535305;3823814
76;236688696;734453523;267998825;148904057;4684906
77;156043647;748336747;302252393;180420719;5676502
78;96037809;740318775;333612988;215965600;6794836
79;55242225;713819382;360440709;255198488;8029204
80;29866414;674309012;381605433;297586315;9362834
81;15327531;627553205;396611383;342463114;10774774
82;7564804;578271346;405547009;389104613;12242236
83;3643078;529628206;408919022;436796941;13742760
84;1736667;483391413;407460348;484885818;15255761
85;830122;440357679;401975687;532803155;16763364
86;402160;400757127;393244550;580075496;18250674
87;199114;364531351;381972809;626321055;19705679
88;101361;331493204;368775407;671241057;21118978
89;53269;301408564;354175682;714609045;22483447
90;28971;274034823;338612210;756260106;23793897
91;16325;249137704;322448315;796080902;25046763
92;9533;226497879;305981951;834000823;26239821
93;5766;205912989;289454998;869984301;27371955
94;3608;187197655;273061597;904024209;28442938
95;2334;170182663;256955492;936136253;29453266
96;1557;154713835;241256395;966354219;30404001
97;1070;140650834;226055482;994725971;31296650
98;757;127865987;211420113;1021310095;32133055
99;549;116243177;197397871;1046173101;32915310
100;408;105676813;184020014;1069387091;33645682
101;311;96070888;171304409;1091027844;34326556
102;241;87338113;159258028;1111173243;34960382
103;191;79399129;147879063;1129901987;35549637
104;154;72181785;137158714;1147292565;36096789
105;127;65620488;127082686;1163422430;36604277
106;106;59655607;117632459;1178367354;37074483
107;89;54232928;108786336;1192200931;37509723
108;77;49303168;100520327;1204994204;37912232
109;67;44821520;92808869;1216815394;38284157
110;58;40747252;85625429;1227729718;38627550
111;52;37043333;78942990;1237799268;38944364
112;47;33676100;72734444;1247082964;39236453
113;42;30614947;66972914;1255636534;39505571
114;38;27832052;61631998;1263512549;39753371
115;35;25302121;56685970;1270760472;39981409
116;33;23002161;52109925;1277426742;40191147
117;30;20911267;47879887;1283554869;40383954
118;28;19010434;43972891;1289185544;40561109
119;27;17282388;40367028;1294356756;40723809
120;25;15711420;37041476;1299103919;40873167
121;24;14283253;33976513;1303459997;41010220
122;23;12984906;31153510;1307455635;41135934
123;22;11804579;28554917;1311119287;41251202
124;21;10731544;26164242;1314477346;41356855
125;20;9756047;23966017;1317554261;41453662
126;20;8869223;21945764;1320372664;41542337
127;19;8063011;20089955;1322953486;41623536
128;19;7330084;18385971;1325316065;41697869
129;18;6663780;16822057;1327478255;41765897
130;18;6058043;15387279;1329456529;41828139
131;17;5507367;14071478;1331266073;41885072
132;17;5006747;12865228;1332920879;41937136
133;17;4551634;11759789;1334433830;41984737
134;17;4137891;10747070;1335816781;42028249
135;16;3761757;9819585;1337080637;42068013
136;16;3419813;8970413;1338235420;42104345
137;16;3108953;8193163;1339290341;42137536
138;16;2826349;7481936;1340253857;42167850
139;16;2569434;6831292;1341133732;42195534
140;15;2335872;6236218;1341937092;42220809
141;15;2123542;5692096;1342670472;42243883
142;15;1930512;5194674;1343339862;42264944
143;15;1755028;4740044;1343950756;42284164
144;15;1595496;4324609;1344508185;42301703
145;15;1450466;3945064;1345016759;42317704
146;15;1318618;3598375;1345480699;42332300
147;15;1198756;3281755;1345903868;42345614
148;15;1089789;2992645;1346289802;42357757
149;15;990727;2728699;1346641737;42368830
150;15;900670;2487765;1346962632;42378926
151;15;818799;2267870;1347255193;42388131
152;14;744370;2067206;1347521895;42396522
153;14;676707;1884117;1347764998;42404170
154;14;615194;1717086;1347986571;42411142
155;14;559273;1564725;1348188500;42417495
156;14;508435;1425762;1348372512;42423284
157;14;462219;1299034;1348540181;42428560
158;14;420203;1183477;1348692948;42433366
159;14;382006;1078117;1348832125;42437745
160;14;347282;982066;1348958911;42441734
161;14;315714;894509;1349074402;42445368
162;14;287016;814704;1349179597;42448677
163;14;260926;741970;1349275406;42451692
164;14;237208;675687;1349362662;42454437
165;14;215645;615288;1349442122;42456937
166;14;196043;560256;1349514480;42459214
167;14;178223;510117;1349580367;42461287
168;14;162022;464441;1349640356;42463174
169;14;147295;422832;1349694975;42464892
170;14;133905;384931;1349744700;42466457
171;14;121733;350411;1349789968;42467881
172;14;110668;318972;1349831176;42469178
173;14;100608;290340;1349868687;42470358
174;14;91463;264267;1349902831;42471432
175;14;83149;240526;1349933909;42472410
176;14;75590;218908;1349962195;42473300
177;14;68719;199226;1349987939;42474110
178;14;62473;181306;1350011368;42474847
179;14;56794;164992;1350032689;42475518
180;14;51631;150141;1350052093;42476128
181;14;46938;136622;1350069749;42476684
182;14;42671;124317;1350085816;42477189
183;14;38792;113116;1350100436;42477649
184;14;35266;102921;1350113738;42478068
185;14;32060;93643;1350125842;42478449
186;14;29146;85198;1350136854;42478795
187;14;26497;77513;1350146874;42479110
188;14;24088;70519;1350155989;42479397
189;14;21898;64155;1350164282;42479658
190;14;19908;58363;1350171827;42479895
191;14;18098;53093;1350178691;42480111
192;14;16453;48298;1350184934;42480308
193;14;14957;43935;1350190614;42480487
194;14;13598;39966;1350195781;42480649
195;14;12362;36354;1350200481;42480797
196;14;11238;33068;1350204756;42480931
197;14;10216;30078;1350208645;42481054
198;14;9288;27358;1350212183;42481165
199;14;8443;24884;1350215400;42481266
200;14;7676;22633;1350218326;42481358
201;14;6978;20585;1350220988;42481442
202;14;6344;18723;1350223409;42481518
203;14;5767;17028;1350225611;42481588
204;14;5243;15487;1350227613;42481651
205;14;4766;14085;1350229435;42481708
206;14;4333;12810;1350231091;42481760
207;14;3939;11650;1350232598;42481807
208;14;3581;10595;1350233968;42481851
209;14;3255;9635;1350235214;42481890
210;14;2959;8762;1350236347;42481925
211;14;2690;7968;1350237377;42481958
212;14;2446;7246;1350238314;42481987
213;14;2223;6590;1350239166;42482014
214;14;2021;5992;1350239941;42482038
215;14;1837;5449;1350240646;42482061
216;14;1670;4955;1350241287;42482081
217;14;1518;4506;1350241870;42482099
218;14;1380;4097;1350242400;42482116
219;14;1255;3726;1350242882;42482131
220;14;1141;3388;1350243320;42482145
221;14;1037;3081;1350243718;42482157
222;14;943;2801;1350244081;42482169
223;14;857;2547;1350244410;42482179
224;14;779;2316;1350244710;42482189
225;14;708;2106;1350244982;42482197
226;14;644;1915;1350245230;42482205
227;14;585;1741;1350245455;42482212
228;14;532;1583;1350245660;42482218
229;14;484;1439;1350245846;42482224
230;14;440;1309;1350246016;42482230
231;14;400;1190;1350246170;42482234
232;14;363;1082;1350246310;42482239
233;14;330;984;1350246437;42482243
234;14;300;894;1350246553;42482246
235;14;273;813;1350246658;42482250
236;14;248;739;1350246754;42482253
237;14;225;672;1350246841;42482256
238;14;205;611;1350246920;42482258
239;14;186;556;1350246992;42482260
240;14;169;505;1350247057;42482262
241;14;154;459;1350247116;42482264
242;14;140;417;1350247170;42482266
243;14;127;379;1350247220;42482267
244;14;115;345;1350247264;42482269
245;14;105;314;1350247305;42482270
246;14;95;285;1350247342;42482271
247;14;87;259;1350247375;42482272
248;14;79;236;1350247406;42482273
249;14;71;214;1350247434;42482274
250;14;65;195;1350247459;42482275
251;14;59;177;1350247482;42482276
252;14;54;161;1350247503;42482276
253;14;49;146;1350247522;42482277
254;14;44;133;1350247539;42482278
255;14;40;121;1350247555;42482278
256;14;36;110;1350247569;42482278
257;14;33;100;1350247582;42482279
258;14;30;91;1350247594;42482279
259;14;27;82;1350247604;42482280
260;14;25;75;1350247614;42482280
261;14;22;68;1350247623;42482280
262;14;20;62;1350247631;42482280
263;14;18;56;1350247638;42482281
264;14;17;51;1350247645;42482281
265;14;15;46;1350247651;42482281
266;14;14;42;1350247657;42482281
267;14;12;38;1350247662;42482281
268;14;11;35;1350247666;42482282
269;14;10;31;1350247670;42482282
270;14;9;29;1350247674;42482282
271;14;8;26;1350247677;42482282
272;14;8;24;1350247680;42482282
273;14;7;21;1350247683;42482282
274;14;6;19;1350247686;42482282
275;14;6;18;1350247688;42482282
276;14;5;16;1350247690;42482282
277;14;4;14;1350247692;42482282
278;14;4;13;1350247694;42482282
279;14;4;12;1350247696;42482282
280;14;3;11;1350247697;42482283
281;14;3;10;1350247698;42482283
282;14;3;9;1350247700;42482283
283;14;2;8;1350247701;42482283
284;14;2;7;1350247702;42482283
285;14;2;6;1350247703;42482283
286;14;2;6;1350247703;42482283
287;14;1;5;1350247704;42482283
288;14;1;5;1350247705;42482283
289;14;1;4;1350247705;42482283
290;14;1;4;1350247706;42482283
291;14;1;3;1350247706;42482283
292;14;1;3;1350247707;42482283
293;14;1;3;1350247707;42482283
294;14;0;2;1350247708;42482283
295;14;0;2;1350247708;42482283
296;14;0;2;1350247708;42482283
297;14;0;2;1350247709;42482283
298;14;0;2;1350247709;42482283
299;14;0;1;1350247709;42482283
300;14;0;1;1350247709;42482283
301;14;0;1;1350247710;42482283
302;14;0;1;1350247710;42482283
303;14;0;1;1350247710;42482283
304;14;0;1;1350247710;42482283
305;14;0;1;1350247710;42482283
306;14;0;0;1350247710;42482283
