0;49648685;9;0;0;0
1;49648683;9;1;0;0
2;49648680;11;2;0;0
3;49648676;14;3;0;0
4;49648670;19;4;0;0
5;49648663;24;5;1;0
6;49648654;31;6;2;0
7;49648642;40;8;2;0
8;49648626;53;11;3;0
9;49648605;68;15;5;0
10;49648579;88;19;7;0
11;49648545;115;25;9;0
12;49648500;149;32;12;0
13;49648443;192;42;16;0
14;49648368;249;54;21;0
15;49648272;323;70;27;0
16;49648147;418;91;35;1
17;49647986;542;118;46;1
18;49647777;702;153;60;1
19;49647506;908;198;78;2
20;49647155;1176;257;101;3
21;49646702;1523;332;132;4
22;49646114;1972;431;171;5
23;49645354;2553;558;221;6
24;49644369;3306;722;287;9
25;49643094;4280;935;372;11
26;49641444;5542;1211;482;15
27;49639307;7175;1567;624;19
28;49636540;9289;2029;809;25
29;49632959;12026;2628;1048;32
30;49628322;15569;3402;1357;42
31;49622320;20156;4405;1757;55
32;49614551;26093;5702;2275;71
33;49604494;33779;7383;2946;92
34;49591476;43725;9558;3814;120
35;49574628;56599;12373;4938;155
36;49552826;73256;16017;6393;201
37;49524614;94809;20733;8277;260
38;49488117;122688;26836;10715;337
39;49440911;158741;34733;13871;436
40;49379873;205350;44950;17956;564
41;49300978;265579;58164;23242;731
42;49199053;343363;75249;30082;946
43;49067459;443744;97333;38931;1224
44;48897701;573166;125863;50378;1585
45;48678942;739824;162697;65179;2050
46;48397427;954090;210212;84312;2652
47;48035795;1228994;271440;109033;3430
48;47572314;1580760;350230;140955;4434
49;46980058;2029325;451438;182142;5730
50;46226138;2598779;581144;235231;7400
51;45271146;3317542;746880;303574;9551
52;44069105;4218018;957848;391407;12314
53;42568377;5335328;1225079;504050;15858
54;40714192;6704532;1561458;648119;20391
55;38453623;8355659;1981495;831747;26168
56;35743916;10305837;2500669;1064771;33500
57;32564740;12548212;3134139;1358849;42752
58;28933934;15038385;3894600;1727424;54349
59;24924260;17681070;4789174;2185429;68759
60;20675641;20322480;5815457;2748636;86479
61;16394466;22756341;6957355;3432534;107996
62;12331435;24750821;8181979;4250719;133738
63;8735545;26096861;9439355;5212920;164011
64;5794969;26665232;10666566;6322988;198937
65;3589087;26447245;11796581;7577376;238403
66;2076941;25555336;12769710;8964654;282051
67;1128867;24180431;13543724;10466372;329299
68;581808;22529488;14098872;12059114;379410
69;288003;20775362;14436609;13717142;431576
70;138924;19035961;14573929;15414887;484992
71;66249;17378267;14536480;17128781;538915
72;31644;15833188;14352890;18838271;592700
73;15305;14410290;14051121;20526171;645806
74;7560;13108139;13656615;22178583;697795
75;3838;11920332;13191598;23784601;748325
76;2011;10838601;12675015;25335933;797133
77;1090;9854293;12122764;26826515;844031
78;612;8959015;11548028;28252152;888885
79;356;8144897;10961627;29610200;931613
80;214;7404667;10372353;30899287;972171
81;134;6731664;9787271;32119076;1010549
82;86;6119803;9211983;33270059;1046762
83;57;5563542;8650859;34353388;1080846
84;39;5057834;8107236;35370729;1112854
85;27;4598088;7583585;36324141;1142851
86;20;4180130;7081663;37215970;1170910
87;14;3800161;6602631;38048774;1197112
88;11;3454730;6147166;38825243;1221542
89;8;3140698;5715550;39548150;1244287
90;6;2855210;5307743;40220299;1265434
91;5;2595673;4923452;40844489;1285073
92;4;2359727;4562184;41423488;1303290
93;3;2145229;4223291;41960000;1320170
94;3;1950228;3906007;42456660;1335796
95;2;1772953;3609484;42916006;1350248
96;2;1611791;3332815;43340481;1363603
97;2;1465280;3075056;43732420;1375935
98;1;1332086;2835246;44094047;1387312
99;1;1211000;2612417;44427472;1397803
100;1;1100920;2405611;44734692;1407469
101;1;1000846;2213884;45017592;1416369
102;1;909869;2036317;45277945;1424561
103;1;827162;1872018;45517416;1432095
104;1;751973;1720132;45737565;1439022
105;1;683619;1579834;45939853;1445386
106;0;621478;1450341;46125641;1451231
107;0;564986;1330907;46296202;1456598
108;0;513629;1220825;46452716;1461522
109;0;466940;1119428;46596285;1466039
110;0;424495;1026086;46727930;1470181
111;0;385908;940208;46848598;1473978
112;0;350829;861240;46959167;1477456
113;0;318939;788662;47060448;1480643
114;0;289947;721989;47153195;1483561
115;0;263591;660768;47238101;1486232
116;0;239631;604577;47315808;1488677
117;0;217848;553024;47386906;1490914
118;0;198046;505745;47451942;1492960
119;0;180043;462400;47511417;1494832
120;0;163677;422677;47565796;1496542
121;0;148799;386285;47615502;1498106
122;0;135273;352954;47660930;1499536
123;0;122977;322437;47702437;1500841
124;0;111798;294504;47740356;1502035
125;0;101636;268943;47774989;1503124
126;0;92397;245559;47806617;1504119
127;0;83998;224172;47835495;1505028
128;0;76363;204615;47861858;1505857
129;0;69421;186737;47885920;1506614
130;0;63111;170396;47907881;1507305
131;0;57374;155463;47927919;1507936
132;0;52159;141821;47946202;1508511
133;0;47417;129359;47962880;1509036
134;0;43107;117978;47978093;1509514
135;0;39189;107586;47991967;1509951
136;0;35626;98098;48004619;1510349
137;0;32388;89437;48016156;1510712
138;0;29444;81532;48026673;1511043
139;0;26767;74319;48036262;1511344
140;0;24334;67737;48045002;1511619
141;0;22122;61733;48052968;1511870
142;0;20111;56255;48060228;1512099
143;0;18283;51260;48066843;1512307
144;0;16621;46704;48072871;1512496
145;0;15110;42549;48078364;1512669
146;0;13737;38762;48083368;1512827
147;0;12488;35309;48087926;1512970
148;0;11353;32161;48092078;1513101
149;0;10321;29292;48095861;1513220
150;0;9382;26677;48099305;1513328
151;0;8530;24294;48102443;1513427
152;0;7754;22122;48105300;1513517
153;0;7049;20144;48107901;1513598
154;0;6408;18341;48110270;1513673
155;0;5826;16699;48112427;1513741
156;0;5296;15203;48114391;1513803
157;0;4815;13840;48116179;1513859
158;0;4377;12599;48117806;1513910
159;0;3979;11468;48119288;1513957
160;0;3617;10439;48120637;1513999
161;0;3289;9502;48121865;1514038
162;0;2990;8648;48122982;1514073
163;0;2718;7871;48123999;1514105
164;0;2471;7163;48124925;1514134
165;0;2246;6519;48125767;1514161
166;0;2042;5932;48126534;1514185
167;0;1856;5398;48127232;1514207
168;0;1687;4912;48127866;1514227
169;0;1534;4470;48128444;1514245
170;0;1394;4067;48128970;1514261
171;0;1268;3700;48129448;1514276
172;0;1152;3367;48129883;1514290
173;0;1048;3063;48130279;1514303
174;0;952;2787;48130640;1514314
175;0;866;2535;48130967;1514324
176;0;787;2306;48131266;1514334
177;0;715;2098;48131537;1514342
178;0;650;1909;48131784;1514350
179;0;591;1736;48132008;1514357
180;0;537;1579;48132212;1514363
181;0;488;1437;48132398;1514369
182;0;444;1307;48132567;1514375
183;0;404;1189;48132721;1514379
184;0;367;1081;48132861;1514384
185;0;334;983;48132988;1514388
186;0;303;894;48133104;1514391
187;0;276;813;48133209;1514395
188;0;250;740;48133305;1514398
189;0;228;673;48133392;1514400
190;0;207;612;48133471;1514403
191;0;188;556;48133543;1514405
192;0;171;506;48133608;1514407
193;0;155;460;48133668;1514409
194;0;141;418;48133722;1514411
195;0;128;380;48133771;1514412
196;0;117;346;48133816;1514414
197;0;106;315;48133857;1514415
198;0;96;286;48133894;1514416
199;0;87;260;48133928;1514417
200;0;79;236;48133958;1514418
201;0;72;215;48133986;1514419
202;0;66;195;48134011;1514420
203;0;60;178;48134035;1514421
204;0;54;162;48134055;1514421
205;0;49;147;48134075;1514422
206;0;45;133;48134092;1514422
207;0;41;121;48134108;1514423
208;0;37;110;48134122;1514423
209;0;33;100;48134135;1514424
210;0;30;91;48134147;1514424
211;0;28;83;48134158;1514425
212;0;25;75;48134167;1514425
213;0;23;68;48134176;1514425
214;0;21;62;48134184;1514425
215;0;19;56;48134192;1514426
216;0;17;51;48134198;1514426
217;0;15;47;48134205;1514426
218;0;14;42;48134210;1514426
219;0;13;38;48134215;1514426
220;0;11;35;48134220;1514426
221;0;10;32;48134224;1514427
222;0;9;29;48134228;1514427
223;0;8;26;48134231;1514427
224;0;8;24;48134234;1514427
225;0;7;21;48134237;1514427
226;0;6;19;48134240;1514427
227;0;6;18;48134242;1514427
228;0;5;16;48134244;1514427
229;0;5;15;48134246;1514427
230;0;4;13;48134248;1514427
231;0;4;12;48134249;1514427
232;0;3;11;48134251;1514427
233;0;3;10;48134252;1514428
234;0;3;9;48134253;1514428
235;0;2;8;48134255;1514428
236;0;2;7;48134256;1514428
237;0;2;7;48134256;1514428
238;0;2;6;48134257;1514428
239;0;1;5;48134258;1514428
240;0;1;5;48134259;1514428
241;0;1;4;48134259;1514428
242;0;1;4;48134260;1514428
243;0;1;3;48134260;1514428
244;0;1;3;48134261;1514428
245;0;1;3;48134261;1514428
246;0;0;2;48134262;1514428
247;0;0;2;48134262;1514428
248;0;0;2;48134262;1514428
249;0;0;2;48134263;1514428
250;0;0;2;48134263;1514428
251;0;0;1;48134263;1514428
252;0;0;1;48134263;1514428
253;0;0;1;48134264;1514428
254;0;0;1;48134264;1514428
255;0;0;1;48134264;1514428
256;0;0;1;48134264;1514428
257;0;0;1;48134264;1514428
258;0;0;0;48134264;1514428
