0;5293070;9;0;0;0
1;5293068;9;1;0;0
2;5293065;11;2;0;0
3;5293061;14;3;0;0
4;5293055;19;4;0;0
5;5293048;24;5;1;0
6;5293039;31;6;2;0
7;5293027;40;8;2;0
8;5293011;53;11;3;0
9;5292990;68;15;5;0
10;5292964;88;19;7;0
11;5292930;115;25;9;0
12;5292885;149;32;12;0
13;5292828;192;42;16;0
14;5292753;249;54;21;0
15;5292657;323;70;27;0
16;5292532;418;91;35;1
17;5292371;542;118;46;1
18;5292162;701;153;60;1
19;5291891;908;198;78;2
20;5291541;1176;257;101;3
21;5291087;1523;332;132;4
22;5290500;1971;430;171;5
23;5289740;2552;557;221;6
24;5288756;3304;722;287;9
25;5287482;4278;935;372;11
26;5285834;5537;1210;482;15
27;5283700;7167;1567;624;19
28;5280940;9276;2028;809;25
29;5277368;12004;2625;1047;32
30;5272748;15533;3398;1356;42
31;5266774;20095;4398;1756;55
32;5259051;25992;5691;2273;71
33;5249072;33608;7363;2942;92
34;5236185;43440;9525;3808;119
35;5219556;56121;12318;4928;155
36;5198118;72457;15925;6377;200
37;5170517;93472;20580;8250;259
38;5135038;120454;26580;10670;335
39;5089528;155014;34305;13796;434
40;5031312;199139;44235;17830;561
41;4957103;255247;56971;23032;724
42;4862934;326214;73262;29732;935
43;4744133;415362;94028;38348;1206
44;4595376;526363;120379;49406;1554
45;4410890;663002;153623;63562;1999
46;4184888;828737;195256;81629;2568
47;3912329;1025964;246903;104591;3290
48;3590077;1254956;310214;133627;4204
49;3218479;1512478;386661;170108;5352
50;2803159;1790314;477243;215579;6782
51;2356572;2074162;582093;271703;8548
52;1898496;2343696;700026;340157;10702
53;1454514;2574636;828155;422481;13292
54;1051905;2743210;961734;519872;16356
55;713577;2832180;1094434;632972;19914
56;452223;2836089;1219124;761677;23964
57;267580;2762932;1329045;905046;28475
58;148374;2630988;1418982;1061342;33392
59;77735;2462470;1486016;1228214;38642
60;38939;2277427;1529601;1402970;44141
61;18914;2090434;1551079;1582851;49800
62;9040;1910287;1552953;1765258;55539
63;4310;1741373;1538225;1947885;61285
64;2073;1585318;1509929;2128781;66976
65;1016;1442270;1470880;2306348;72563
66;511;1311673;1423565;2479324;78005
67;264;1192688;1370117;2646735;83273
68;141;1084396;1312337;2807861;88342
69;78;985887;1251722;2962192;93198
70;45;896303;1189506;3109395;97829
71;27;814848;1126693;3249280;102230
72;16;740788;1064094;3381780;106399
73;10;673457;1002357;3506917;110336
74;7;612243;941989;3624794;114045
75;4;556592;883378;3735572;117530
76;3;505999;826819;3839458;120799
77;2;460005;772521;3936692;123858
78;1;418191;720629;4027540;126716
79;1;380178;671230;4112286;129383
80;1;345620;624368;4191223;131866
81;0;314203;580049;4264649;134176
82;0;285642;538250;4332862;136323
83;0;259678;498925;4396161;138314
84;0;236073;462010;4454834;140160
85;0;214614;427427;4509167;141870
86;0;195106;395089;4559432;143451
87;0;177370;364900;4605895;144913
88;0;161247;336760;4648807;146263
89;0;146590;310569;4688410;147509
90;0;133265;286222;4724933;148658
91;0;121151;263617;4758593;149717
92;0;110138;242653;4789594;150693
93;0;100127;223230;4818130;151590
94;0;91025;205254;4844382;152416
95;0;82751;188631;4868520;153176
96;0;75229;173272;4890703;153874
97;0;68391;159093;4911080;154515
98;0;62174;146011;4929789;155103
99;0;56522;133952;4946960;155644
100;0;51384;122841;4962713;156139
101;0;46713;112611;4977159;156594
102;0;42467;103198;4990402;157010
103;0;38607;94540;5002539;157392
104;0;35097;86582;5013657;157742
105;0;31907;79270;5023839;158062
106;0;29007;72555;5033161;158356
107;0;26370;66391;5041693;158624
108;0;23973;60734;5049501;158870
109;0;21794;55546;5056643;159095
110;0;19813;50790;5063176;159300
111;0;18012;46430;5069149;159488
112;0;16374;42435;5074609;159660
113;0;14886;38776;5079599;159817
114;0;13533;35426;5084159;159960
115;0;12302;32359;5088325;160091
116;0;11184;29552;5092131;160211
117;0;10167;26984;5095606;160320
118;0;9243;24635;5098780;160420
119;0;8403;22487;5101677;160511
120;0;7639;20523;5104321;160595
121;0;6945;18728;5106735;160671
122;0;6313;17088;5108937;160740
123;0;5739;15589;5110947;160803
124;0;5218;14219;5112780;160861
125;0;4743;12969;5114452;160913
126;0;4312;11827;5115978;160961
127;0;3920;10784;5117368;161005
128;0;3564;9832;5118637;161045
129;0;3240;8964;5119793;161081
130;0;2945;8171;5120847;161115
131;0;2677;7447;5121808;161145
132;0;2434;6787;5122684;161172
133;0;2213;6185;5123482;161198
134;0;2012;5636;5124210;161220
135;0;1829;5135;5124873;161241
136;0;1662;4679;5125477;161260
137;0;1511;4262;5126027;161278
138;0;1374;3883;5126528;161293
139;0;1249;3536;5126985;161308
140;0;1135;3221;5127401;161321
141;0;1032;2933;5127780;161333
142;0;938;2671;5128125;161344
143;0;853;2433;5128439;161353
144;0;775;2215;5128725;161362
145;0;705;2017;5128986;161371
146;0;641;1836;5129223;161378
147;0;582;1672;5129439;161385
148;0;529;1522;5129636;161391
149;0;481;1385;5129815;161397
150;0;437;1261;5129978;161402
151;0;398;1148;5130126;161407
152;0;361;1045;5130261;161411
153;0;329;951;5130384;161415
154;0;299;865;5130496;161418
155;0;271;788;5130598;161421
156;0;247;717;5130690;161424
157;0;224;652;5130775;161427
158;0;204;593;5130851;161429
159;0;185;540;5130921;161432
160;0;168;491;5130985;161434
161;0;153;447;5131043;161435
162;0;139;407;5131095;161437
163;0;126;370;5131143;161439
164;0;115;337;5131187;161440
165;0;104;306;5131226;161441
166;0;95;278;5131262;161442
167;0;86;253;5131295;161443
168;0;78;230;5131325;161444
169;0;71;210;5131352;161445
170;0;65;191;5131377;161446
171;0;59;173;5131399;161447
172;0;53;158;5131420;161447
173;0;48;143;5131438;161448
174;0;44;130;5131455;161448
175;0;40;119;5131471;161449
176;0;36;108;5131485;161449
177;0;33;98;5131497;161450
178;0;30;89;5131509;161450
179;0;27;81;5131519;161450
180;0;25;74;5131529;161451
181;0;22;67;5131538;161451
182;0;20;61;5131546;161451
183;0;18;55;5131553;161451
184;0;17;50;5131559;161452
185;0;15;46;5131565;161452
186;0;14;41;5131571;161452
187;0;12;38;5131576;161452
188;0;11;34;5131580;161452
189;0;10;31;5131584;161452
190;0;9;28;5131588;161453
191;0;8;26;5131591;161453
192;0;8;23;5131594;161453
193;0;7;21;5131597;161453
194;0;6;19;5131600;161453
195;0;6;17;5131602;161453
196;0;5;16;5131604;161453
197;0;4;14;5131606;161453
198;0;4;13;5131608;161453
199;0;4;12;5131609;161453
200;0;3;11;5131611;161453
201;0;3;10;5131612;161453
202;0;3;9;5131613;161453
203;0;2;8;5131614;161453
204;0;2;7;5131615;161453
205;0;2;6;5131616;161453
206;0;2;6;5131617;161453
207;0;1;5;5131618;161453
208;0;1;5;5131619;161453
209;0;1;4;5131619;161454
210;0;1;4;5131620;161454
211;0;1;3;5131620;161454
212;0;1;3;5131621;161454
213;0;1;3;5131621;161454
214;0;0;2;5131621;161454
215;0;0;2;5131622;161454
216;0;0;2;5131622;161454
217;0;0;2;5131622;161454
218;0;0;2;5131623;161454
219;0;0;1;5131623;161454
220;0;0;1;5131623;161454
221;0;0;1;5131623;161454
222;0;0;1;5131623;161454
223;0;0;1;5131624;161454
224;0;0;1;5131624;161454
225;0;0;1;5131624;161454
226;0;0;0;5131624;161454
