0;82905782;9;0;0;0
1;82905780;9;1;0;0
2;82905777;11;2;0;0
3;82905773;14;3;0;0
4;82905767;19;4;0;0
5;82905760;24;5;1;0
6;82905751;31;6;2;0
7;82905739;40;8;2;0
8;82905723;53;11;3;0
9;82905702;68;15;5;0
10;82905676;88;19;7;0
11;82905642;115;25;9;0
12;82905597;149;32;12;0
13;82905540;192;42;16;0
14;82905465;249;54;21;0
15;82905369;323;70;27;0
16;82905244;418;91;35;1
17;82905083;542;118;46;1
18;82904874;702;153;60;1
19;82904603;908;198;78;2
20;82904252;1176;257;101;3
21;82903799;1523;332;132;4
22;82903211;1972;431;171;5
23;82902451;2553;558;221;6
24;82901466;3306;722;287;9
25;82900191;4280;935;372;11
26;82898540;5542;1211;482;15
27;82896403;7175;1567;624;19
28;82893637;9290;2030;809;25
29;82890055;12027;2628;1048;32
30;82885417;15571;3402;1357;42
31;82879414;20159;4405;1757;55
32;82871642;26098;5703;2275;71
33;82861581;33787;7384;2946;92
34;82848558;43739;9559;3814;120
35;82831699;56622;12376;4938;155
36;82809879;73295;16021;6394;201
37;82781638;94873;20740;8278;260
38;82745091;122796;26849;10717;337
39;82697802;158923;34754;13874;436
40;82636625;205654;44984;17962;565
41;82557497;266088;58222;23252;731
42;82455183;344214;75347;30099;946
43;82322939;445170;97496;38960;1225
44;82152093;575549;126136;50425;1586
45;81931520;743805;163153;65259;2053
46;81646979;960734;210974;84446;2656
47;81280313;1240069;272714;109256;3437
48;80808470;1599190;352356;141328;4446
49;80202364;2059929;454982;182765;5750
50;79425585;2649461;587040;236271;7433
51;78433033;3401177;756668;305307;9605
52;77169633;4355410;974051;394291;12405
53;75569414;5559722;1251805;508839;16009
54;73555445;7068312;1605340;656052;20641
55;71041382;8939866;2053122;844840;26580
56;67935740;11232874;2616712;1086287;34177
57;64150274;13997272;3320373;1394012;43859
58;59613979;17261214;4189964;1784488;56144
59;54293649;21012500;5250766;2277228;71647
60;48220232;25175881;6523884;2894718;91075
61;41516775;29590851;8021024;3661927;115213
62;34418654;33999163;9737882;4605199;144891
63;27271979;38055314;11647201;5750374;180921
64;20495986;41372079;13693624;7120085;224016
65;14505691;43601652;15793309;8730455;274682
66;9613101;44530851;17840971;10587749;333117
67;5947743;44148356;19724715;12685847;399129
68;3438488;42644525;21345193;15005474;472111
69;1867280;40339346;22632408;17515668;551088
70;961708;37578070;23553944;20177240;634828
71;475826;34648106;24112697;22947183;721977
72;229461;31744958;24337340;25782837;811194
73;109417;28979385;24270837;28644908;901242
74;52269;26402307;23961011;31499158;991044
75;25288;24029319;23454510;34316973;1079700
76;12496;21857845;22793743;37075224;1166482
77;6346;19877117;22015740;39755768;1250819
78;3327;18073307;21152061;42344819;1332277
79;1804;16431965;20229179;44832301;1410540
80;1014;14939090;19269045;47211253;1485388
81;590;13581550;18289673;49477293;1556683
82;356;12347222;17305699;51628158;1624355
83;222;11224993;16328880;53663308;1688386
84;143;10204720;15368539;55583585;1748803
85;95;9277159;14431944;57390925;1805666
86;65;8433895;13524643;59088122;1859065
87;46;7667273;12650745;60678620;1909106
88;33;6970331;11813165;62166347;1955914
89;24;6336736;11013831;63555576;1999622
90;18;5760733;10253862;64850802;2040373
91;14;5237087;9533720;66056657;2078313
92;11;4761038;8853331;67177822;2113587
93;9;4328262;8212200;68218974;2146345
94;7;3934825;7609499;69184728;2176730
95;6;3577150;7044142;70079606;2204885
96;5;3251988;6514851;70907997;2230948
97;4;2956383;6020205;71674143;2255053
98;4;2687649;5558690;72382120;2277328
99;3;2443342;5128728;73035822;2297895
100;3;2221242;4728713;73638960;2316872
101;2;2019332;4357031;74195057;2334368
102;2;1835775;4012080;74707444;2350489
103;2;1668903;3692287;75179264;2365334
104;2;1517200;3396116;75613477;2378995
105;1;1379287;3122080;76012861;2391561
106;1;1253909;2868749;76380017;2403112
107;1;1139929;2634750;76717382;2413727
108;1;1036310;2418775;77027229;2423475
109;1;942109;2219578;77311677;2432425
110;1;856471;2035981;77572699;2440637
111;1;778618;1866869;77812131;2448170
112;1;707842;1711195;78031675;2455078
113;1;643499;1567969;78232911;2461409
114;1;585005;1436269;78417304;2467211
115;1;531828;1315226;78586210;2472525
116;1;483485;1204033;78740880;2477391
117;1;439536;1101932;78882475;2481846
118;1;399582;1008222;79012062;2485923
119;1;363260;922246;79130629;2489654
120;1;330240;843398;79239085;2493066
121;1;300221;771113;79338269;2496187
122;1;272931;704867;79428952;2499040
123;1;248121;644176;79511844;2501648
124;1;225567;588592;79587599;2504031
125;0;205063;537699;79656818;2506209
126;0;186423;491117;79720051;2508198
127;0;169477;448490;79777806;2510016
128;0;154071;409494;79830549;2511675
129;0;140066;373827;79878705;2513190
130;0;127334;341214;79922668;2514573
131;0;115760;311399;79962794;2515836
132;0;105237;284149;79999415;2516988
133;0;95671;259248;80032831;2518039
134;0;86974;236498;80063319;2518998
135;0;79068;215716;80091131;2519874
136;0;71881;196737;80116499;2520672
137;0;65347;179407;80139636;2521400
138;0;59407;163585;80160734;2522063
139;0;54007;149142;80179971;2522669
140;0;49097;135960;80197511;2523221
141;0;44634;123931;80213500;2523724
142;0;40577;112956;80228074;2524182
143;0;36889;102943;80241358;2524600
144;0;33535;93809;80253464;2524981
145;0;30487;85478;80264496;2525328
146;0;27716;77881;80274548;2525644
147;0;25196;70953;80283707;2525932
148;0;22906;64637;80292051;2526195
149;0;20824;58879;80299653;2526434
150;0;18931;53630;80306577;2526652
151;0;17210;48845;80312884;2526850
152;0;15646;44485;80318628;2527031
153;0;14223;40511;80323859;2527196
154;0;12930;36890;80328623;2527346
155;0;11755;33590;80332962;2527482
156;0;10686;30584;80336912;2527606
157;0;9715;27846;80340509;2527720
158;0;8832;25351;80343783;2527823
159;0;8029;23079;80346765;2527916
160;0;7299;21009;80349479;2528002
161;0;6636;19124;80351950;2528080
162;0;6032;17408;80354199;2528150
163;0;5484;15844;80356246;2528215
164;0;4985;14421;80358109;2528273
165;0;4532;13125;80359805;2528327
166;0;4120;11945;80361349;2528375
167;0;3746;10870;80362754;2528419
168;0;3405;9892;80364032;2528460
169;0;3096;9002;80365195;2528496
170;0;2814;8191;80366254;2528530
171;0;2558;7453;80367217;2528560
172;0;2326;6782;80368094;2528588
173;0;2114;6171;80368892;2528613
174;0;1922;5614;80369617;2528635
175;0;1747;5108;80370278;2528656
176;0;1588;4647;80370878;2528675
177;0;1444;4228;80371425;2528692
178;0;1313;3846;80371922;2528708
179;0;1193;3499;80372375;2528722
180;0;1085;3183;80372786;2528735
181;0;986;2896;80373161;2528747
182;0;896;2634;80373501;2528758
183;0;815;2396;80373811;2528767
184;0;741;2179;80374093;2528776
185;0;673;1982;80374349;2528784
186;0;612;1803;80374582;2528792
187;0;556;1640;80374794;2528798
188;0;506;1492;80374987;2528804
189;0;460;1357;80375163;2528810
190;0;418;1234;80375322;2528815
191;0;380;1122;80375468;2528819
192;0;345;1021;80375600;2528824
193;0;314;928;80375720;2528827
194;0;285;844;80375829;2528831
195;0;259;768;80375928;2528834
196;0;236;698;80376019;2528837
197;0;214;635;80376101;2528839
198;0;195;577;80376175;2528842
199;0;177;525;80376243;2528844
200;0;161;477;80376305;2528846
201;0;146;434;80376361;2528848
202;0;133;395;80376412;2528849
203;0;121;359;80376459;2528851
204;0;110;326;80376501;2528852
205;0;100;297;80376540;2528853
206;0;91;270;80376575;2528854
207;0;82;245;80376606;2528855
208;0;75;223;80376635;2528856
209;0;68;203;80376661;2528857
210;0;62;184;80376685;2528858
211;0;56;167;80376707;2528858
212;0;51;152;80376727;2528859
213;0;46;138;80376745;2528860
214;0;42;126;80376761;2528860
215;0;38;114;80376776;2528861
216;0;35;104;80376789;2528861
217;0;31;94;80376802;2528861
218;0;29;86;80376813;2528862
219;0;26;78;80376823;2528862
220;0;23;71;80376832;2528862
221;0;21;64;80376841;2528863
222;0;19;59;80376848;2528863
223;0;18;53;80376855;2528863
224;0;16;48;80376862;2528863
225;0;14;44;80376867;2528864
226;0;13;40;80376873;2528864
227;0;12;36;80376877;2528864
228;0;11;33;80376882;2528864
229;0;10;30;80376886;2528864
230;0;9;27;80376889;2528864
231;0;8;25;80376892;2528864
232;0;7;22;80376895;2528864
233;0;6;20;80376898;2528865
234;0;6;18;80376900;2528865
235;0;5;17;80376903;2528865
236;0;5;15;80376905;2528865
237;0;4;14;80376906;2528865
238;0;4;12;80376908;2528865
239;0;3;11;80376910;2528865
240;0;3;10;80376911;2528865
241;0;3;9;80376912;2528865
242;0;2;8;80376913;2528865
243;0;2;7;80376914;2528865
244;0;2;7;80376915;2528865
245;0;2;6;80376916;2528865
246;0;2;6;80376917;2528865
247;0;1;5;80376918;2528865
248;0;1;4;80376918;2528865
249;0;1;4;80376919;2528865
250;0;1;4;80376919;2528865
251;0;1;3;80376920;2528865
252;0;1;3;80376920;2528865
253;0;1;3;80376921;2528865
254;0;0;2;80376921;2528865
255;0;0;2;80376921;2528865
256;0;0;2;80376922;2528865
257;0;0;2;80376922;2528865
258;0;0;1;80376922;2528865
259;0;0;1;80376923;2528865
260;0;0;1;80376923;2528865
261;0;0;1;80376923;2528865
262;0;0;1;80376923;2528865
263;0;0;1;80376923;2528865
264;0;0;1;80376923;2528865
265;0;0;0;80376924;2528865
