0;7061507;9;0;0;0
1;7061505;9;1;0;0
2;7061502;11;2;0;0
3;7061498;14;3;0;0
4;7061492;19;4;0;0
5;7061485;24;5;1;0
6;7061476;31;6;2;0
7;7061464;40;8;2;0
8;7061448;53;11;3;0
9;7061427;68;15;5;0
10;7061401;88;19;7;0
11;7061367;115;25;9;0
12;7061322;149;32;12;0
13;7061265;192;42;16;0
14;7061190;249;54;21;0
15;7061094;323;70;27;0
16;7060969;418;91;35;1
17;7060808;542;118;46;1
18;7060599;701;153;60;1
19;7060328;908;198;78;2
20;7059978;1176;257;101;3
21;7059524;1523;332;132;4
22;7058937;1972;430;171;5
23;7058176;2553;557;221;6
24;7057192;3305;722;287;9
25;7055918;4278;935;372;11
26;7054269;5538;1210;482;15
27;7052135;7169;1567;624;19
28;7049373;9280;2028;809;25
29;7045798;12010;2626;1047;32
30;7041174;15543;3399;1356;42
31;7035192;20112;4400;1756;55
32;7027456;26020;5694;2273;71
33;7017455;33656;7369;2943;92
34;7004532;43520;9534;3810;119
35;6987841;56254;12334;4931;155
36;6966302;72680;15951;6381;200
37;6938531;93844;20623;8257;259
38;6902770;121075;26652;10683;336
39;6856792;156047;34424;13817;434
40;6797800;200854;44433;17865;562
41;6722310;258086;57301;23091;726
42;6626038;330899;73811;29829;938
43;6503800;423058;94936;38510;1211
44;6349471;538931;121876;49674;1562
45;6156039;683374;156081;64007;2013
46;5915852;861443;199267;82362;2591
47;5621147;1077842;253401;105796;3328
48;5265014;1335999;320640;135596;4266
49;4842878;1636693;403188;173303;5452
50;4354541;1976255;503057;220718;6944
51;3806567;2344587;621678;279878;8805
52;3214442;2723589;759391;352987;11105
53;2603461;3086995;914851;442292;13915
54;2007070;3402778;1084488;549878;17300
55;1461783;3638753;1262252;677414;21313
56;999280;3770493;1439903;825855;25983
57;638374;3788661;1607981;995188;31311
58;380707;3701939;1757322;1184286;37260
59;212628;3533511;1880665;1390947;43762
60;112073;3312871;1973737;1612114;50721
61;56393;3067410;2035462;1844225;58024
62;27470;2817506;2067388;2083595;65555
63;13144;2575720;2072725;2326720;73204
64;6264;2348467;2055437;2570473;80873
65;3009;2138247;2019588;2812192;88478
66;1471;1945418;1968979;3049696;95951
67;737;1769314;1906980;3281248;103236
68;380;1608840;1836494;3505509;110292
69;203;1462774;1759971;3721481;117087
70;112;1329898;1679452;3928453;123599
71;64;1209059;1596623;4125957;129813
72;38;1099181;1512856;4313720;135720
73;23;999280;1429262;4491632;141318
74;14;908454;1346727;4659713;146606
75;9;825881;1265947;4818088;151589
76;6;750811;1187461;4966963;156273
77;4;682565;1111670;5106609;160667
78;3;620521;1038870;5237341;164780
79;2;564116;969260;5359512;168624
80;1;512839;902967;5473498;172210
81;1;466222;840054;5579687;175551
82;1;423843;780535;5678477;178659
83;0;385316;724384;5770268;181547
84;0;350290;671541;5855456;184227
85;0;318449;621924;5934429;186712
86;0;289502;575432;6007567;189013
87;0;263186;531948;6075238;191142
88;0;239263;491346;6137795;193110
89;0;217514;453495;6195578;194928
90;0;197742;418258;6248909;196606
91;0;179767;385498;6298096;198154
92;0;163426;355078;6343430;199580
93;0;148571;326862;6385188;200894
94;0;135066;300719;6423627;202103
95;0;122788;276519;6458991;203216
96;0;111627;254139;6491510;204239
97;0;101480;233459;6521397;205180
98;0;92255;214365;6548852;206043
99;0;83869;196748;6574061;206836
100;0;76245;180506;6597199;207564
101;0;69315;165542;6618426;208232
102;0;63014;151762;6637894;208845
103;0;57286;139081;6655741;209406
104;0;52079;127418;6672097;209921
105;0;47345;116696;6687082;210392
106;0;43041;106845;6700805;210824
107;0;39128;97797;6713370;211219
108;0;35572;89491;6724871;211581
109;0;32338;81869;6735395;211912
110;0;29399;74878;6745023;212215
111;0;26726;68467;6753829;212492
112;0;24297;62592;6761881;212746
113;0;22088;57208;6769242;212977
114;0;20080;52276;6775969;213189
115;0;18255;47761;6782117;213382
116;0;16596;43627;6787734;213559
117;0;15087;39843;6792864;213721
118;0;13715;36382;6797550;213868
119;0;12469;33215;6801828;214003
120;0;11335;30320;6805735;214126
121;0;10305;27672;6809300;214238
122;0;9368;25252;6812555;214340
123;0;8516;23041;6815524;214434
124;0;7742;21020;6818234;214519
125;0;7038;19174;6820706;214597
126;0;6399;17488;6822961;214668
127;0;5817;15948;6825017;214732
128;0;5288;14543;6826893;214791
129;0;4807;13259;6828603;214845
130;0;4370;12088;6830163;214894
131;0;3973;11019;6831584;214939
132;0;3612;10043;6832880;214980
133;0;3283;9153;6834061;215017
134;0;2985;8342;6835138;215051
135;0;2714;7601;6836119;215081
136;0;2467;6926;6837013;215110
137;0;2243;6310;6837827;215135
138;0;2039;5748;6838569;215159
139;0;1853;5236;6839245;215180
140;0;1685;4770;6839861;215199
141;0;1532;4344;6840422;215217
142;0;1392;3956;6840933;215233
143;0;1266;3603;6841398;215248
144;0;1151;3281;6841822;215261
145;0;1046;2988;6842208;215273
146;0;951;2720;6842560;215284
147;0;864;2477;6842880;215294
148;0;786;2255;6843171;215303
149;0;714;2053;6843436;215312
150;0;649;1869;6843678;215319
151;0;590;1701;6843897;215326
152;0;537;1548;6844098;215333
153;0;488;1409;6844280;215338
154;0;443;1283;6844445;215343
155;0;403;1167;6844596;215348
156;0;366;1062;6844734;215353
157;0;333;967;6844859;215356
158;0;303;880;6844972;215360
159;0;275;801;6845076;215363
160;0;250;728;6845170;215366
161;0;227;663;6845256;215369
162;0;207;603;6845334;215371
163;0;188;549;6845405;215374
164;0;171;499;6845469;215376
165;0;155;454;6845528;215378
166;0;141;413;6845582;215379
167;0;128;376;6845630;215381
168;0;116;342;6845675;215382
169;0;106;311;6845715;215383
170;0;96;283;6845751;215385
171;0;87;257;6845785;215386
172;0;79;234;6845815;215387
173;0;72;213;6845843;215387
174;0;65;194;6845868;215388
175;0;59;176;6845891;215389
176;0;54;160;6845911;215390
177;0;49;146;6845930;215390
178;0;45;132;6845947;215391
179;0;40;120;6845963;215391
180;0;37;109;6845977;215392
181;0;33;99;6845990;215392
182;0;30;90;6846002;215392
183;0;27;82;6846013;215393
184;0;25;75;6846022;215393
185;0;23;68;6846031;215393
186;0;21;62;6846039;215394
187;0;19;56;6846046;215394
188;0;17;51;6846053;215394
189;0;15;46;6846059;215394
190;0;14;42;6846065;215394
191;0;13;38;6846070;215395
192;0;11;35;6846074;215395
193;0;10;31;6846078;215395
194;0;9;29;6846082;215395
195;0;8;26;6846085;215395
196;0;8;24;6846089;215395
197;0;7;21;6846091;215395
198;0;6;19;6846094;215395
199;0;6;18;6846096;215395
200;0;5;16;6846098;215395
201;0;5;14;6846100;215396
202;0;4;13;6846102;215396
203;0;4;12;6846104;215396
204;0;3;11;6846105;215396
205;0;3;10;6846107;215396
206;0;3;9;6846108;215396
207;0;2;8;6846109;215396
208;0;2;7;6846110;215396
209;0;2;6;6846111;215396
210;0;2;6;6846112;215396
211;0;1;5;6846112;215396
212;0;1;5;6846113;215396
213;0;1;4;6846114;215396
214;0;1;4;6846114;215396
215;0;1;3;6846115;215396
216;0;1;3;6846115;215396
217;0;1;3;6846116;215396
218;0;0;2;6846116;215396
219;0;0;2;6846116;215396
220;0;0;2;6846117;215396
221;0;0;2;6846117;215396
222;0;0;2;6846117;215396
223;0;0;1;6846117;215396
224;0;0;1;6846118;215396
225;0;0;1;6846118;215396
226;0;0;1;6846118;215396
227;0;0;1;6846118;215396
228;0;0;1;6846118;215396
229;0;0;1;6846118;215396
230;0;0;0;6846119;215396
