0;126190788;9;0;0;0
1;126190786;9;1;0;0
2;126190783;11;2;0;0
3;126190779;14;3;0;0
4;126190773;19;4;0;0
5;126190766;24;5;1;0
6;126190757;31;6;2;0
7;126190745;40;8;2;0
8;126190729;53;11;3;0
9;126190708;68;15;5;0
10;126190682;88;19;7;0
11;126190648;115;25;9;0
12;126190603;149;32;12;0
13;126190546;192;42;16;0
14;126190471;249;54;21;0
15;126190375;323;70;27;0
16;126190250;418;91;35;1
17;126190089;542;118;46;1
18;126189880;702;153;60;1
19;126189609;908;198;78;2
20;126189258;1176;257;101;3
21;126188805;1523;332;132;4
22;126188217;1972;431;171;5
23;126187457;2553;558;221;6
24;126186472;3306;722;287;9
25;126185197;4280;935;372;11
26;126183546;5542;1211;482;15
27;126181409;7175;1568;625;19
28;126178642;9290;2030;809;25
29;126175060;12028;2628;1048;32
30;126170422;15572;3402;1357;42
31;126164418;20160;4405;1757;55
32;126156645;26101;5703;2275;71
33;126146583;33791;7384;2946;92
34;126133556;43746;9560;3814;120
35;126116692;56633;12377;4939;155
36;126094862;73315;16023;6394;201
37;126066606;94907;20744;8279;260
38;126030034;122852;26855;10718;337
39;125982703;159016;34765;13876;436
40;125921454;205810;45002;17965;565
41;125842207;266349;58252;23257;731
42;125739693;344652;75397;30107;947
43;125607114;445902;97580;38974;1226
44;125435709;576775;126276;50450;1587
45;125214199;745855;163387;65300;2054
46;124928095;964161;211367;84514;2659
47;124558820;1245794;273370;109371;3441
48;124082629;1608743;353453;141519;4452
49;123469288;2075849;456814;183085;5760
50;122680497;2675944;590097;236807;7450
51;121668060;3445138;761762;306202;9633
52;120371859;4428176;982523;395785;12452
53;118717789;5679725;1265864;511330;16087
54;116615940;7265287;1628602;660196;20771
55;113959576;9261236;2091467;851720;26797
56;110625793;11753173;2679618;1097676;34535
57;106479199;14831403;3422944;1412799;44450
58;101380484;18581944;4355915;1815338;57115
59;95202118;23071211;5516642;2327593;73232
60;87853313;28322842;6944646;2976350;93643
61;79314965;34286644;8676807;3793041;119338
62;69681797;40803156;10740966;4813433;151443
63;59202615;47573331;13147094;6076571;191184
64;48301466;54150065;15876767;7622669;239828
65;37556829;59972460;18873156;9489777;298572
66;27620971;64456822;22035339;11709260;368403
67;19084633;67134035;25221577;14300616;449934
68;12329243;67786941;28264684;17266674;543254
69;7434866;66519485;30998011;20590601;647833
70;4195310;63712419;33284573;24235967;762526
71;2230672;59885598;35038613;28150233;885679
72;1129932;55542738;36232030;32270774;1015321
73;552771;51071064;36885920;36531661;1149380
74;265016;46716459;37054018;40869445;1285858
75;126277;42608672;36805891;45226997;1422958
76;60540;38801281;36214465;49555370;1559140
77;29496;35305288;35348687;53814191;1693133
78;14717;32110817;34270142;57971197;1823923
79;7560;29199100;33032047;62001366;1950723
80;4013;26548449;31679458;65885935;2072941
81;2205;24137003;30249993;69611439;2190155
82;1256;21943899;28774723;73168838;2302080
83;741;19949713;27279049;76552746;2408547
84;452;18136572;25783530;79760762;2509479
85;286;16488125;24304602;82792905;2604878
86;186;14989453;22855224;85651126;2694805
87;125;13626973;21445427;88338901;2779370
88;87;12388320;20082788;90860883;2858718
89;62;11262247;18772844;93222619;2933024
90;45;10238525;17519437;95430305;3002484
91;34;9307854;16325011;97490591;3067306
92;26;8461778;15190871;99410412;3127708
93;20;7692608;14117394;101196859;3183914
94;16;6993354;13104212;102857065;3236149
95;13;6357661;12150367;104398120;3284634
96;10;5779752;11254439;105827003;3329591
97;9;5254375;10414655;107150525;3371232
98;7;4776753;9628980;108375289;3409766
99;6;4342547;8895192;109507657;3445393
100;5;3947811;8210942;110553731;3478306
101;5;3588955;7573811;111519338;3508686
102;4;3262720;6981344;112410019;3536709
103;4;2966139;6431088;113231025;3562540
104;3;2696517;5920619;113987321;3586335
105;3;2451404;5447561;114683586;3608242
106;3;2228572;5009605;115324219;3628398
107;2;2025995;4604517;115913348;3646933
108;2;1841832;4230152;116454840;3663970
109;2;1674410;3884457;116952306;3679621
110;2;1522206;3565476;117409118;3693994
111;2;1383837;3271352;117828418;3707186
112;2;1258047;3000328;118213129;3719290
113;2;1143690;2750745;118565968;3730391
114;2;1039729;2521041;118889455;3740569
115;1;945218;2309750;119185930;3749897
116;1;859297;2115498;119457556;3758443
117;1;781187;1936998;119706339;3766270
118;1;710177;1773050;119934130;3773437
119;1;645622;1622534;120142641;3779998
120;1;586935;1484408;120333451;3786001
121;1;533583;1357701;120508017;3791493
122;1;485080;1241515;120667683;3796517
123;1;440986;1135013;120813685;3801110
124;1;400901;1037421;120947163;3805310
125;1;364459;948024;121069163;3809148
126;1;331329;866158;121180651;3812656
127;1;301211;791211;121282511;3815861
128;1;273831;722617;121375558;3818788
129;1;248940;659855;121460538;3821462
130;1;226311;602443;121538137;3823903
131;1;205740;549938;121608984;3826133
132;1;187038;501933;121673657;3828167
133;1;170036;458050;121732684;3830024
134;1;154580;417945;121786551;3831719
135;1;140528;381299;121835701;3833266
136;1;127754;347822;121880542;3834676
137;1;116141;317244;121921446;3835963
138;1;105584;289319;121958754;3837137
139;1;95987;263823;121992778;3838208
140;1;87261;240546;122023804;3839184
141;1;79329;219300;122052092;3840074
142;1;72118;199910;122077882;3840885
143;1;65563;182216;122101391;3841625
144;1;59603;166073;122122820;3842299
145;1;54185;151346;122142350;3842914
146;1;49259;137913;122160148;3843474
147;1;44782;125662;122176367;3843984
148;1;40711;114490;122191145;3844449
149;1;37010;104303;122204609;3844872
150;1;33646;95015;122216875;3845258
151;1;30588;86548;122228049;3845610
152;1;27807;78830;122238227;3845930
153;1;25279;71796;122247498;3846222
154;1;22981;65385;122255941;3846487
155;1;20892;59543;122263630;3846729
156;1;18993;54219;122270632;3846950
157;1;17267;49369;122277009;3847150
158;1;15697;44950;122282814;3847333
159;1;14270;40924;122288101;3847499
160;1;12973;37257;122292913;3847651
161;1;11794;33917;122297295;3847789
162;1;10722;30875;122301284;3847914
163;1;9747;28105;122304915;3848028
164;1;8861;25582;122308220;3848132
165;1;8055;23284;122311228;3848227
166;1;7323;21192;122313967;3848313
167;1;6657;19287;122316459;3848392
168;1;6052;17553;122318727;3848463
169;1;5502;15974;122320791;3848528
170;1;5002;14536;122322670;3848587
171;1;4547;13228;122324379;3848641
172;1;4134;12036;122325935;3848690
173;1;3758;10952;122327350;3848734
174;1;3416;9965;122328638;3848775
175;1;3106;9067;122329810;3848812
176;1;2823;8249;122330877;3848845
177;1;2567;7505;122331847;3848876
178;1;2333;6828;122332730;3848903
179;1;2121;6212;122333533;3848929
180;1;1928;5651;122334263;3848952
181;1;1753;5141;122334928;3848973
182;1;1594;4677;122335533;3848992
183;1;1449;4254;122336083;3849009
184;1;1317;3870;122336583;3849025
185;1;1197;3520;122337038;3849039
186;1;1088;3202;122337452;3849052
187;1;989;2913;122337829;3849064
188;1;899;2649;122338171;3849075
189;1;818;2410;122338483;3849084
190;1;743;2192;122338767;3849093
191;1;676;1993;122339024;3849101
192;1;614;1813;122339259;3849109
193;1;558;1649;122339472;3849116
194;1;507;1500;122339666;3849122
195;1;461;1364;122339842;3849127
196;1;419;1240;122340003;3849132
197;1;381;1128;122340149;3849137
198;1;346;1026;122340281;3849141
199;1;315;933;122340402;3849145
200;1;286;848;122340512;3849148
201;1;260;771;122340612;3849151
202;1;237;701;122340702;3849154
203;1;215;638;122340785;3849157
204;1;195;580;122340860;3849159
205;1;178;527;122340928;3849161
206;1;161;480;122340990;3849163
207;1;147;436;122341047;3849165
208;1;133;396;122341098;3849167
209;1;121;360;122341145;3849168
210;1;110;328;122341187;3849170
211;1;100;298;122341226;3849171
212;1;91;271;122341261;3849172
213;1;83;246;122341293;3849173
214;1;75;224;122341322;3849174
215;1;68;204;122341348;3849175
216;1;62;185;122341372;3849175
217;1;56;168;122341394;3849176
218;1;51;153;122341414;3849177
219;1;46;139;122341432;3849177
220;1;42;126;122341448;3849178
221;1;38;115;122341463;3849178
222;1;35;104;122341477;3849179
223;1;32;95;122341489;3849179
224;1;29;86;122341501;3849179
225;1;26;78;122341511;3849180
226;1;24;71;122341520;3849180
227;1;21;65;122341528;3849180
228;1;19;59;122341536;3849180
229;1;18;53;122341543;3849181
230;1;16;48;122341549;3849181
231;1;14;44;122341555;3849181
232;1;13;40;122341560;3849181
233;1;12;36;122341565;3849181
234;1;11;33;122341569;3849182
235;1;10;30;122341573;3849182
236;1;9;27;122341577;3849182
237;1;8;25;122341580;3849182
238;1;7;22;122341583;3849182
239;1;6;20;122341586;3849182
240;1;6;18;122341588;3849182
241;1;5;17;122341591;3849182
242;1;5;15;122341593;3849182
243;1;4;14;122341594;3849182
244;1;4;12;122341596;3849182
245;1;3;11;122341598;3849182
246;1;3;10;122341599;3849182
247;1;3;9;122341600;3849183
248;1;2;8;122341601;3849183
249;1;2;8;122341602;3849183
250;1;2;7;122341603;3849183
251;1;2;6;122341604;3849183
252;1;2;6;122341605;3849183
253;1;1;5;122341606;3849183
254;1;1;4;122341606;3849183
255;1;1;4;122341607;3849183
256;1;1;4;122341607;3849183
257;1;1;3;122341608;3849183
258;1;1;3;122341608;3849183
259;1;1;3;122341609;3849183
260;1;0;2;122341609;3849183
261;1;0;2;122341609;3849183
262;1;0;2;122341610;3849183
263;1;0;2;122341610;3849183
264;1;0;1;122341610;3849183
265;1;0;1;122341611;3849183
266;1;0;1;122341611;3849183
267;1;0;1;122341611;3849183
268;1;0;1;122341611;3849183
269;1;0;1;122341611;3849183
270;1;0;1;122341611;3849183
271;1;0;0;122341611;3849183
