0;19466145;9;0;0;0
1;19466143;9;1;0;0
2;19466140;11;2;0;0
3;19466136;14;3;0;0
4;19466130;19;4;0;0
5;19466123;24;5;1;0
6;19466114;31;6;2;0
7;19466102;40;8;2;0
8;19466086;53;11;3;0
9;19466065;68;15;5;0
10;19466039;88;19;7;0
11;19466005;115;25;9;0
12;19465960;149;32;12;0
13;19465903;192;42;16;0
14;19465828;249;54;21;0
15;19465732;323;70;27;0
16;19465607;418;91;35;1
17;19465446;542;118;46;1
18;19465237;702;153;60;1
19;19464966;908;198;78;2
20;19464616;1176;257;101;3
21;19464162;1523;332;132;4
22;19463574;1972;431;171;5
23;19462814;2553;558;221;6
24;19461829;3306;722;287;9
25;19460555;4280;935;372;11
26;19458904;5541;1210;482;15
27;19456768;7173;1567;624;19
28;19454003;9287;2029;809;25
29;19450423;12022;2627;1048;32
30;19445790;15562;3401;1357;42
31;19439793;20145;4403;1757;55
32;19432032;26074;5700;2274;71
33;19421989;33747;7379;2945;92
34;19408996;43672;9552;3813;119
35;19392189;56510;12363;4936;155
36;19370455;73108;16000;6390;201
37;19342357;94559;20705;8272;260
38;19306051;122270;26789;10707;336
39;19259164;158042;34653;13857;435
40;19198659;204181;44816;17932;564
41;19120656;263624;57940;23203;730
42;19020220;340097;74875;30016;944
43;18891108;438295;96708;38822;1221
44;18725478;564083;124818;50195;1579
45;18513575;724711;160953;64873;2041
46;18243412;928998;207305;83801;2636
47;17900512;1187452;266605;108181;3403
48;17467798;1512227;342205;139533;4390
49;16925779;1916783;438157;179777;5656
50;16253274;2415053;559244;231304;7277
51;15428954;3019845;710936;297071;9346
52;14434083;3740211;899204;380677;11977
53;13256734;4577576;1130115;486424;15304
54;11897508;5520700;1409134;619326;19485
55;10376141;6540235;1740038;785040;24699
56;8737301;7584568;2123478;989668;31137
57;7052646;8579786;2555338;1239389;38994
58;5415596;9436933;3025278;1539897;48449
59;3926632;10068080;3516129;1895670;59642
60;2671156;10408367;4004811;2309167;72652
61;1697746;10435656;4465148;2780132;87470
62;1007419;10177383;4872126;3305234;103991
63;560071;9699607;5206262;3878196;122018
64;294065;9083918;5456436;4490452;141281
65;147542;8404713;5620299;5132129;161470
66;71739;7716527;5702545;5793077;182265
67;34302;7052532;5712258;6463696;203364
68;16351;6429408;5660437;7135458;224499
69;7862;5853463;5558259;7801125;245443
70;3850;5325396;5416122;8454776;266009
71;1933;4843234;5243225;9091712;286048
72;1000;4403917;5047472;9708316;305448
73;535;4004066;4835529;10301898;324124
74;296;3640335;4612949;10870557;342015
75;170;3309555;4384305;11413039;359083
76;101;3008785;4153327;11928634;375305
77;62;2735326;3923027;12417065;390672
78;39;2486707;3695805;12878413;405188
79;26;2260679;3473546;13313040;418862
80;17;2055192;3257700;13721529;431714
81;12;1868380;3049358;14104635;443768
82;8;1698548;2849307;14463239;455050
83;6;1544152;2658084;14798318;465593
84;4;1403790;2476022;15110908;475428
85;3;1276187;2303285;15402089;484589
86;2;1160182;2139902;15672955;493111
87;2;1054722;1985792;15924607;501029
88;1;958848;1840790;16158137;508376
89;1;871689;1704661;16374614;515187
90;1;792453;1577122;16575082;521494
91;1;720419;1457851;16760551;527330
92;0;654933;1346500;16931995;532724
93;0;595400;1242703;17090343;537706
94;0;541278;1146085;17236485;542304
95;0;492076;1056267;17371265;546544
96;0;447346;972872;17495482;550453
97;0;406682;895526;17609892;554052
98;0;369715;823866;17715206;557366
99;0;336108;757538;17812092;560414
100;0;305556;696201;17901179;563217
101;0;277781;639527;17983052;565793
102;0;252530;587203;18058261;568159
103;0;229575;538930;18127316;570332
104;0;208707;494426;18190694;572326
105;0;189735;453424;18248838;574155
106;0;172488;415670;18302161;575833
107;0;156809;380929;18351044;577371
108;0;142555;348976;18395841;578780
109;0;129597;319603;18436881;580071
110;0;117817;292616;18474466;581254
111;0;107107;267831;18508878;582337
112;0;97371;245079;18540375;583328
113;0;88520;224202;18569196;584234
114;0;80473;205053;18595563;585064
115;0;73158;187495;18619677;585823
116;0;66508;171402;18641726;586516
117;0;60463;156656;18661883;587151
118;0;54966;143150;18680306;587730
119;0;49970;130782;18697141;588260
120;0;45428;119461;18712521;588744
121;0;41298;109099;18726569;589186
122;0;37544;99620;18739399;589589
123;0;34131;90949;18751115;589958
124;0;31029;83019;18761810;590295
125;0;28208;75769;18771573;590602
126;0;25644;69143;18780484;590882
127;0;23313;63087;18788615;591138
128;0;21194;57553;18796034;591371
129;0;19267;52499;18802803;591584
130;0;17516;47882;18808977;591779
131;0;15924;43666;18814608;591956
132;0;14476;39817;18819743;592117
133;0;13160;36303;18824425;592265
134;0;11964;33096;18828694;592399
135;0;10876;30169;18832587;592521
136;0;9888;27498;18836134;592633
137;0;8989;25061;18839368;592735
138;0;8172;22838;18842315;592827
139;0;7429;20811;18845001;592912
140;0;6753;18962;18847449;592989
141;0;6140;17275;18849679;593059
142;0;5581;15738;18851710;593123
143;0;5074;14336;18853561;593181
144;0;4613;13059;18855247;593234
145;0;4193;11894;18856783;593283
146;0;3812;10832;18858182;593327
147;0;3466;9865;18859456;593367
148;0;3151;8983;18860616;593403
149;0;2864;8180;18861672;593436
150;0;2604;7448;18862634;593467
151;0;2367;6781;18863510;593494
152;0;2152;6174;18864308;593519
153;0;1956;5621;18865034;593542
154;0;1778;5117;18865695;593563
155;0;1617;4658;18866297;593582
156;0;1470;4240;18866844;593599
157;0;1336;3859;18867343;593615
158;0;1214;3512;18867797;593629
159;0;1104;3197;18868210;593642
160;0;1004;2909;18868586;593654
161;0;912;2647;18868928;593665
162;0;829;2409;18869240;593675
163;0;754;2192;18869523;593683
164;0;685;1995;18869781;593692
165;0;623;1815;18870016;593699
166;0;566;1652;18870229;593706
167;0;515;1503;18870423;593712
168;0;468;1367;18870600;593717
169;0;425;1244;18870761;593722
170;0;387;1132;18870907;593727
171;0;351;1030;18871041;593731
172;0;319;937;18871162;593735
173;0;290;852;18871272;593739
174;0;264;775;18871372;593742
175;0;240;705;18871463;593745
176;0;218;641;18871546;593747
177;0;198;583;18871622;593750
178;0;180;531;18871690;593752
179;0;164;483;18871753;593754
180;0;149;439;18871810;593755
181;0;135;399;18871861;593757
182;0;123;363;18871908;593759
183;0;112;330;18871951;593760
184;0;101;300;18871990;593761
185;0;92;273;18872025;593762
186;0;84;248;18872058;593763
187;0;76;226;18872087;593764
188;0;69;205;18872113;593765
189;0;63;187;18872138;593766
190;0;57;170;18872160;593766
191;0;52;154;18872180;593767
192;0;47;140;18872198;593768
193;0;43;128;18872214;593768
194;0;39;116;18872229;593769
195;0;35;105;18872243;593769
196;0;32;96;18872256;593769
197;0;29;87;18872267;593770
198;0;26;79;18872277;593770
199;0;24;72;18872287;593770
200;0;22;65;18872295;593771
201;0;20;59;18872303;593771
202;0;18;54;18872310;593771
203;0;16;49;18872316;593771
204;0;15;45;18872322;593772
205;0;13;40;18872327;593772
206;0;12;37;18872332;593772
207;0;11;33;18872337;593772
208;0;10;30;18872341;593772
209;0;9;27;18872344;593772
210;0;8;25;18872347;593772
211;0;7;23;18872350;593772
212;0;7;21;18872353;593773
213;0;6;19;18872356;593773
214;0;5;17;18872358;593773
215;0;5;15;18872360;593773
216;0;4;14;18872362;593773
217;0;4;13;18872363;593773
218;0;3;11;18872365;593773
219;0;3;10;18872366;593773
220;0;3;9;18872368;593773
221;0;2;8;18872369;593773
222;0;2;8;18872370;593773
223;0;2;7;18872371;593773
224;0;2;6;18872372;593773
225;0;2;6;18872373;593773
226;0;1;5;18872373;593773
227;0;1;5;18872374;593773
228;0;1;4;18872374;593773
229;0;1;4;18872375;593773
230;0;1;3;18872375;593773
231;0;1;3;18872376;593773
232;0;1;3;18872376;593773
233;0;0;2;18872377;593773
234;0;0;2;18872377;593773
235;0;0;2;18872377;593773
236;0;0;2;18872378;593773
237;0;0;1;18872378;593773
238;0;0;1;18872378;593773
239;0;0;1;18872378;593773
240;0;0;1;18872379;593773
241;0;0;1;18872379;593773
242;0;0;1;18872379;593773
243;0;0;1;18872379;593773
244;0;0;1;18872379;593773
245;0;0;0;18872379;593773
