0;652858;9;0;0;0
1;652856;9;1;0;0
2;652853;11;2;0;0
3;652849;14;3;0;0
4;652843;19;4;0;0
5;652836;24;5;1;0
6;652827;31;6;2;0
7;652815;40;8;2;0
8;652799;53;11;3;0
9;652778;68;15;5;0
10;652752;88;19;7;0
11;652718;115;25;9;0
12;652673;149;32;12;0
13;652616;192;42;16;0
14;652541;249;54;21;0
15;652445;323;70;27;0
16;652320;418;91;35;1
17;652159;541;118;46;1
18;651950;701;153;60;1
19;651680;907;198;78;2
20;651330;1175;256;101;3
21;650878;1520;332;132;4
22;650293;1967;430;171;5
23;649536;2545;557;221;6
24;648558;3292;720;287;9
25;647294;4256;932;372;11
26;645662;5502;1206;481;15
27;643556;7107;1560;623;19
28;640841;9176;2017;807;25
29;637346;11837;2606;1044;32
30;632854;15253;3366;1350;42
31;627094;19627;4344;1746;54
32;619726;25210;5601;2257;71
33;610338;32307;7213;2916;91
34;598429;41279;9275;3764;118
35;583413;52543;11902;4855;152
36;564622;66558;15235;6255;196
37;541338;83791;19437;8047;253
38;512846;104666;24696;10332;325
39;478534;129465;31214;13237;416
40;438040;158190;39196;16908;531
41;391457;190394;48821;21517;677
42;339551;224993;60206;27259;857
43;283955;260137;73355;34339;1080
44;227214;293232;88103;42965;1351
45;172568;321223;104071;53326;1677
46;123415;341176;120646;65565;2062
47;82533;351045;137025;79753;2509
48;51360;350308;152314;95868;3016
49;29695;340131;165681;113780;3579
50;15992;322915;176502;133264;4192
51;8078;301476;184445;154021;4845
52;3868;278282;189476;175711;5528
53;1779;255076;191789;197994;6229
54;796;232872;191711;220548;6939
55;351;212148;189624;243093;7648
56;154;193061;185907;265393;8349
57;68;175598;180906;287256;9037
58;30;159674;174924;308531;9707
59;14;145176;168220;329102;10354
60;6;131987;161011;348885;10976
61;3;119993;153478;367820;11572
62;1;109087;145769;385869;12140
63;0;99172;138003;403011;12679
64;0;90157;130278;419240;13190
65;0;81962;122670;434561;13672
66;0;74512;115241;448987;14126
67;0;67739;108035;462540;14552
68;0;61581;101088;475245;14952
69;0;55984;94424;487133;15326
70;0;50895;88059;498237;15675
71;0;46268;82004;508593;16001
72;0;42062;76263;518236;16305
73;0;38239;70835;527205;16587
74;0;34763;65719;535535;16849
75;0;31603;60907;543264;17092
76;0;28730;56392;550427;17317
77;0;26119;52163;557058;17526
78;0;23744;48210;563193;17719
79;0;21586;44520;568862;17897
80;0;19624;41082;574098;18062
81;0;17840;37883;578929;18214
82;0;16218;34909;583384;18354
83;0;14744;32149;587490;18483
84;0;13404;29589;591270;18602
85;0;12185;27219;594750;18712
86;0;11078;25025;597951;18813
87;0;10071;22996;600894;18905
88;0;9155;21122;603599;18990
89;0;8323;19392;606083;19068
90;0;7566;17796;608363;19140
91;0;6878;16325;610456;19206
92;0;6253;14970;612376;19266
93;0;5685;13723;614137;19322
94;0;5168;12575;615750;19373
95;0;4698;11519;617229;19419
96;0;4271;10549;618584;19462
97;0;3883;9658;619825;19501
98;0;3530;8839;620961;19537
99;0;3209;8088;622000;19569
100;0;2917;7398;622951;19599
101;0;2652;6766;623821;19627
102;0;2411;6186;624617;19652
103;0;2192;5655;625345;19674
104;0;1992;5168;626010;19695
105;0;1811;4723;626618;19715
106;0;1647;4314;627173;19732
107;0;1497;3941;627681;19748
108;0;1361;3599;628144;19763
109;0;1237;3286;628567;19776
110;0;1124;3000;628954;19788
111;0;1022;2738;629307;19799
112;0;929;2499;629629;19809
113;0;845;2280;629923;19819
114;0;768;2080;630191;19827
115;0;698;1898;630436;19835
116;0;635;1731;630659;19842
117;0;577;1579;630862;19848
118;0;524;1440;631048;19854
119;0;477;1313;631217;19859
120;0;433;1197;631372;19864
121;0;394;1091;631513;19869
122;0;358;994;631641;19873
123;0;325;906;631758;19876
124;0;296;826;631865;19880
125;0;269;753;631962;19883
126;0;244;686;632050;19885
127;0;222;625;632131;19888
128;0;202;569;632205;19890
129;0;183;518;632272;19892
130;0;167;472;632333;19894
131;0;152;430;632388;19896
132;0;138;392;632439;19898
133;0;125;357;632485;19899
134;0;114;325;632527;19900
135;0;103;296;632565;19902
136;0;94;269;632600;19903
137;0;85;245;632632;19904
138;0;78;223;632661;19905
139;0;70;203;632687;19905
140;0;64;185;632711;19906
141;0;58;168;632733;19907
142;0;53;153;632753;19908
143;0;48;139;632771;19908
144;0;44;127;632787;19909
145;0;40;115;632802;19909
146;0;36;105;632816;19910
147;0;33;95;632828;19910
148;0;30;87;632839;19910
149;0;27;79;632850;19911
150;0;24;72;632859;19911
151;0;22;65;632867;19911
152;0;20;59;632875;19911
153;0;18;54;632882;19912
154;0;16;49;632889;19912
155;0;15;45;632894;19912
156;0;14;41;632900;19912
157;0;12;37;632905;19912
158;0;11;33;632909;19912
159;0;10;30;632913;19913
160;0;9;28;632917;19913
161;0;8;25;632920;19913
162;0;7;23;632923;19913
163;0;7;21;632926;19913
164;0;6;19;632928;19913
165;0;5;17;632930;19913
166;0;5;15;632932;19913
167;0;4;14;632934;19913
168;0;4;13;632936;19913
169;0;4;11;632938;19913
170;0;3;10;632939;19913
171;0;3;9;632940;19913
172;0;3;9;632941;19913
173;0;2;8;632942;19914
174;0;2;7;632943;19914
175;0;2;6;632944;19914
176;0;2;6;632945;19914
177;0;1;5;632946;19914
178;0;1;5;632947;19914
179;0;1;4;632947;19914
180;0;1;4;632948;19914
181;0;1;3;632948;19914
182;0;1;3;632949;19914
183;0;1;3;632949;19914
184;0;0;2;632949;19914
185;0;0;2;632950;19914
186;0;0;2;632950;19914
187;0;0;2;632950;19914
188;0;0;1;632951;19914
189;0;0;1;632951;19914
190;0;0;1;632951;19914
191;0;0;1;632951;19914
192;0;0;1;632951;19914
193;0;0;1;632952;19914
194;0;0;1;632952;19914
195;0;0;1;632952;19914
196;0;0;0;632952;19914
