0;326687501;9;0;0;0
1;326687499;9;1;0;0
2;326687496;11;2;0;0
3;326687492;14;3;0;0
4;326687486;19;4;0;0
5;326687479;24;5;1;0
6;326687470;31;6;2;0
7;326687458;40;8;2;0
8;326687442;53;11;3;0
9;326687421;68;15;5;0
10;326687395;88;19;7;0
11;326687361;115;25;9;0
12;326687316;149;32;12;0
13;326687259;192;42;16;0
14;326687184;249;54;21;0
15;326687088;323;70;27;0
16;326686963;418;91;35;1
17;326686802;542;118;46;1
18;326686593;702;153;60;1
19;326686322;908;198;78;2
20;326685971;1176;257;101;3
21;326685518;1523;332;132;4
22;326684930;1972;431;171;5
23;326684170;2553;558;221;6
24;326683185;3306;722;287;9
25;326681910;4281;935;372;11
26;326680259;5542;1211;482;15
27;326678122;7175;1568;625;19
28;326675355;9290;2030;809;25
29;326671772;12028;2628;1048;32
30;326667134;15573;3402;1357;42
31;326661129;20162;4405;1757;55
32;326653355;26104;5704;2275;71
33;326643290;33796;7385;2946;92
34;326630259;43755;9561;3814;120
35;326613389;56647;12378;4939;155
36;326591549;73338;16026;6395;201
37;326563275;94946;20749;8279;260
38;326526673;122917;26862;10719;337
39;326479292;159125;34777;13878;436
40;326417959;205994;45023;17968;565
41;326338571;266656;58287;23263;731
42;326235821;345167;75455;30118;947
43;326102848;446765;97678;38991;1226
44;325930782;578220;126441;50478;1588
45;325708166;748275;163664;65348;2056
46;325420212;968211;211830;84595;2661
47;325047843;1252570;274145;109506;3445
48;324566481;1620073;354750;141745;4459
49;323944510;2094780;458983;183464;5772
50;323141328;2707546;593724;237441;7470
51;322104931;3497826;767821;307263;9667
52;320768924;4515882;992637;397558;12508
53;319048886;5825426;1282724;514293;16180
54;316838081;7506699;1656661;665141;20927
55;314002532;9659889;2138067;859964;27056
56;310375689;12408648;2756803;1111401;34967
57;305753174;15903217;3550349;1435601;45167
58;299888546;20322243;4565294;1853122;58304
59;292491735;25871762;5858816;2390001;75195
60;283232784;32778970;7499884;3078998;96873
61;271754810;41277336;9569757;3960984;124622
62;257701384;51578652;12161055;5086387;160030
63;240764280;63827256;15374419;6516528;205026
64;220756369;78033270;19311399;8324559;261912
65;197709409;93987005;24062151;10595580;333364
66;171985112;111167884;29686831;13425289;422394
67;144369484;128678350;36190979;16916460;532235
68;116099720;145251253;43497875;21172519;666142
69;88764409;159383225;51424922;26287869;827084
70;64044222;169615476;59675014;32335440;1017356
71;43334924;174906728;67854481;39353222;1238154
72;27390676;174951954;75522754;47332909;1489215
73;16165241;170274256;82264977;56214385;1768649
74;8942649;162018919;87764165;65888746;2073030
75;4676005;151558043;91845891;76209812;2397757
76;2338931;140118490;94481611;87010889;2737587
77;1135122;128585529;95757762;98121927;3087169
78;542362;117489864;95830770;109383039;3441473
79;258614;107093783;94886326;120652738;3796047
80;124501;97493071;93111440;131811370;4147126
81;61076;88694377;90679142;142761276;4491638
82;30742;80662392;87742081;153425143;4827151
83;15952;73344970;84431178;163743612;5151797
84;8560;66685304;80856734;173672718;5464192
85;4757;60627413;77110506;183181470;5763362
86;2740;55118398;73268034;192249666;6048671
87;1635;50109241;69390884;200865987;6319763
88;1010;45554936;65528699;209026355;6576509
89;645;41414357;61721012;216732530;6818965
90;425;37650012;57998818;223990921;7047333
91;289;34227762;54385948;230811582;7261929
92;202;31116545;50900236;237207369;7463157
93;145;28288108;47554531;243193237;7651487
94;107;25716757;44357555;248785650;7827439
95;80;23379130;41314637;254002098;7991562
96;62;21253986;38428335;258860700;8144426
97;49;19322012;35698965;263379872;8286611
98;39;17565651;33125051;267578070;8418697
99;32;15968940;30703700;271473577;8541260
100;26;14517369;28430918;275084332;8654864
101;22;13197744;26301876;278427808;8760058
102;19;11998073;24311134;281520908;8857375
103;16;10907450;22452818;284379898;8947326
104;14;9915965;20720778;287020349;9030402
105;12;9014605;19108709;289457113;9107069
106;11;8195179;17610250;291704297;9177771
107;10;7450238;16219069;293775263;9242929
108;9;6773013;14928922;295682625;9302939
109;8;6157347;13733711;297438267;9358176
110;7;5597644;12627515;299053351;9408991
111;7;5088819;11604623;300538347;9455713
112;6;4626246;10659556;301903051;9498650
113;6;4205720;9787077;303156614;9538090
114;6;3823421;8982205;304307575;9574302
115;5;3475872;8240212;305363882;9607537
116;5;3159916;7556631;306332931;9638025
117;5;2872679;6927248;307221591;9665985
118;5;2611553;6348100;308036235;9691616
119;4;2374163;5815465;308782772;9715104
120;4;2158352;5325861;309466671;9736621
121;4;1962158;4876028;310092992;9756327
122;4;1783798;4462926;310666413;9774368
123;4;1621650;4083720;311191253;9790881
124;4;1474242;3735773;311671499;9805991
125;4;1340234;3416632;312110826;9819813
126;4;1218407;3124022;312512622;9832454
127;4;1107653;2855831;312880007;9844013
128;4;1006968;2610105;313215853;9854580
129;3;915434;2385032;313522801;9864237
130;3;832221;2178941;313803281;9873062
131;3;756573;1990284;314059524;9881124
132;3;687800;1817635;314293582;9888488
133;3;625279;1659677;314507336;9895213
134;3;568441;1515196;314702514;9901354
135;3;516770;1383074;314880701;9906960
136;3;469795;1262282;315043351;9912078
137;3;427091;1151871;315191795;9916748
138;3;388268;1050972;315327255;9921010
139;3;352975;958783;315450849;9924899
140;3;320889;874568;315563602;9928446
141;3;291721;797651;315666451;9931682
142;3;265203;727414;315760255;9934633
143;3;241096;663285;315845799;9937325
144;3;219180;604744;315923802;9939779
145;3;199257;551312;315994920;9942017
146;3;181144;502551;316059754;9944056
147;3;164678;458057;316118854;9945916
148;3;149709;417464;316172722;9947611
149;3;136100;380434;316221815;9949155
150;3;123729;346659;316266555;9950563
151;3;112482;315856;316307322;9951846
152;3;102257;287768;316344467;9953014
153;3;92962;262157;316378308;9954079
154;3;84512;238807;316409138;9955049
155;3;76830;217522;316437222;9955933
156;3;69846;198120;316462802;9956737
157;3;63497;180437;316486101;9957470
158;3;57725;164322;316507321;9958138
159;3;52478;149637;316526645;9958746
160;3;47707;136256;316544242;9959300
161;3;43371;124065;316560266;9959804
162;3;39428;112958;316574856;9960263
163;3;35844;102840;316588140;9960681
164;3;32586;93624;316600234;9961061
165;3;29624;85230;316611245;9961408
166;3;26931;77584;316621268;9961723
167;3;24483;70621;316630392;9962010
168;3;22257;64280;316638697;9962271
169;3;20234;58506;316646256;9962509
170;3;18395;53249;316653136;9962726
171;3;16723;48462;316659399;9962923
172;3;15203;44103;316665098;9963102
173;3;13821;40135;316670284;9963265
174;3;12564;36523;316675004;9963414
175;3;11422;33235;316679299;9963549
176;3;10384;30242;316683208;9963672
177;3;9440;27517;316686764;9963784
178;3;8582;25038;316690001;9963886
179;3;7802;22781;316692945;9963978
180;3;7092;20727;316695624;9964063
181;3;6448;18857;316698062;9964139
182;3;5862;17156;316700279;9964209
183;3;5329;15608;316702297;9964272
184;3;4844;14199;316704132;9964330
185;3;4404;12917;316705802;9964383
186;3;4003;11750;316707321;9964431
187;3;3640;10689;316708703;9964474
188;3;3309;9723;316709960;9964514
189;3;3008;8844;316711104;9964550
190;3;2734;8045;316712144;9964582
191;3;2486;7318;316713090;9964612
192;3;2260;6656;316713951;9964639
193;3;2054;6054;316714733;9964664
194;3;1868;5506;316715446;9964686
195;3;1698;5008;316716093;9964707
196;3;1543;4555;316716682;9964725
197;3;1403;4143;316717218;9964742
198;3;1275;3768;316717705;9964757
199;3;1159;3427;316718148;9964771
200;3;1054;3116;316718551;9964784
201;3;958;2834;316718918;9964795
202;3;871;2577;316719251;9964806
203;3;792;2344;316719554;9964815
204;3;720;2132;316719830;9964824
205;3;654;1938;316720081;9964832
206;3;595;1763;316720309;9964839
207;3;541;1603;316720516;9964846
208;3;491;1458;316720705;9964852
209;3;447;1326;316720876;9964857
210;3;406;1205;316721032;9964862
211;3;369;1096;316721174;9964866
212;3;336;997;316721303;9964870
213;3;305;906;316721420;9964874
214;3;277;824;316721527;9964877
215;3;252;749;316721624;9964881
216;3;229;681;316721712;9964883
217;3;208;619;316721792;9964886
218;3;189;563;316721865;9964888
219;3;172;512;316721931;9964890
220;3;156;466;316721992;9964892
221;3;142;423;316722046;9964894
222;3;129;385;316722096;9964895
223;3;117;350;316722142;9964897
224;3;107;318;316722183;9964898
225;3;97;289;316722220;9964899
226;3;88;263;316722254;9964900
227;3;80;239;316722285;9964901
228;3;73;217;316722313;9964902
229;3;66;197;316722339;9964903
230;3;60;180;316722362;9964904
231;3;54;163;316722384;9964904
232;3;49;148;316722403;9964905
233;3;45;135;316722420;9964906
234;3;41;123;316722436;9964906
235;3;37;111;316722451;9964907
236;3;34;101;316722464;9964907
237;3;31;92;316722476;9964907
238;3;28;84;316722487;9964908
239;3;25;76;316722497;9964908
240;3;23;69;316722506;9964908
241;3;21;63;316722514;9964909
242;3;19;57;316722521;9964909
243;3;17;52;316722528;9964909
244;3;15;47;316722534;9964909
245;3;14;43;316722540;9964909
246;3;13;39;316722545;9964910
247;3;11;35;316722549;9964910
248;3;10;32;316722553;9964910
249;3;9;29;316722557;9964910
250;3;8;26;316722561;9964910
251;3;8;24;316722564;9964910
252;3;7;22;316722567;9964910
253;3;6;20;316722569;9964910
254;3;6;18;316722572;9964910
255;3;5;16;316722574;9964910
256;3;5;15;316722576;9964910
257;3;4;13;316722578;9964911
258;3;4;12;316722579;9964911
259;3;3;11;316722581;9964911
260;3;3;10;316722582;9964911
261;3;3;9;316722583;9964911
262;3;2;8;316722584;9964911
263;3;2;7;316722585;9964911
264;3;2;7;316722586;9964911
265;3;2;6;316722587;9964911
266;3;1;5;316722588;9964911
267;3;1;5;316722589;9964911
268;3;1;4;316722589;9964911
269;3;1;4;316722590;9964911
270;3;1;3;316722590;9964911
271;3;1;3;316722591;9964911
272;3;1;3;316722591;9964911
273;3;1;2;316722592;9964911
274;3;0;2;316722592;9964911
275;3;0;2;316722592;9964911
276;3;0;2;316722593;9964911
277;3;0;2;316722593;9964911
278;3;0;1;316722593;9964911
279;3;0;1;316722593;9964911
280;3;0;1;316722593;9964911
281;3;0;1;316722594;9964911
282;3;0;1;316722594;9964911
283;3;0;1;316722594;9964911
284;3;0;1;316722594;9964911
285;3;0;0;316722594;9964911
